File Version,253.000000
# of Channels,2.000000
Samples/Channel,10510.000000
Scan Rate (Hz),10000.000000
Timestamp,3798030659.262855
Operating Mode,1.000000
Trial #,13.000000
Session #,51.000000
Subject code 1,67.000000
Subject code 2,48.000000
Feedback Window,0.000000
Feedback Ch,0.000000
Ch B,0.000000
Pre-Stim Acq. time (ms),1.000000
Post-Stim Acq. time (ms),1000.000000
EMG Hi Limit,50.000000
EMG Lo Limit,0.003000
Target Value (V),20.000000
Stimulus Value (V),0.767043
Stimulus duration (ms),0.100000
EMG conditions time limit (sec),0.200000
M-response Start (ms),0.000000
M-response Duration (ms),4.000000
H-response Duration (ms),6.000000
H-response Start (ms),4.000000
Proportioanl gain,0.003000
Channel to monitor,0.000000
SIU gain,20.000000
FB Monitor value,0.983451
Inter-Stim delay (sec),3.000000
M-Window Mean,1.122776
H-Window Mean,0.118623
Stimulus paradigm,2.000000
# of Pulses in cond train,1.000000
Cond duration (ms),0.100000
Cond Train pulse period (ms),50.000000
Cond Value (V),0.767043
Start Delay (ms),0.000000
# of Pulses in stim train,1.000000
Stim Train pulse period (ms),50.000000
EMG amp gain ch 1,1000.000000
EMG amp gain ch 2,1000.000000
EMG amp gain ch 3,500.000000
EMG amp gain ch 4,500.000000
EMG amp gain ch 5,500.000000
EMG amp gain ch 6,500.000000
Stim Type 1,2.000000
Stim/Cond 1,0.000000
Stim Type 2,3.000000
Stim/Cond 2,0.000000
Stim Type 3,3.000000
Stim/Cond 3,0.000000
Stim Type 4,3.000000
Stim/Cond 4,0.000000
Stim Value 1,0.767043
Stim Value 2,0.000000
Stim Value 3,0.000000
Stim Value 4,0.000000
1st PP Channel,-1.000000
Pressure (g),0.000000
Speed (mm/sec),0.000000
Dwell (ms),0.000000
Pressure limit (g),0.000000
Travel limit (mm),0.000000
Amp gain,0.000000
Wait Trig?,0.000000
Move Timeout (ms),0.000000
Time Taken (ms),0.000000
Actual Travel (mm),0.000000
Recorded Data (mV),
0.123,0.215
0.137,0.212
0.123,0.220
0.120,0.227
0.121,0.240
0.120,0.260
0.124,0.282
0.114,0.302
0.119,0.327
0.120,0.335
0.119,0.354
0.813,0.368
0.182,0.374
0.093,0.367
0.031,0.362
0.030,0.363
0.014,0.368
0.027,0.370
0.035,0.368
0.027,0.377
0.004,0.394
-0.136,0.422
-0.225,0.483
-0.057,0.567
0.712,0.648
2.270,0.722
3.780,0.768
4.832,0.747
4.910,0.658
4.077,0.523
2.493,0.355
0.826,0.211
-0.666,0.138
-1.806,0.150
-2.430,0.197
-2.525,0.242
-2.280,0.274
-1.866,0.299
-1.465,0.315
-1.108,0.332
-0.840,0.342
-0.628,0.350
-0.489,0.353
-0.378,0.353
-0.290,0.352
-0.227,0.350
-0.186,0.341
-0.141,0.332
-0.124,0.315
-0.084,0.312
-0.080,0.306
-0.061,0.295
-0.058,0.289
-0.045,0.280
-0.040,0.267
-0.035,0.257
-0.025,0.241
-0.029,0.228
-0.022,0.212
-0.040,0.197
-0.030,0.175
-0.031,0.149
-0.042,0.128
-0.055,0.098
-0.049,0.082
-0.070,0.068
-0.078,0.054
-0.094,0.049
-0.098,0.046
-0.109,0.034
-0.119,0.026
-0.149,0.022
-0.160,0.014
-0.187,-0.013
-0.189,-0.036
-0.188,-0.057
-0.177,-0.084
-0.168,-0.107
-0.113,-0.133
-0.024,-0.145
0.010,-0.152
0.042,-0.169
0.089,-0.175
0.118,-0.178
0.139,-0.175
0.139,-0.172
0.122,-0.176
0.120,-0.191
0.155,-0.206
0.159,-0.225
0.166,-0.250
0.165,-0.268
0.159,-0.286
0.154,-0.295
0.138,-0.303
0.143,-0.313
0.112,-0.317
0.100,-0.314
0.092,-0.311
0.096,-0.310
0.096,-0.307
0.096,-0.319
0.098,-0.330
0.094,-0.344
0.086,-0.348
0.097,-0.351
0.094,-0.359
0.090,-0.364
0.104,-0.354
0.096,-0.349
0.114,-0.339
0.105,-0.335
0.105,-0.323
0.107,-0.315
0.109,-0.305
0.120,-0.308
0.105,-0.300
0.113,-0.297
0.122,-0.296
0.107,-0.291
0.100,-0.278
0.077,-0.272
0.060,-0.267
0.054,-0.267
0.046,-0.262
0.042,-0.259
0.044,-0.255
0.061,-0.243
0.079,-0.242
0.066,-0.234
0.090,-0.224
0.083,-0.217
0.107,-0.210
0.122,-0.208
0.159,-0.200
0.180,-0.191
0.174,-0.186
0.165,-0.173
0.149,-0.171
0.138,-0.156
0.136,-0.143
0.135,-0.123
0.132,-0.111
0.135,-0.094
0.148,-0.072
0.164,-0.047
0.152,-0.027
0.136,-0.013
0.118,0.004
0.101,0.017
0.118,0.027
0.125,0.031
0.132,0.039
0.131,0.044
0.122,0.048
0.122,0.061
0.132,0.073
0.142,0.095
0.125,0.113
0.140,0.128
0.125,0.149
0.117,0.167
0.102,0.183
0.100,0.197
0.112,0.200
0.108,0.205
0.103,0.206
0.094,0.212
0.083,0.218
0.080,0.223
0.080,0.232
0.079,0.242
0.101,0.256
0.094,0.276
0.120,0.294
0.145,0.313
0.142,0.333
0.164,0.341
0.166,0.347
0.140,0.350
0.130,0.353
0.111,0.347
0.091,0.348
0.095,0.352
0.082,0.353
0.070,0.362
0.070,0.377
0.073,0.394
0.073,0.408
0.075,0.431
0.070,0.435
0.058,0.444
0.071,0.450
0.063,0.453
0.060,0.451
0.046,0.445
0.021,0.441
0.037,0.433
0.022,0.428
0.020,0.423
0.026,0.416
0.026,0.416
0.016,0.413
0.015,0.405
0.037,0.399
0.017,0.397
0.012,0.387
0.022,0.383
0.010,0.377
0.012,0.366
0.010,0.356
-0.004,0.352
0.011,0.348
0.015,0.343
0.040,0.336
0.038,0.322
0.046,0.314
0.042,0.298
0.048,0.290
0.052,0.282
0.058,0.271
0.054,0.260
0.039,0.248
0.032,0.234
0.027,0.225
0.025,0.205
0.013,0.189
0.013,0.165
0.015,0.136
0.019,0.114
0.008,0.092
0.015,0.071
0.016,0.048
0.021,0.035
0.008,0.024
0.019,0.023
0.022,0.018
0.013,0.003
0.022,-0.011
0.027,-0.024
0.024,-0.037
0.031,-0.058
0.036,-0.077
0.034,-0.098
0.044,-0.115
0.036,-0.130
0.043,-0.138
0.040,-0.144
0.057,-0.145
0.050,-0.155
0.052,-0.158
0.047,-0.165
0.052,-0.168
0.055,-0.176
0.060,-0.192
0.058,-0.200
0.050,-0.221
0.045,-0.245
0.058,-0.270
0.064,-0.285
0.052,-0.300
0.060,-0.303
0.065,-0.310
0.076,-0.307
0.069,-0.304
0.083,-0.299
0.080,-0.304
0.071,-0.311
0.081,-0.320
0.085,-0.326
0.080,-0.340
0.086,-0.349
0.085,-0.353
0.088,-0.352
0.098,-0.351
0.096,-0.350
0.102,-0.341
0.106,-0.334
0.114,-0.328
0.121,-0.319
0.120,-0.306
0.100,-0.299
0.115,-0.292
0.114,-0.286
0.106,-0.284
0.119,-0.288
0.116,-0.284
0.100,-0.281
0.111,-0.275
0.102,-0.275
0.111,-0.269
0.103,-0.264
0.109,-0.262
0.113,-0.256
0.121,-0.244
0.144,-0.233
0.153,-0.227
0.166,-0.213
0.160,-0.212
0.159,-0.208
0.143,-0.202
0.148,-0.201
0.121,-0.187
0.093,-0.179
0.075,-0.167
0.071,-0.156
0.074,-0.143
0.077,-0.135
0.087,-0.124
0.104,-0.105
0.102,-0.087
0.143,-0.067
0.159,-0.043
0.155,-0.023
0.145,-0.007
0.139,0.008
0.141,0.018
0.115,0.021
0.142,0.027
0.158,0.028
0.179,0.033
0.187,0.041
0.206,0.062
0.180,0.088
0.155,0.111
0.109,0.134
0.116,0.153
0.111,0.167
0.119,0.183
0.121,0.186
0.105,0.197
0.102,0.206
0.095,0.211
0.073,0.212
0.092,0.216
0.085,0.220
0.106,0.225
0.103,0.240
0.097,0.248
0.089,0.271
0.085,0.291
0.079,0.301
0.104,0.325
0.113,0.336
0.137,0.352
0.119,0.357
0.081,0.357
0.056,0.356
0.020,0.353
0.029,0.346
0.033,0.355
0.046,0.365
0.068,0.366
0.098,0.381
0.113,0.394
0.142,0.408
0.147,0.422
0.152,0.431
0.161,0.440
0.132,0.439
0.118,0.437
0.139,0.437
0.129,0.435
0.107,0.426
0.070,0.422
0.013,0.419
-0.045,0.417
-0.046,0.410
-0.014,0.408
0.036,0.401
0.056,0.399
0.063,0.397
0.069,0.395
0.069,0.386
0.064,0.380
0.050,0.371
0.055,0.364
0.040,0.355
0.033,0.346
0.034,0.334
0.021,0.317
0.012,0.309
0.017,0.294
0.021,0.283
0.009,0.287
0.023,0.275
0.025,0.274
0.026,0.265
0.025,0.255
0.039,0.246
0.035,0.240
0.045,0.224
0.033,0.209
0.039,0.192
0.032,0.168
0.028,0.136
0.037,0.104
0.017,0.083
0.023,0.054
0.000,0.032
0.010,0.017
-0.014,0.007
-0.016,0.006
-0.028,0.010
-0.030,0.008
-0.035,0.007
-0.027,-0.002
-0.037,-0.018
-0.025,-0.043
-0.017,-0.067
-0.012,-0.087
-0.018,-0.108
-0.010,-0.125
-0.006,-0.135
0.014,-0.151
0.027,-0.157
0.051,-0.172
0.058,-0.172
0.054,-0.177
0.066,-0.176
0.101,-0.172
0.089,-0.187
0.103,-0.199
0.119,-0.216
0.094,-0.241
0.099,-0.266
0.095,-0.283
0.075,-0.294
0.081,-0.298
0.092,-0.297
0.079,-0.301
0.081,-0.295
0.078,-0.303
0.079,-0.308
0.056,-0.310
0.067,-0.318
0.063,-0.332
0.071,-0.346
0.074,-0.348
0.100,-0.350
0.122,-0.349
0.150,-0.354
0.167,-0.349
0.187,-0.343
0.168,-0.337
0.130,-0.327
0.084,-0.328
0.070,-0.312
0.046,-0.315
0.051,-0.311
0.062,-0.302
0.082,-0.304
0.119,-0.292
0.118,-0.290
0.121,-0.274
0.107,-0.264
0.113,-0.254
0.101,-0.254
0.109,-0.253
0.109,-0.249
0.139,-0.248
0.158,-0.242
0.157,-0.233
0.161,-0.222
0.158,-0.221
0.145,-0.217
0.138,-0.210
0.140,-0.210
0.138,-0.205
0.145,-0.185
0.136,-0.180
0.133,-0.176
0.119,-0.165
0.117,-0.160
0.132,-0.141
0.125,-0.118
0.117,-0.091
0.124,-0.072
0.136,-0.052
0.132,-0.032
0.137,-0.014
0.131,0.007
0.127,0.023
0.125,0.031
0.129,0.045
0.118,0.051
0.120,0.059
0.111,0.062
0.120,0.071
0.129,0.078
0.118,0.093
0.119,0.115
0.119,0.133
0.124,0.145
0.132,0.160
0.119,0.176
0.121,0.193
0.137,0.199
0.135,0.213
0.131,0.215
0.131,0.225
0.111,0.220
0.091,0.227
0.094,0.239
0.088,0.246
0.080,0.259
0.078,0.276
0.081,0.301
0.087,0.324
0.112,0.347
0.114,0.357
0.105,0.364
0.092,0.361
0.076,0.356
0.088,0.353
0.080,0.354
0.081,0.350
0.076,0.361
0.081,0.368
0.096,0.375
0.116,0.392
0.133,0.414
0.113,0.430
0.106,0.441
0.093,0.446
0.086,0.443
0.092,0.445
0.085,0.450
0.066,0.450
0.062,0.439
0.066,0.435
0.049,0.427
0.040,0.423
0.045,0.420
0.031,0.416
0.033,0.409
0.028,0.406
0.023,0.401
0.021,0.397
0.012,0.390
0.014,0.393
0.021,0.384
0.019,0.376
0.012,0.374
0.012,0.373
0.009,0.363
0.024,0.351
0.022,0.336
0.050,0.321
0.049,0.308
0.044,0.297
0.035,0.296
0.024,0.280
0.021,0.270
0.032,0.259
0.021,0.249
0.025,0.237
0.032,0.225
0.028,0.208
0.044,0.190
0.036,0.167
0.024,0.145
0.027,0.118
0.017,0.101
0.032,0.082
0.013,0.060
0.025,0.048
0.015,0.044
0.018,0.032
0.032,0.023
0.018,0.020
0.019,0.006
0.019,-0.007
0.028,-0.020
0.016,-0.043
0.022,-0.056
0.020,-0.074
0.032,-0.094
0.031,-0.106
0.029,-0.118
0.029,-0.127
0.040,-0.137
0.044,-0.136
0.031,-0.148
0.041,-0.148
0.049,-0.153
0.055,-0.168
0.045,-0.184
0.048,-0.197
0.067,-0.218
0.050,-0.237
0.067,-0.261
0.058,-0.276
0.052,-0.292
0.059,-0.301
0.058,-0.304
0.066,-0.305
0.072,-0.303
0.072,-0.305
0.088,-0.302
0.073,-0.306
0.072,-0.318
0.078,-0.326
0.078,-0.334
0.086,-0.343
0.086,-0.348
0.096,-0.346
0.087,-0.348
0.093,-0.346
0.105,-0.345
0.108,-0.337
0.106,-0.332
0.112,-0.332
0.122,-0.329
0.122,-0.325
0.130,-0.320
0.126,-0.317
0.136,-0.309
0.117,-0.306
0.117,-0.301
0.129,-0.296
0.129,-0.287
0.140,-0.279
0.133,-0.275
0.121,-0.268
0.134,-0.263
0.129,-0.255
0.127,-0.252
0.141,-0.250
0.133,-0.242
0.139,-0.229
0.141,-0.217
0.120,-0.215
0.132,-0.211
0.127,-0.210
0.135,-0.196
0.152,-0.189
0.133,-0.176
0.132,-0.170
0.135,-0.161
0.141,-0.157
0.132,-0.147
0.141,-0.136
0.141,-0.113
0.137,-0.078
0.142,-0.051
0.143,-0.031
0.129,-0.009
0.113,0.007
0.108,0.018
0.110,0.034
0.120,0.041
0.112,0.053
0.119,0.064
0.120,0.069
0.106,0.077
0.118,0.090
0.119,0.106
0.118,0.119
0.120,0.135
0.112,0.150
0.109,0.161
0.113,0.174
0.111,0.179
0.107,0.189
0.112,0.194
0.122,0.200
0.147,0.205
0.163,0.212
0.166,0.215
0.158,0.222
0.147,0.236
0.137,0.254
0.146,0.272
0.140,0.288
0.138,0.307
0.130,0.322
0.127,0.336
0.118,0.346
0.111,0.346
0.110,0.347
0.123,0.354
0.101,0.353
0.100,0.349
0.097,0.354
0.103,0.362
0.076,0.371
0.084,0.389
0.091,0.409
0.088,0.425
0.070,0.436
0.079,0.449
0.079,0.444
0.078,0.445
0.083,0.442
0.068,0.440
0.051,0.436
0.049,0.428
0.034,0.421
0.034,0.414
0.044,0.409
0.037,0.409
0.030,0.407
0.020,0.400
0.022,0.398
0.036,0.393
0.030,0.382
0.017,0.388
0.030,0.377
0.022,0.379
0.025,0.375
0.023,0.367
0.006,0.359
0.006,0.347
-0.004,0.325
0.016,0.314
0.034,0.307
0.029,0.299
0.013,0.291
0.031,0.282
0.039,0.271
0.045,0.256
0.032,0.245
0.034,0.238
0.042,0.220
0.054,0.207
0.064,0.188
0.064,0.167
0.056,0.142
0.061,0.118
0.051,0.095
0.037,0.076
0.043,0.059
0.041,0.044
0.049,0.032
0.053,0.022
0.030,0.020
0.037,0.011
0.038,0.001
0.034,-0.010
0.030,-0.021
0.054,-0.034
0.041,-0.055
0.044,-0.075
0.029,-0.093
0.043,-0.104
0.051,-0.115
0.044,-0.127
0.038,-0.139
0.037,-0.148
0.045,-0.154
0.048,-0.159
0.042,-0.162
0.035,-0.172
0.043,-0.191
0.034,-0.205
0.031,-0.222
0.055,-0.249
0.034,-0.267
0.039,-0.284
0.032,-0.291
0.033,-0.302
0.046,-0.299
0.054,-0.301
0.098,-0.303
0.103,-0.296
0.123,-0.299
0.132,-0.305
0.119,-0.319
0.127,-0.324
0.120,-0.336
0.112,-0.338
0.110,-0.345
0.100,-0.348
0.111,-0.347
0.098,-0.347
0.094,-0.344
0.114,-0.340
0.121,-0.334
0.119,-0.324
0.130,-0.325
0.124,-0.317
0.116,-0.314
0.119,-0.313
0.136,-0.307
0.143,-0.304
0.140,-0.298
0.139,-0.291
0.144,-0.284
0.148,-0.277
0.131,-0.267
0.144,-0.266
0.147,-0.259
0.142,-0.252
0.136,-0.242
0.145,-0.234
0.147,-0.226
0.142,-0.218
0.147,-0.209
0.135,-0.205
0.132,-0.204
0.142,-0.198
0.134,-0.186
0.133,-0.181
0.135,-0.168
0.128,-0.160
0.128,-0.155
0.128,-0.146
0.114,-0.135
0.115,-0.118
0.116,-0.101
0.118,-0.081
0.157,-0.056
0.178,-0.035
0.167,-0.017
0.167,0.004
0.156,0.024
0.150,0.041
0.169,0.050
0.160,0.052
0.156,0.056
0.142,0.068
0.144,0.075
0.149,0.085
0.143,0.102
0.142,0.119
0.134,0.136
0.120,0.145
0.123,0.166
0.124,0.177
0.118,0.190
0.116,0.192
0.119,0.201
0.135,0.202
0.124,0.210
0.110,0.218
0.115,0.221
0.118,0.229
0.124,0.241
0.121,0.259
0.115,0.282
0.111,0.304
0.118,0.319
0.104,0.332
0.117,0.341
0.112,0.348
0.101,0.348
0.099,0.348
0.096,0.346
0.071,0.344
0.080,0.343
0.072,0.348
0.066,0.354
0.075,0.370
0.076,0.385
0.071,0.404
0.076,0.425
0.079,0.435
0.072,0.448
0.082,0.442
0.087,0.442
0.077,0.443
0.078,0.437
0.077,0.431
0.069,0.423
0.073,0.420
0.073,0.416
0.083,0.411
0.068,0.412
0.073,0.406
0.060,0.398
0.050,0.395
0.057,0.394
0.046,0.387
0.050,0.382
0.045,0.378
0.040,0.371
0.036,0.366
0.030,0.353
0.028,0.345
0.033,0.331
0.034,0.325
0.022,0.320
0.022,0.309
0.019,0.304
0.010,0.292
0.014,0.280
0.013,0.276
0.010,0.254
0.010,0.249
0.016,0.236
0.030,0.225
0.011,0.206
0.014,0.186
0.021,0.161
0.016,0.137
0.001,0.113
0.011,0.090
0.023,0.062
0.022,0.045
0.046,0.043
0.059,0.032
0.063,0.021
0.055,0.011
0.052,0.005
0.054,-0.005
0.029,-0.020
0.042,-0.034
0.033,-0.058
0.030,-0.074
0.028,-0.091
0.044,-0.104
0.044,-0.120
0.050,-0.129
0.048,-0.136
0.035,-0.147
0.040,-0.161
0.060,-0.161
0.069,-0.161
0.056,-0.170
0.067,-0.178
0.056,-0.192
0.062,-0.212
0.044,-0.230
0.065,-0.254
0.060,-0.273
0.066,-0.289
0.054,-0.298
0.066,-0.311
0.077,-0.312
0.065,-0.310
0.080,-0.312
0.094,-0.314
0.092,-0.318
0.081,-0.318
0.088,-0.320
0.100,-0.330
0.082,-0.342
0.091,-0.345
0.096,-0.351
0.104,-0.349
0.096,-0.346
0.098,-0.345
0.094,-0.340
0.105,-0.336
0.094,-0.334
0.103,-0.329
0.104,-0.321
0.102,-0.314
0.125,-0.305
0.120,-0.307
0.117,-0.306
0.119,-0.305
0.140,-0.302
0.130,-0.292
0.107,-0.284
0.124,-0.274
0.134,-0.261
0.136,-0.255
0.149,-0.252
0.142,-0.251
0.147,-0.248
0.145,-0.236
0.150,-0.228
0.145,-0.218
0.141,-0.212
0.141,-0.209
0.138,-0.199
0.145,-0.187
0.127,-0.183
0.137,-0.174
0.156,-0.164
0.159,-0.155
0.163,-0.150
0.147,-0.141
0.138,-0.131
0.148,-0.108
0.152,-0.089
0.152,-0.061
0.150,-0.045
0.156,-0.017
0.138,-0.001
0.143,0.018
0.139,0.030
0.143,0.036
0.143,0.049
0.146,0.053
0.149,0.058
0.131,0.070
0.139,0.080
0.139,0.086
0.159,0.103
0.150,0.117
0.148,0.139
0.145,0.153
0.140,0.168
0.141,0.183
0.133,0.190
0.135,0.199
0.116,0.203
0.124,0.212
0.117,0.211
0.101,0.214
0.089,0.221
0.076,0.230
0.084,0.244
0.097,0.265
0.100,0.288
0.107,0.310
0.120,0.326
0.120,0.338
0.124,0.352
0.102,0.361
0.100,0.354
0.107,0.353
0.113,0.348
0.118,0.349
0.121,0.348
0.112,0.349
0.107,0.359
0.110,0.379
0.113,0.397
0.110,0.417
0.115,0.431
0.099,0.440
0.083,0.442
0.063,0.439
0.054,0.440
0.062,0.441
0.044,0.435
0.049,0.429
0.039,0.423
0.043,0.419
0.039,0.420
0.018,0.415
0.032,0.411
0.040,0.407
0.060,0.402
0.089,0.399
0.092,0.393
0.083,0.380
0.067,0.378
0.054,0.374
0.071,0.370
0.062,0.361
0.052,0.354
0.062,0.343
0.049,0.332
0.045,0.323
0.042,0.312
0.049,0.303
0.051,0.298
0.034,0.295
0.043,0.280
0.039,0.275
0.053,0.259
0.035,0.250
0.024,0.235
0.024,0.223
0.022,0.202
0.016,0.183
0.027,0.158
0.021,0.129
0.038,0.101
0.034,0.079
0.020,0.052
0.038,0.041
0.036,0.030
0.023,0.024
0.031,0.019
0.037,0.010
0.038,0.007
0.033,-0.007
0.048,-0.022
0.046,-0.040
0.038,-0.052
0.048,-0.076
0.052,-0.097
0.046,-0.108
0.047,-0.119
0.052,-0.130
0.052,-0.139
0.056,-0.148
0.051,-0.154
0.065,-0.157
0.054,-0.168
0.058,-0.173
0.062,-0.180
0.062,-0.193
0.064,-0.214
0.068,-0.236
0.061,-0.260
0.054,-0.273
0.053,-0.297
0.068,-0.300
0.077,-0.306
0.078,-0.315
0.077,-0.309
0.085,-0.312
0.096,-0.311
0.094,-0.307
0.099,-0.316
0.085,-0.320
0.091,-0.330
0.105,-0.339
0.107,-0.345
0.112,-0.349
0.110,-0.349
0.116,-0.346
0.110,-0.346
0.122,-0.345
0.116,-0.338
0.119,-0.334
0.133,-0.323
0.124,-0.319
0.124,-0.315
0.136,-0.306
0.133,-0.303
0.131,-0.301
0.123,-0.291
0.130,-0.290
0.135,-0.284
0.132,-0.278
0.136,-0.271
0.143,-0.265
0.132,-0.254
0.125,-0.246
0.136,-0.246
0.139,-0.242
0.134,-0.238
0.138,-0.227
0.145,-0.215
0.146,-0.212
0.138,-0.208
0.133,-0.199
0.127,-0.194
0.135,-0.186
0.145,-0.179
0.132,-0.175
0.128,-0.167
0.145,-0.147
0.153,-0.132
0.161,-0.113
0.153,-0.101
0.156,-0.079
0.157,-0.055
0.161,-0.033
0.159,-0.017
0.163,0.003
0.164,0.019
0.151,0.028
0.144,0.033
0.160,0.048
0.131,0.045
0.146,0.053
0.133,0.059
0.143,0.076
0.138,0.087
0.134,0.104
0.152,0.130
0.143,0.142
0.142,0.161
0.131,0.173
0.127,0.181
0.135,0.194
0.120,0.194
0.124,0.202
0.120,0.210
0.113,0.212
0.112,0.217
0.111,0.224
0.101,0.239
0.101,0.254
0.103,0.279
0.122,0.301
0.112,0.317
0.116,0.332
0.117,0.345
0.120,0.352
0.116,0.357
0.105,0.355
0.112,0.353
0.119,0.350
0.116,0.356
0.118,0.351
0.121,0.364
0.099,0.371
0.112,0.387
0.081,0.405
0.087,0.422
0.089,0.434
0.073,0.452
0.071,0.453
0.076,0.452
0.059,0.449
0.059,0.444
0.058,0.447
0.070,0.434
0.065,0.428
0.050,0.429
0.054,0.419
0.060,0.417
0.047,0.411
0.046,0.410
0.042,0.402
0.062,0.398
0.044,0.395
0.040,0.386
0.046,0.383
0.033,0.382
0.048,0.367
0.042,0.365
0.035,0.352
0.032,0.339
0.038,0.327
0.040,0.323
0.037,0.309
0.041,0.302
0.041,0.288
0.035,0.281
0.041,0.274
0.034,0.266
0.029,0.252
0.038,0.242
0.027,0.224
0.032,0.209
0.022,0.191
0.029,0.165
0.027,0.150
0.029,0.119
0.019,0.102
0.023,0.076
0.032,0.058
0.018,0.044
0.031,0.025
0.024,0.019
0.020,0.009
0.044,0.004
0.032,-0.007
0.045,-0.017
0.038,-0.032
0.038,-0.052
0.034,-0.071
0.047,-0.092
0.040,-0.105
0.022,-0.123
0.035,-0.130
0.039,-0.139
0.052,-0.149
0.054,-0.157
0.060,-0.168
0.058,-0.173
0.072,-0.176
0.064,-0.181
0.062,-0.190
0.057,-0.204
0.067,-0.225
0.068,-0.249
0.048,-0.269
0.061,-0.286
0.074,-0.300
0.068,-0.308
0.072,-0.316
0.081,-0.309
0.095,-0.314
0.078,-0.314
0.093,-0.313
0.100,-0.314
0.090,-0.312
0.091,-0.322
0.100,-0.336
0.086,-0.340
0.102,-0.344
0.105,-0.347
0.110,-0.348
0.113,-0.348
0.106,-0.347
0.116,-0.344
0.120,-0.343
0.131,-0.336
0.114,-0.332
0.127,-0.319
0.142,-0.315
0.126,-0.313
0.122,-0.309
0.139,-0.303
0.123,-0.302
0.143,-0.286
0.138,-0.282
0.142,-0.280
0.136,-0.267
0.141,-0.263
0.137,-0.258
0.130,-0.252
0.133,-0.245
0.129,-0.245
0.144,-0.236
0.148,-0.224
0.144,-0.222
0.140,-0.218
0.147,-0.209
0.151,-0.198
0.148,-0.189
0.146,-0.180
0.140,-0.172
0.148,-0.165
0.152,-0.161
0.150,-0.146
0.152,-0.129
0.151,-0.110
0.159,-0.095
0.151,-0.079
0.158,-0.051
0.167,-0.030
0.152,-0.009
0.161,0.002
0.154,0.021
0.157,0.032
0.158,0.040
0.159,0.045
0.154,0.050
0.138,0.052
0.135,0.055
0.141,0.073
0.139,0.089
0.134,0.110
0.154,0.125
0.153,0.139
0.137,0.152
0.143,0.169
0.142,0.177
0.144,0.183
0.147,0.195
0.133,0.199
0.129,0.203
0.127,0.209
0.129,0.217
0.130,0.224
0.116,0.240
0.115,0.253
0.113,0.279
0.118,0.300
0.121,0.317
0.122,0.330
0.131,0.342
0.110,0.346
0.114,0.352
0.109,0.356
0.093,0.348
0.103,0.350
0.099,0.353
0.089,0.354
0.085,0.365
0.092,0.374
0.084,0.389
0.095,0.410
0.082,0.420
0.087,0.437
0.103,0.448
0.086,0.448
0.067,0.450
0.076,0.452
0.075,0.443
0.055,0.439
0.077,0.435
0.064,0.426
0.060,0.423
0.061,0.411
0.060,0.411
0.055,0.408
0.062,0.402
0.046,0.399
0.046,0.397
0.058,0.392
0.059,0.386
0.042,0.381
0.044,0.371
0.033,0.363
0.040,0.354
0.033,0.346
0.054,0.340
0.036,0.326
0.039,0.317
0.040,0.311
0.034,0.302
0.038,0.289
0.031,0.282
0.031,0.274
0.041,0.258
0.033,0.250
0.046,0.236
0.044,0.221
0.052,0.204
0.037,0.185
0.036,0.159
0.043,0.137
0.031,0.109
0.039,0.084
0.052,0.068
0.040,0.055
0.048,0.039
0.047,0.037
0.049,0.027
0.049,0.018
0.055,0.010
0.064,0.001
0.041,-0.019
0.042,-0.033
0.044,-0.055
0.045,-0.074
0.049,-0.092
0.047,-0.112
0.043,-0.120
0.052,-0.127
0.053,-0.138
0.050,-0.143
0.066,-0.152
0.062,-0.161
0.051,-0.161
0.048,-0.167
0.051,-0.176
0.053,-0.192
0.066,-0.207
0.060,-0.228
0.057,-0.253
0.070,-0.275
0.069,-0.288
0.071,-0.300
0.073,-0.304
0.080,-0.308
0.091,-0.311
0.098,-0.306
0.101,-0.306
0.102,-0.307
0.111,-0.316
0.105,-0.322
0.122,-0.326
0.107,-0.336
0.102,-0.344
0.101,-0.348
0.116,-0.349
0.119,-0.351
0.115,-0.346
0.096,-0.343
0.116,-0.340
0.111,-0.332
0.116,-0.322
0.130,-0.315
0.136,-0.312
0.138,-0.310
0.142,-0.307
0.144,-0.300
0.133,-0.296
0.137,-0.292
0.137,-0.289
0.142,-0.286
0.155,-0.274
0.135,-0.266
0.143,-0.271
0.130,-0.267
0.138,-0.259
0.143,-0.254
0.146,-0.244
0.134,-0.238
0.132,-0.227
0.139,-0.218
0.142,-0.211
0.150,-0.204
0.148,-0.203
0.152,-0.194
0.143,-0.188
0.140,-0.177
0.130,-0.169
0.136,-0.161
0.144,-0.149
0.143,-0.133
0.154,-0.110
0.150,-0.096
0.163,-0.072
0.147,-0.053
0.155,-0.032
0.158,-0.012
0.151,0.010
0.151,0.019
0.156,0.027
0.153,0.038
0.150,0.037
0.149,0.045
0.142,0.054
0.125,0.069
0.145,0.084
0.139,0.103
0.147,0.120
0.142,0.137
0.148,0.148
0.143,0.158
0.141,0.174
0.143,0.185
0.141,0.187
0.129,0.194
0.122,0.200
0.123,0.209
0.129,0.207
0.130,0.221
0.128,0.226
0.120,0.245
0.130,0.260
0.121,0.277
0.141,0.300
0.125,0.317
0.119,0.337
0.107,0.347
0.099,0.347
0.107,0.346
0.111,0.345
0.101,0.341
0.092,0.344
0.097,0.346
0.103,0.349
0.092,0.362
0.094,0.379
0.096,0.400
0.100,0.414
0.095,0.428
0.080,0.441
0.077,0.444
0.077,0.447
0.087,0.445
0.088,0.441
0.076,0.433
0.065,0.433
0.068,0.428
0.073,0.424
0.071,0.424
0.066,0.418
0.057,0.412
0.042,0.411
0.062,0.410
0.053,0.404
0.070,0.393
0.052,0.389
0.054,0.381
0.052,0.373
0.056,0.361
0.044,0.357
0.044,0.355
0.055,0.349
0.042,0.340
0.035,0.325
0.040,0.314
0.037,0.308
0.045,0.304
0.029,0.290
0.036,0.284
0.036,0.273
0.038,0.263
0.029,0.250
0.027,0.241
0.027,0.222
0.019,0.201
0.030,0.188
0.036,0.156
0.033,0.134
0.024,0.110
0.022,0.086
0.015,0.068
0.015,0.043
0.019,0.034
0.030,0.023
0.041,0.018
0.039,0.014
0.039,0.009
0.034,0.001
0.032,-0.015
0.047,-0.029
0.040,-0.046
0.041,-0.070
0.045,-0.088
0.043,-0.106
0.031,-0.117
0.034,-0.130
0.045,-0.137
0.047,-0.144
0.060,-0.153
0.072,-0.153
0.066,-0.156
0.062,-0.159
0.061,-0.170
0.072,-0.185
0.059,-0.207
0.070,-0.225
0.068,-0.252
0.063,-0.266
0.060,-0.289
0.068,-0.301
0.089,-0.306
0.084,-0.306
0.079,-0.309
0.086,-0.310
0.098,-0.304
0.101,-0.309
0.099,-0.314
0.103,-0.319
0.096,-0.325
0.089,-0.335
0.096,-0.344
0.095,-0.347
0.093,-0.351
0.108,-0.350
0.109,-0.340
0.108,-0.341
0.113,-0.337
0.119,-0.329
0.127,-0.318
0.119,-0.311
0.122,-0.304
0.131,-0.300
0.116,-0.299
0.122,-0.298
0.132,-0.295
0.136,-0.289
0.134,-0.284
0.137,-0.282
0.143,-0.277
0.141,-0.269
0.145,-0.260
0.141,-0.255
0.143,-0.251
0.146,-0.242
0.140,-0.236
0.141,-0.228
0.140,-0.215
0.150,-0.213
0.153,-0.205
0.151,-0.202
0.139,-0.192
0.141,-0.184
0.125,-0.170
0.130,-0.167
0.153,-0.161
0.147,-0.155
0.144,-0.141
0.139,-0.129
0.137,-0.118
0.152,-0.091
0.165,-0.063
0.153,-0.043
0.143,-0.021
0.159,-0.009
0.144,0.011
0.148,0.022
0.140,0.029
0.141,0.033
0.129,0.039
0.141,0.046
0.140,0.052
0.133,0.063
0.140,0.081
0.136,0.093
0.156,0.113
0.137,0.135
0.150,0.151
0.134,0.173
0.129,0.180
0.131,0.187
0.133,0.187
0.134,0.195
0.124,0.205
0.134,0.209
0.127,0.208
0.128,0.218
0.122,0.236
0.128,0.257
0.127,0.282
0.117,0.300
0.116,0.311
0.117,0.328
0.085,0.337
0.094,0.355
0.115,0.360
0.103,0.356
0.092,0.359
0.098,0.352
0.079,0.349
0.086,0.347
0.091,0.356
0.083,0.370
0.087,0.389
0.086,0.401
0.085,0.416
0.088,0.433
0.076,0.445
0.075,0.449
0.069,0.449
0.083,0.451
0.071,0.447
0.077,0.444
0.080,0.443
0.063,0.441
0.065,0.437
0.064,0.437
0.063,0.431
0.055,0.420
0.057,0.414
0.058,0.408
0.056,0.403
0.040,0.396
0.051,0.386
0.050,0.381
0.044,0.370
0.037,0.366
0.040,0.361
0.039,0.354
0.046,0.338
0.027,0.333
0.039,0.318
0.046,0.312
0.046,0.304
0.026,0.298
0.047,0.282
0.037,0.276
0.025,0.263
0.040,0.257
0.031,0.245
0.034,0.232
0.038,0.219
0.038,0.194
0.039,0.172
0.040,0.148
0.017,0.122
0.035,0.092
0.029,0.078
0.016,0.067
0.019,0.046
0.028,0.032
0.024,0.022
0.033,0.015
0.024,0.013
0.041,0.012
0.034,-0.009
0.040,-0.017
0.025,-0.042
0.048,-0.061
0.053,-0.083
0.051,-0.099
0.060,-0.113
0.041,-0.121
0.051,-0.131
0.044,-0.145
0.044,-0.153
0.054,-0.158
0.048,-0.160
0.056,-0.167
0.068,-0.170
0.065,-0.182
0.063,-0.193
0.068,-0.205
0.074,-0.231
0.066,-0.251
0.045,-0.273
0.057,-0.288
0.062,-0.294
0.058,-0.303
0.072,-0.304
0.082,-0.303
0.077,-0.303
0.083,-0.296
0.079,-0.308
0.077,-0.315
0.086,-0.323
0.087,-0.332
0.087,-0.341
0.101,-0.342
0.095,-0.346
0.089,-0.345
0.092,-0.344
0.097,-0.353
0.108,-0.344
0.108,-0.337
0.117,-0.333
0.127,-0.326
0.124,-0.321
0.117,-0.316
0.122,-0.309
0.132,-0.306
0.120,-0.308
0.136,-0.306
0.141,-0.296
0.135,-0.287
0.152,-0.281
0.136,-0.274
0.141,-0.271
0.130,-0.261
0.152,-0.250
0.147,-0.248
0.139,-0.243
0.143,-0.234
0.148,-0.227
0.143,-0.219
0.136,-0.207
0.143,-0.199
0.148,-0.200
0.140,-0.194
0.138,-0.186
0.139,-0.178
0.145,-0.169
0.135,-0.158
0.154,-0.149
0.155,-0.135
0.136,-0.124
0.145,-0.105
0.154,-0.083
0.154,-0.060
0.152,-0.034
0.156,-0.015
0.162,0.010
0.155,0.021
0.149,0.040
0.139,0.044
0.135,0.048
0.146,0.056
0.141,0.061
0.136,0.071
0.143,0.084
0.129,0.092
0.135,0.114
0.155,0.136
0.129,0.149
0.129,0.163
0.144,0.174
0.127,0.182
0.129,0.188
0.134,0.195
0.117,0.199
0.119,0.207
0.122,0.213
0.124,0.218
0.122,0.232
0.108,0.242
0.105,0.260
0.121,0.278
0.114,0.292
0.123,0.318
0.113,0.339
0.114,0.354
0.112,0.354
0.113,0.358
0.104,0.357
0.099,0.357
0.093,0.359
0.095,0.358
0.089,0.363
0.088,0.370
0.091,0.380
0.085,0.397
0.086,0.413
0.079,0.427
0.087,0.438
0.075,0.450
0.080,0.448
0.071,0.451
0.071,0.453
0.071,0.448
0.059,0.441
0.052,0.437
0.060,0.426
0.047,0.422
0.052,0.422
0.053,0.413
0.058,0.411
0.053,0.406
0.048,0.397
0.044,0.395
0.044,0.394
0.036,0.388
0.032,0.380
0.050,0.377
0.041,0.366
0.047,0.362
0.049,0.353
0.042,0.345
0.032,0.331
0.034,0.320
0.047,0.304
0.022,0.298
0.037,0.293
0.037,0.283
0.035,0.269
0.040,0.257
0.037,0.246
0.036,0.245
0.032,0.223
0.024,0.209
0.037,0.196
0.027,0.166
0.035,0.145
0.027,0.117
0.025,0.095
0.029,0.075
0.037,0.059
0.028,0.045
0.037,0.033
0.040,0.028
0.040,0.020
0.034,0.010
0.035,0.002
0.039,-0.014
0.040,-0.034
0.042,-0.050
0.046,-0.070
0.039,-0.091
0.026,-0.106
0.039,-0.117
0.032,-0.121
0.053,-0.137
0.046,-0.142
0.049,-0.147
0.045,-0.155
0.058,-0.156
0.062,-0.157
0.057,-0.163
0.060,-0.174
0.071,-0.197
0.075,-0.218
0.063,-0.241
0.061,-0.259
0.071,-0.285
0.069,-0.296
0.071,-0.305
0.080,-0.308
0.074,-0.306
0.085,-0.304
0.077,-0.299
0.088,-0.304
0.086,-0.314
0.089,-0.320
0.082,-0.324
0.089,-0.338
0.091,-0.339
0.100,-0.344
0.094,-0.351
0.103,-0.353
0.106,-0.352
0.099,-0.345
0.106,-0.339
0.116,-0.337
0.120,-0.325
0.108,-0.324
0.131,-0.317
0.136,-0.312
0.125,-0.303
0.128,-0.300
0.131,-0.301
0.120,-0.300
0.137,-0.289
0.132,-0.279
0.125,-0.270
0.137,-0.265
0.120,-0.263
0.130,-0.256
0.130,-0.249
0.130,-0.243
0.137,-0.242
0.133,-0.235
0.129,-0.226
0.138,-0.219
0.142,-0.206
0.136,-0.206
0.133,-0.198
0.139,-0.194
0.127,-0.184
0.133,-0.176
0.148,-0.162
0.142,-0.153
0.137,-0.145
0.137,-0.137
0.130,-0.123
0.140,-0.102
0.153,-0.080
0.148,-0.060
0.151,-0.033
0.142,-0.014
0.144,0.005
0.136,0.021
0.148,0.028
0.153,0.034
0.146,0.042
0.144,0.046
0.141,0.059
0.140,0.067
0.133,0.074
0.138,0.087
0.121,0.109
0.132,0.128
0.118,0.141
0.130,0.152
0.119,0.168
0.132,0.174
0.117,0.183
0.113,0.191
0.119,0.197
0.128,0.198
0.108,0.199
0.104,0.208
0.106,0.220
0.120,0.231
0.115,0.253
0.101,0.274
0.122,0.300
0.127,0.322
0.108,0.334
0.115,0.348
0.110,0.350
0.096,0.347
0.105,0.347
0.088,0.347
0.092,0.348
0.080,0.350
0.069,0.353
0.089,0.362
0.090,0.379
0.074,0.392
0.078,0.412
0.078,0.414
0.078,0.431
0.062,0.434
0.064,0.435
0.061,0.436
0.066,0.433
0.043,0.432
0.049,0.426
0.064,0.421
0.046,0.417
0.054,0.417
0.051,0.410
0.044,0.410
0.047,0.403
0.051,0.399
0.053,0.391
0.045,0.390
0.038,0.383
0.035,0.382
0.046,0.368
0.042,0.365
0.037,0.363
0.035,0.355
0.044,0.344
0.039,0.329
0.041,0.321
0.038,0.308
0.043,0.304
0.037,0.293
0.034,0.281
0.019,0.273
0.033,0.262
0.035,0.251
0.037,0.243
0.024,0.234
0.023,0.215
0.039,0.197
0.032,0.181
0.033,0.158
0.023,0.131
0.027,0.105
0.021,0.083
0.024,0.063
0.019,0.043
0.010,0.033
0.030,0.025
0.033,0.014
0.037,0.008
0.036,0.000
0.028,-0.007
0.041,-0.023
0.026,-0.043
0.041,-0.053
0.042,-0.070
0.033,-0.087
0.038,-0.106
0.040,-0.122
0.040,-0.129
0.029,-0.138
0.042,-0.144
0.052,-0.157
0.052,-0.165
0.066,-0.167
0.059,-0.175
0.061,-0.183
0.051,-0.193
0.055,-0.215
0.073,-0.235
0.057,-0.259
0.062,-0.278
0.058,-0.287
0.062,-0.302
0.077,-0.308
0.061,-0.312
0.081,-0.312
0.087,-0.307
0.081,-0.310
0.085,-0.313
0.107,-0.315
0.091,-0.316
0.100,-0.324
0.087,-0.341
0.095,-0.341
0.092,-0.341
0.101,-0.351
0.110,-0.348
0.110,-0.347
0.119,-0.345
0.118,-0.340
0.120,-0.331
0.129,-0.324
0.126,-0.319
0.115,-0.315
0.119,-0.308
0.116,-0.299
0.127,-0.295
0.112,-0.294
0.128,-0.290
0.124,-0.290
0.131,-0.286
0.140,-0.281
0.143,-0.272
0.135,-0.263
0.127,-0.262
0.145,-0.252
0.139,-0.252
0.139,-0.246
0.146,-0.237
0.140,-0.223
0.139,-0.220
0.150,-0.208
0.140,-0.204
0.149,-0.197
0.153,-0.187
0.149,-0.185
0.150,-0.179
0.149,-0.174
0.146,-0.161
0.156,-0.153
0.143,-0.140
0.154,-0.117
0.146,-0.099
0.143,-0.075
0.156,-0.052
0.163,-0.032
0.144,-0.008
0.155,0.006
0.150,0.019
0.152,0.032
0.150,0.037
0.143,0.043
0.149,0.046
0.132,0.051
0.139,0.061
0.136,0.079
0.138,0.094
0.137,0.117
0.138,0.138
0.136,0.152
0.133,0.164
0.136,0.172
0.141,0.182
0.131,0.195
0.136,0.197
0.129,0.203
0.113,0.203
0.125,0.212
0.118,0.223
0.118,0.232
0.120,0.243
0.124,0.260
0.114,0.277
0.110,0.298
0.117,0.317
0.102,0.335
0.108,0.343
0.098,0.344
0.111,0.352
0.108,0.345
0.076,0.343
0.082,0.346
0.097,0.347
0.094,0.349
0.090,0.360
0.096,0.374
0.080,0.389
0.082,0.403
0.084,0.415
0.084,0.426
0.078,0.430
0.075,0.434
0.067,0.430
0.068,0.433
0.059,0.427
0.051,0.429
0.052,0.421
0.051,0.416
0.059,0.415
0.051,0.404
0.045,0.399
0.062,0.394
0.042,0.392
0.043,0.389
0.045,0.381
0.034,0.373
0.045,0.365
0.030,0.363
0.031,0.354
0.034,0.351
0.035,0.340
0.012,0.331
0.020,0.321
0.016,0.309
0.004,0.304
0.019,0.295
0.024,0.286
0.038,0.275
0.029,0.270
0.024,0.258
0.027,0.254
0.021,0.237
0.024,0.227
0.020,0.213
0.028,0.197
0.026,0.174
0.021,0.145
0.021,0.118
0.022,0.093
0.020,0.069
0.030,0.049
0.034,0.035
0.040,0.017
0.040,0.012
0.037,0.006
0.047,0.000
0.036,-0.008
0.046,-0.011
0.040,-0.026
0.048,-0.041
0.035,-0.065
0.038,-0.091
0.052,-0.107
0.036,-0.118
0.051,-0.134
0.046,-0.143
0.036,-0.149
0.041,-0.158
0.065,-0.162
0.060,-0.175
0.067,-0.175
0.074,-0.179
0.064,-0.191
0.048,-0.206
0.054,-0.226
0.061,-0.240
0.058,-0.265
0.068,-0.281
0.071,-0.298
0.069,-0.307
0.073,-0.315
0.074,-0.318
0.081,-0.319
0.082,-0.315
0.084,-0.318
0.085,-0.318
0.094,-0.321
0.092,-0.331
0.088,-0.341
0.106,-0.353
0.090,-0.355
0.104,-0.352
0.099,-0.353
0.105,-0.351
0.097,-0.356
0.106,-0.350
0.103,-0.349
0.119,-0.338
0.121,-0.333
0.123,-0.323
0.122,-0.320
0.123,-0.316
0.129,-0.313
0.120,-0.312
0.122,-0.309
0.132,-0.301
0.127,-0.296
0.128,-0.291
0.131,-0.282
0.126,-0.273
0.129,-0.267
0.132,-0.266
0.132,-0.258
0.141,-0.256
0.139,-0.243
0.138,-0.240
0.141,-0.228
0.146,-0.221
0.126,-0.219
0.146,-0.210
0.137,-0.200
0.143,-0.194
0.152,-0.183
0.137,-0.178
0.137,-0.170
0.141,-0.158
0.140,-0.147
0.154,-0.136
0.139,-0.122
0.143,-0.101
0.156,-0.077
0.151,-0.052
0.155,-0.027
0.145,-0.003
0.163,0.018
0.155,0.025
0.137,0.028
0.137,0.042
0.139,0.048
0.140,0.054
0.149,0.068
0.132,0.076
0.145,0.080
0.139,0.101
0.122,0.122
0.138,0.138
0.124,0.154
0.136,0.160
0.129,0.178
0.121,0.183
0.115,0.189
0.117,0.196
0.116,0.202
0.116,0.201
0.117,0.211
0.113,0.216
0.124,0.225
0.126,0.236
0.117,0.250
0.116,0.279
0.132,0.297
0.112,0.312
0.131,0.331
0.105,0.341
0.106,0.343
0.100,0.340
0.105,0.336
0.100,0.337
0.091,0.333
0.093,0.338
0.104,0.350
0.092,0.365
0.089,0.386
0.088,0.403
0.091,0.424
0.091,0.435
0.072,0.440
0.068,0.442
0.080,0.441
0.075,0.439
0.059,0.441
0.054,0.434
0.068,0.425
0.061,0.420
0.060,0.415
0.058,0.415
0.060,0.411
0.046,0.407
0.054,0.400
0.059,0.397
0.060,0.392
0.045,0.381
0.055,0.381
0.040,0.375
0.042,0.370
0.029,0.362
0.032,0.348
0.041,0.342
0.044,0.334
0.040,0.322
0.032,0.313
0.032,0.304
0.031,0.296
0.029,0.287
0.027,0.274
0.026,0.263
0.036,0.255
0.042,0.247
0.034,0.236
0.035,0.224
0.028,0.203
0.028,0.183
0.029,0.163
0.026,0.138
0.031,0.115
0.022,0.089
0.021,0.069
0.024,0.054
0.031,0.036
0.033,0.024
0.024,0.017
0.031,0.014
0.034,0.008
0.028,-0.003
0.024,-0.013
0.032,-0.026
0.030,-0.048
0.040,-0.073
0.028,-0.089
0.023,-0.110
0.040,-0.120
0.033,-0.129
0.042,-0.148
0.054,-0.149
0.051,-0.160
0.048,-0.163
0.062,-0.169
0.057,-0.167
0.067,-0.175
0.058,-0.184
0.068,-0.204
0.062,-0.223
0.074,-0.242
0.080,-0.268
0.060,-0.288
0.064,-0.300
0.082,-0.301
0.072,-0.306
0.085,-0.309
0.081,-0.308
0.091,-0.310
0.089,-0.307
0.087,-0.313
0.099,-0.315
0.095,-0.325
0.092,-0.340
0.120,-0.347
0.098,-0.351
0.111,-0.354
0.119,-0.355
0.107,-0.350
0.111,-0.345
0.107,-0.346
0.106,-0.338
0.125,-0.333
0.109,-0.327
0.125,-0.317
0.116,-0.307
0.134,-0.302
0.116,-0.302
0.111,-0.300
0.114,-0.297
0.128,-0.290
0.134,-0.285
0.131,-0.281
0.136,-0.272
0.130,-0.266
0.131,-0.258
0.145,-0.253
0.153,-0.245
0.137,-0.242
0.140,-0.234
0.143,-0.225
0.143,-0.221
0.138,-0.214
0.141,-0.206
0.133,-0.200
0.147,-0.192
0.140,-0.185
0.144,-0.177
0.136,-0.171
0.143,-0.161
0.145,-0.151
0.136,-0.139
0.143,-0.123
0.140,-0.110
0.133,-0.083
0.148,-0.063
0.157,-0.043
0.149,-0.017
0.152,-0.003
0.142,0.013
0.137,0.026
0.142,0.034
0.139,0.041
0.137,0.041
0.135,0.046
0.138,0.061
0.127,0.069
0.136,0.091
0.137,0.109
0.142,0.126
0.139,0.144
0.132,0.158
0.125,0.171
0.135,0.178
0.116,0.190
0.112,0.197
0.120,0.206
0.122,0.212
0.127,0.212
0.140,0.217
0.120,0.232
0.109,0.239
0.116,0.257
0.098,0.269
0.100,0.295
0.117,0.310
0.108,0.328
0.119,0.343
0.111,0.347
0.103,0.348
0.102,0.353
0.105,0.352
0.095,0.352
0.092,0.349
0.083,0.349
0.090,0.359
0.087,0.372
0.096,0.388
0.095,0.409
0.088,0.421
0.085,0.439
0.081,0.449
0.076,0.443
0.066,0.444
0.068,0.442
0.068,0.437
0.058,0.431
0.058,0.420
0.056,0.418
0.053,0.415
0.049,0.408
0.042,0.404
0.059,0.399
0.035,0.404
0.046,0.397
0.057,0.391
0.048,0.383
0.052,0.375
0.041,0.372
0.051,0.362
0.040,0.352
0.045,0.346
0.037,0.337
0.042,0.329
0.050,0.318
0.040,0.308
0.033,0.296
0.041,0.294
0.043,0.287
0.030,0.272
0.035,0.260
0.030,0.254
0.033,0.251
0.027,0.236
0.040,0.222
0.033,0.203
0.026,0.184
0.022,0.158
0.030,0.132
0.032,0.108
0.026,0.089
0.019,0.071
0.026,0.050
0.024,0.039
0.032,0.028
0.027,0.022
0.027,0.011
0.037,0.003
0.036,-0.005
0.028,-0.019
0.049,-0.033
0.030,-0.052
0.039,-0.065
0.045,-0.091
0.038,-0.098
0.037,-0.113
0.043,-0.128
0.048,-0.131
0.044,-0.134
0.047,-0.149
0.053,-0.160
0.045,-0.164
0.058,-0.169
0.065,-0.178
0.059,-0.187
0.065,-0.205
0.058,-0.226
0.065,-0.248
0.059,-0.267
0.064,-0.289
0.059,-0.301
0.072,-0.308
0.081,-0.313
0.079,-0.308
0.084,-0.310
0.081,-0.313
0.086,-0.311
0.078,-0.312
0.077,-0.317
0.090,-0.327
0.087,-0.341
0.091,-0.341
0.094,-0.352
0.100,-0.354
0.102,-0.351
0.104,-0.355
0.110,-0.348
0.106,-0.341
0.115,-0.337
0.132,-0.331
0.119,-0.326
0.112,-0.318
0.116,-0.312
0.128,-0.307
0.116,-0.305
0.123,-0.301
0.122,-0.299
0.120,-0.296
0.119,-0.289
0.132,-0.285
0.136,-0.274
0.138,-0.267
0.123,-0.263
0.132,-0.261
0.130,-0.252
0.132,-0.248
0.130,-0.242
0.138,-0.229
0.128,-0.223
0.136,-0.221
0.126,-0.213
0.139,-0.204
0.141,-0.199
0.123,-0.187
0.137,-0.182
0.146,-0.175
0.136,-0.164
0.142,-0.152
0.143,-0.140
0.148,-0.127
0.141,-0.107
0.153,-0.082
0.155,-0.054
0.150,-0.039
0.159,-0.010
0.159,-0.001
0.140,0.014
0.148,0.029
0.144,0.031
0.130,0.046
0.140,0.047
0.142,0.056
0.132,0.068
0.141,0.083
0.132,0.093
0.132,0.112
0.131,0.132
0.124,0.142
0.123,0.157
0.121,0.163
0.127,0.178
0.127,0.186
0.122,0.195
0.114,0.204
0.119,0.208
0.104,0.215
0.123,0.223
0.105,0.236
0.106,0.251
0.111,0.269
0.105,0.281
0.106,0.302
0.101,0.321
0.114,0.331
0.106,0.345
0.092,0.358
0.096,0.363
0.098,0.354
0.085,0.348
0.094,0.347
0.082,0.358
0.078,0.359
0.082,0.364
0.074,0.385
0.099,0.399
0.088,0.417
0.083,0.431
0.082,0.442
0.089,0.448
0.074,0.453
0.062,0.450
0.074,0.442
0.057,0.441
0.049,0.436
0.059,0.437
0.048,0.426
0.049,0.418
0.069,0.410
0.054,0.408
0.049,0.406
0.059,0.398
0.033,0.392
0.041,0.393
0.029,0.384
0.032,0.381
0.046,0.376
0.034,0.371
0.041,0.362
0.026,0.356
0.038,0.344
0.035,0.336
0.045,0.323
0.044,0.318
0.022,0.303
0.030,0.297
0.035,0.287
0.038,0.268
0.026,0.264
0.035,0.257
0.016,0.248
0.019,0.234
0.023,0.218
0.025,0.198
0.018,0.179
0.026,0.156
0.015,0.134
0.028,0.111
0.022,0.088
0.021,0.068
0.039,0.044
0.038,0.037
0.025,0.025
0.029,0.017
0.031,0.014
0.030,0.002
0.048,-0.012
0.037,-0.031
0.043,-0.044
0.042,-0.059
0.042,-0.082
0.028,-0.101
0.035,-0.114
0.049,-0.123
0.034,-0.138
0.049,-0.145
0.034,-0.150
0.046,-0.158
0.051,-0.163
0.051,-0.168
0.058,-0.172
0.058,-0.179
0.060,-0.192
0.052,-0.211
0.053,-0.235
0.050,-0.256
0.073,-0.276
0.059,-0.295
0.061,-0.306
0.072,-0.308
0.076,-0.311
0.073,-0.314
0.086,-0.310
0.083,-0.304
0.087,-0.305
0.091,-0.308
0.086,-0.312
0.080,-0.325
0.085,-0.336
0.084,-0.344
0.091,-0.349
0.106,-0.357
0.093,-0.351
0.108,-0.345
0.103,-0.343
0.122,-0.344
0.118,-0.336
0.124,-0.328
0.118,-0.316
0.126,-0.312
0.117,-0.304
0.127,-0.306
0.129,-0.300
0.135,-0.289
0.127,-0.291
0.140,-0.285
0.140,-0.280
0.136,-0.268
0.141,-0.262
0.136,-0.253
0.144,-0.248
0.143,-0.244
0.140,-0.239
0.134,-0.229
0.136,-0.223
0.140,-0.218
0.149,-0.212
0.153,-0.200
0.145,-0.201
0.140,-0.192
0.142,-0.183
0.143,-0.176
0.141,-0.165
0.143,-0.157
0.139,-0.155
0.152,-0.136
0.133,-0.120
0.152,-0.106
0.142,-0.087
0.142,-0.068
0.148,-0.042
0.155,-0.019
0.145,-0.000
0.152,0.011
0.156,0.030
0.152,0.039
0.154,0.050
0.146,0.050
0.147,0.056
0.143,0.070
0.148,0.075
0.142,0.091
0.135,0.103
0.145,0.124
0.128,0.140
0.151,0.158
0.138,0.167
0.144,0.178
0.137,0.187
0.143,0.193
0.132,0.201
0.128,0.208
0.131,0.214
0.131,0.218
0.129,0.225
0.121,0.236
0.108,0.254
0.115,0.275
0.117,0.298
0.119,0.314
0.113,0.329
0.115,0.345
0.110,0.352
0.118,0.358
0.099,0.354
0.093,0.355
0.089,0.351
0.084,0.351
0.089,0.351
0.091,0.351
0.075,0.363
0.077,0.381
0.091,0.396
0.086,0.411
0.089,0.427
0.101,0.439
0.099,0.446
0.084,0.449
0.093,0.444
0.074,0.440
0.083,0.436
0.072,0.427
0.064,0.423
0.067,0.420
0.063,0.424
0.061,0.415
0.067,0.411
0.056,0.410
0.064,0.403
0.058,0.398
0.064,0.393
0.062,0.381
0.052,0.378
0.048,0.369
0.040,0.362
0.046,0.357
0.039,0.351
0.041,0.335
0.035,0.322
0.033,0.316
0.032,0.310
0.030,0.300
0.047,0.290
0.038,0.288
0.042,0.265
0.046,0.260
0.031,0.249
0.041,0.237
0.038,0.223
0.045,0.208
0.048,0.191
0.039,0.170
0.037,0.153
0.026,0.119
0.030,0.095
0.035,0.073
0.046,0.055
0.030,0.040
0.052,0.029
0.026,0.021
0.027,0.015
0.046,0.008
0.035,-0.006
0.035,-0.016
0.043,-0.031
0.056,-0.043
0.035,-0.068
0.048,-0.086
0.040,-0.107
0.045,-0.117
0.031,-0.130
0.050,-0.137
0.036,-0.141
0.044,-0.152
0.044,-0.158
0.070,-0.163
0.061,-0.169
0.058,-0.174
0.070,-0.179
0.066,-0.192
0.066,-0.208
0.066,-0.225
0.059,-0.252
0.065,-0.269
0.069,-0.284
0.071,-0.297
0.068,-0.304
0.078,-0.306
0.080,-0.301
0.103,-0.298
0.104,-0.294
0.083,-0.303
0.092,-0.310
0.097,-0.320
0.095,-0.333
0.096,-0.339
0.096,-0.345
0.106,-0.344
0.105,-0.345
0.108,-0.345
0.106,-0.347
0.118,-0.339
0.115,-0.330
0.121,-0.323
0.126,-0.317
0.119,-0.309
0.134,-0.310
0.131,-0.305
0.124,-0.304
0.126,-0.301
0.131,-0.298
0.133,-0.293
0.123,-0.291
0.144,-0.287
0.137,-0.276
0.143,-0.269
0.156,-0.260
0.138,-0.251
0.134,-0.244
0.147,-0.241
0.148,-0.236
0.153,-0.220
0.148,-0.212
0.153,-0.209
0.154,-0.207
0.159,-0.199
0.144,-0.194
0.154,-0.187
0.153,-0.178
0.159,-0.174
0.146,-0.161
0.156,-0.154
0.152,-0.135
0.148,-0.127
0.148,-0.104
0.147,-0.084
0.165,-0.064
0.163,-0.037
0.145,-0.021
0.158,0.002
0.159,0.021
0.150,0.035
0.152,0.036
0.152,0.048
0.133,0.053
0.135,0.058
0.149,0.069
0.145,0.080
0.139,0.095
0.141,0.108
0.151,0.125
0.145,0.140
0.145,0.158
0.141,0.167
0.151,0.180
0.140,0.186
0.141,0.195
0.137,0.196
0.130,0.208
0.140,0.212
0.142,0.221
0.122,0.229
0.143,0.242
0.131,0.256
0.125,0.276
0.111,0.297
0.124,0.318
0.128,0.333
0.110,0.349
0.121,0.351
0.106,0.353
0.110,0.357
0.100,0.352
0.105,0.358
0.090,0.354
0.101,0.355
0.090,0.367
0.097,0.375
0.095,0.394
0.082,0.411
0.089,0.421
0.093,0.435
0.080,0.441
0.089,0.451
0.081,0.448
0.071,0.446
0.074,0.445
0.057,0.443
0.070,0.433
0.052,0.428
0.064,0.425
0.051,0.421
0.058,0.409
0.058,0.408
0.059,0.402
0.056,0.399
0.052,0.388
0.052,0.386
0.055,0.378
0.042,0.372
0.048,0.365
0.042,0.360
0.043,0.352
0.037,0.344
0.048,0.335
0.049,0.328
0.037,0.313
0.045,0.307
0.038,0.295
0.041,0.292
0.040,0.280
0.042,0.266
0.034,0.259
0.039,0.252
0.048,0.245
0.040,0.231
0.025,0.209
0.037,0.187
0.030,0.165
0.025,0.139
0.022,0.118
0.019,0.094
0.021,0.071
0.025,0.054
0.031,0.041
0.038,0.029
0.031,0.026
0.034,0.016
0.040,0.009
0.044,0.003
0.061,-0.012
0.046,-0.024
0.038,-0.050
0.035,-0.068
0.030,-0.090
0.053,-0.105
0.046,-0.117
0.054,-0.126
0.057,-0.136
0.051,-0.144
0.061,-0.156
0.049,-0.157
0.065,-0.158
0.067,-0.170
0.065,-0.171
0.069,-0.187
0.077,-0.201
0.083,-0.223
0.078,-0.243
0.082,-0.264
0.078,-0.282
0.074,-0.297
0.077,-0.303
0.084,-0.309
0.078,-0.305
0.088,-0.304
0.078,-0.304
0.094,-0.303
0.101,-0.310
0.089,-0.318
0.090,-0.325
0.094,-0.329
0.104,-0.337
0.103,-0.343
0.109,-0.343
0.104,-0.339
0.124,-0.339
0.102,-0.341
0.107,-0.332
0.129,-0.326
0.131,-0.321
0.134,-0.319
0.139,-0.316
0.127,-0.311
0.133,-0.305
0.131,-0.302
0.123,-0.293
0.131,-0.287
0.147,-0.282
0.138,-0.273
0.130,-0.269
0.141,-0.263
0.145,-0.261
0.148,-0.254
0.139,-0.246
0.129,-0.241
0.143,-0.236
0.138,-0.230
0.152,-0.224
0.143,-0.213
0.144,-0.212
0.131,-0.208
0.135,-0.200
0.145,-0.195
0.134,-0.185
0.145,-0.175
0.160,-0.174
0.143,-0.161
0.140,-0.148
0.151,-0.135
0.140,-0.122
0.150,-0.104
0.145,-0.081
0.151,-0.051
0.151,-0.024
0.157,-0.007
0.152,0.009
0.163,0.029
0.155,0.033
0.155,0.035
0.160,0.051
0.151,0.053
0.144,0.065
0.149,0.068
0.144,0.085
0.134,0.100
0.147,0.124
0.138,0.138
0.140,0.149
0.149,0.166
0.147,0.176
0.144,0.189
0.145,0.199
0.146,0.203
0.138,0.205
0.137,0.213
0.127,0.214
0.121,0.222
0.131,0.226
0.114,0.246
0.105,0.269
0.119,0.288
0.129,0.305
0.120,0.328
0.114,0.345
0.106,0.356
0.112,0.361
0.104,0.362
0.092,0.358
0.097,0.357
0.105,0.350
0.095,0.353
0.103,0.363
0.107,0.368
0.086,0.384
0.089,0.399
0.090,0.416
0.083,0.430
0.089,0.440
0.076,0.445
0.073,0.447
0.082,0.448
0.067,0.442
0.067,0.438
0.069,0.435
0.069,0.425
0.065,0.419
0.052,0.423
0.071,0.419
0.057,0.416
0.052,0.413
0.056,0.404
0.066,0.402
0.057,0.393
0.047,0.388
0.043,0.384
0.044,0.381
0.053,0.375
0.042,0.362
0.043,0.355
0.045,0.348
0.038,0.337
0.045,0.330
0.028,0.323
0.044,0.312
0.034,0.306
0.043,0.291
0.038,0.281
0.030,0.269
0.037,0.254
0.043,0.239
0.035,0.231
0.042,0.217
0.046,0.198
0.042,0.179
0.033,0.154
0.027,0.133
0.032,0.112
0.029,0.085
0.018,0.071
0.025,0.052
0.030,0.032
0.033,0.021
0.042,0.020
0.040,0.013
0.035,0.006
0.034,-0.005
0.045,-0.015
0.034,-0.026
0.035,-0.052
0.035,-0.070
0.041,-0.093
0.033,-0.104
0.032,-0.118
0.040,-0.130
0.027,-0.135
0.044,-0.144
0.051,-0.145
0.048,-0.149
0.050,-0.152
0.058,-0.164
0.057,-0.168
0.052,-0.188
0.069,-0.200
0.070,-0.225
0.067,-0.246
0.056,-0.264
0.067,-0.284
0.070,-0.291
0.076,-0.297
0.073,-0.303
0.075,-0.301
0.083,-0.295
0.099,-0.296
0.088,-0.302
0.084,-0.305
0.082,-0.309
0.084,-0.317
0.102,-0.333
0.098,-0.335
0.097,-0.339
0.109,-0.341
0.106,-0.343
0.122,-0.340
0.121,-0.340
0.113,-0.336
0.124,-0.327
0.110,-0.321
0.128,-0.314
0.135,-0.307
0.125,-0.306
0.131,-0.299
0.132,-0.301
0.144,-0.299
0.139,-0.292
0.156,-0.289
0.132,-0.286
0.140,-0.275
0.138,-0.266
0.135,-0.257
0.138,-0.256
0.142,-0.248
0.146,-0.249
0.140,-0.240
0.137,-0.230
0.147,-0.222
0.140,-0.211
0.143,-0.199
0.144,-0.197
0.143,-0.197
0.136,-0.194
0.142,-0.181
0.147,-0.173
0.137,-0.162
0.136,-0.155
0.161,-0.145
0.153,-0.140
0.156,-0.115
0.144,-0.090
0.144,-0.066
0.158,-0.048
0.144,-0.026
0.154,-0.004
0.150,0.009
0.145,0.020
0.143,0.031
0.151,0.046
0.154,0.049
0.138,0.052
0.141,0.057
0.133,0.067
0.139,0.080
0.136,0.097
0.132,0.116
0.143,0.135
0.138,0.158
0.135,0.171
0.131,0.183
0.138,0.189
0.129,0.202
0.117,0.206
0.118,0.204
0.128,0.208
0.133,0.215
0.128,0.217
0.127,0.230
0.107,0.248
0.120,0.272
0.120,0.293
0.110,0.308
0.114,0.322
0.113,0.341
0.114,0.347
0.104,0.353
0.100,0.357
0.106,0.355
0.088,0.355
0.091,0.350
0.089,0.348
0.084,0.357
0.085,0.363
0.083,0.380
0.087,0.401
0.099,0.414
0.067,0.430
0.086,0.451
0.094,0.446
0.072,0.445
0.069,0.442
0.072,0.438
0.065,0.439
0.056,0.439
0.052,0.431
0.056,0.425
0.055,0.419
0.047,0.416
0.053,0.407
0.046,0.402
0.036,0.398
0.029,0.394
0.041,0.390
0.037,0.385
0.037,0.383
0.045,0.374
0.025,0.364
0.030,0.362
0.032,0.355
0.034,0.340
0.030,0.328
0.020,0.317
0.028,0.308
0.031,0.301
0.026,0.295
0.036,0.286
0.037,0.270
0.039,0.265
0.034,0.251
0.040,0.241
0.036,0.232
0.033,0.219
0.027,0.202
0.037,0.185
0.045,0.160
0.018,0.133
0.030,0.108
0.024,0.081
0.020,0.064
0.014,0.046
0.032,0.033
0.032,0.024
0.035,0.014
0.036,0.012
0.043,0.009
0.027,-0.002
0.033,-0.018
0.027,-0.038
0.043,-0.056
0.040,-0.073
0.038,-0.089
0.050,-0.106
0.042,-0.118
0.045,-0.128
0.044,-0.141
0.043,-0.148
0.054,-0.151
0.053,-0.164
0.058,-0.168
0.062,-0.174
0.062,-0.184
0.070,-0.201
0.058,-0.219
0.072,-0.241
0.070,-0.256
0.070,-0.275
0.068,-0.287
0.066,-0.298
0.070,-0.305
0.070,-0.308
0.076,-0.309
0.083,-0.305
0.081,-0.305
0.093,-0.311
0.086,-0.307
0.085,-0.315
0.094,-0.327
0.084,-0.337
0.096,-0.347
0.094,-0.353
0.095,-0.359
0.095,-0.348
0.109,-0.353
0.103,-0.347
0.114,-0.338
0.110,-0.335
0.113,-0.328
0.118,-0.318
0.115,-0.311
0.114,-0.306
0.113,-0.304
0.123,-0.300
0.136,-0.298
0.138,-0.292
0.138,-0.286
0.133,-0.279
0.122,-0.271
0.141,-0.267
0.122,-0.258
0.127,-0.257
0.132,-0.246
0.137,-0.243
0.145,-0.235
0.138,-0.231
0.131,-0.224
0.143,-0.217
0.149,-0.210
0.137,-0.199
0.145,-0.196
0.143,-0.191
0.136,-0.179
0.143,-0.174
0.141,-0.156
0.150,-0.152
0.148,-0.141
0.161,-0.130
0.153,-0.113
0.150,-0.091
0.147,-0.069
0.164,-0.047
0.164,-0.021
0.158,-0.005
0.159,0.010
0.145,0.018
0.152,0.024
0.162,0.032
0.158,0.036
0.152,0.052
0.141,0.056
0.143,0.077
0.143,0.086
0.151,0.106
0.149,0.127
0.139,0.144
0.142,0.158
0.147,0.167
0.140,0.177
0.132,0.185
0.135,0.199
0.119,0.204
0.133,0.207
0.120,0.215
0.127,0.216
0.117,0.225
0.118,0.240
0.116,0.256
0.125,0.275
0.115,0.290
0.109,0.313
0.112,0.330
0.116,0.342
0.109,0.357
0.098,0.353
0.093,0.351
0.106,0.349
0.095,0.349
0.096,0.347
0.093,0.355
0.077,0.359
0.082,0.363
0.078,0.378
0.076,0.395
0.084,0.421
0.088,0.434
0.090,0.440
0.086,0.446
0.078,0.442
0.075,0.441
0.070,0.431
0.069,0.440
0.059,0.427
0.060,0.424
0.050,0.416
0.045,0.413
0.058,0.413
0.049,0.410
0.052,0.405
0.045,0.398
0.039,0.393
0.047,0.387
0.044,0.384
0.053,0.375
0.038,0.370
0.036,0.368
0.047,0.353
0.044,0.344
0.040,0.336
0.035,0.318
0.028,0.312
0.037,0.304
0.037,0.298
0.038,0.284
0.040,0.278
0.043,0.267
0.034,0.256
0.037,0.247
0.033,0.233
0.046,0.217
0.031,0.205
0.028,0.187
0.032,0.161
0.033,0.144
0.028,0.117
0.016,0.095
0.017,0.073
0.018,0.052
0.033,0.038
0.019,0.031
0.040,0.019
0.039,0.012
0.026,0.006
0.039,-0.006
0.041,-0.020
0.036,-0.032
0.043,-0.050
0.033,-0.065
0.054,-0.086
0.042,-0.103
0.043,-0.118
0.052,-0.135
0.052,-0.141
0.048,-0.150
0.056,-0.164
0.050,-0.167
0.052,-0.169
0.052,-0.166
0.066,-0.171
0.075,-0.183
0.067,-0.198
0.071,-0.219
0.081,-0.243
0.067,-0.259
0.054,-0.280
0.062,-0.294
0.059,-0.304
0.063,-0.309
0.084,-0.308
0.084,-0.310
0.077,-0.305
0.076,-0.312
0.085,-0.314
0.087,-0.318
0.101,-0.327
0.088,-0.338
0.094,-0.341
0.099,-0.349
0.100,-0.353
0.111,-0.352
0.097,-0.352
0.108,-0.347
0.103,-0.341
0.124,-0.330
0.115,-0.331
0.119,-0.323
0.121,-0.323
0.122,-0.311
0.131,-0.307
0.135,-0.306
0.133,-0.301
0.129,-0.297
0.114,-0.296
0.132,-0.289
0.132,-0.288
0.136,-0.280
0.124,-0.272
0.145,-0.265
0.137,-0.260
0.140,-0.253
0.154,-0.246
0.157,-0.243
0.144,-0.236
0.132,-0.228
0.132,-0.221
0.128,-0.213
0.146,-0.207
0.146,-0.199
0.149,-0.190
0.141,-0.184
0.146,-0.173
0.146,-0.171
0.145,-0.156
0.139,-0.145
0.144,-0.128
0.141,-0.108
0.146,-0.084
0.150,-0.065
0.150,-0.039
0.144,-0.020
0.153,-0.004
0.143,0.016
0.151,0.019
0.140,0.030
0.131,0.036
0.137,0.048
0.131,0.052
0.141,0.061
0.128,0.072
0.139,0.087
0.137,0.107
0.144,0.116
0.133,0.137
0.141,0.155
0.137,0.161
0.141,0.176
0.119,0.184
0.113,0.190
0.115,0.193
0.129,0.200
0.122,0.203
0.117,0.207
0.124,0.218
0.122,0.235
0.105,0.251
0.113,0.275
0.118,0.299
0.100,0.314
0.107,0.333
0.113,0.335
0.110,0.345
0.107,0.352
0.084,0.355
0.088,0.348
0.096,0.346
0.084,0.349
0.083,0.350
0.083,0.359
0.086,0.377
0.085,0.381
0.081,0.404
0.087,0.422
0.084,0.427
0.082,0.441
0.074,0.445
0.067,0.446
0.079,0.443
0.059,0.441
0.066,0.433
0.066,0.433
0.053,0.426
0.062,0.423
0.065,0.412
0.042,0.411
0.050,0.402
0.064,0.396
0.047,0.391
0.041,0.383
0.036,0.381
0.039,0.369
0.034,0.363
0.050,0.361
0.042,0.350
0.035,0.343
0.032,0.336
0.035,0.329
0.040,0.314
0.035,0.304
0.031,0.296
0.038,0.290
0.029,0.287
0.031,0.277
0.031,0.265
0.034,0.253
0.030,0.244
0.022,0.231
0.020,0.220
0.023,0.206
0.037,0.190
0.029,0.168
0.025,0.143
0.012,0.122
0.011,0.092
0.027,0.071
0.028,0.053
0.014,0.037
0.028,0.024
0.025,0.019
0.032,0.011
0.032,0.002
0.026,-0.008
0.038,-0.026
0.045,-0.032
0.033,-0.055
0.036,-0.073
0.040,-0.091
0.037,-0.103
0.048,-0.118
0.041,-0.132
0.045,-0.140
0.044,-0.150
0.041,-0.153
0.050,-0.161
0.049,-0.165
0.052,-0.165
0.046,-0.182
0.053,-0.190
0.052,-0.201
0.053,-0.223
0.050,-0.241
0.054,-0.267
0.054,-0.280
0.064,-0.293
0.058,-0.298
0.063,-0.304
0.057,-0.303
0.074,-0.303
0.074,-0.304
0.072,-0.308
0.065,-0.314
0.072,-0.324
0.095,-0.326
0.084,-0.337
0.094,-0.340
0.088,-0.348
0.096,-0.347
0.091,-0.351
0.102,-0.346
0.101,-0.345
0.112,-0.339
0.113,-0.332
0.131,-0.330
0.117,-0.321
0.118,-0.323
0.112,-0.314
0.116,-0.310
0.125,-0.306
0.119,-0.303
0.134,-0.298
0.123,-0.289
0.132,-0.280
0.129,-0.275
0.140,-0.276
0.125,-0.269
0.137,-0.258
0.123,-0.253
0.137,-0.245
0.141,-0.241
0.140,-0.232
0.142,-0.224
0.137,-0.214
0.129,-0.210
0.139,-0.202
0.142,-0.200
0.134,-0.193
0.123,-0.179
0.123,-0.169
0.133,-0.163
0.128,-0.159
0.131,-0.149
0.146,-0.134
0.146,-0.120
0.143,-0.100
0.140,-0.074
0.145,-0.052
0.144,-0.020
0.147,-0.006
0.152,0.017
0.143,0.023
0.155,0.034
0.140,0.036
0.139,0.048
0.136,0.050
0.150,0.060
0.144,0.072
0.142,0.085
0.138,0.101
0.137,0.113
0.151,0.131
0.142,0.156
0.141,0.167
0.130,0.179
0.128,0.187
0.129,0.193
0.123,0.196
0.128,0.200
0.115,0.207
0.109,0.212
0.117,0.224
0.121,0.229
0.110,0.243
0.121,0.261
0.109,0.281
0.102,0.296
0.121,0.316
0.107,0.337
0.113,0.344
0.103,0.350
0.097,0.352
0.092,0.349
0.091,0.351
0.089,0.356
0.099,0.349
0.090,0.359
0.075,0.366
0.095,0.382
0.081,0.403
0.092,0.416
0.083,0.431
0.079,0.440
0.082,0.447
0.072,0.446
0.068,0.449
0.066,0.446
0.082,0.437
0.055,0.429
0.059,0.425
0.055,0.417
0.060,0.414
0.054,0.416
0.048,0.412
0.056,0.406
0.048,0.403
0.042,0.393
0.044,0.389
0.046,0.380
0.044,0.373
0.039,0.366
0.022,0.358
0.043,0.359
0.033,0.349
0.047,0.343
0.034,0.336
0.041,0.323
0.046,0.315
0.043,0.305
0.035,0.297
0.033,0.286
0.027,0.275
0.035,0.268
0.041,0.255
0.030,0.245
0.027,0.229
0.030,0.219
0.020,0.207
0.033,0.186
0.016,0.156
0.015,0.133
0.025,0.109
0.019,0.079
0.026,0.066
0.030,0.048
0.034,0.034
0.033,0.030
0.039,0.020
0.038,0.009
0.038,0.003
0.052,-0.002
0.049,-0.026
0.050,-0.041
0.042,-0.060
0.045,-0.078
0.042,-0.093
0.035,-0.112
0.039,-0.126
0.027,-0.135
0.051,-0.142
0.051,-0.149
0.048,-0.157
0.052,-0.165
0.061,-0.169
0.055,-0.170
0.052,-0.185
0.060,-0.196
0.064,-0.212
0.063,-0.236
0.059,-0.253
0.057,-0.273
0.069,-0.290
0.073,-0.306
0.069,-0.308
0.070,-0.313
0.072,-0.310
0.074,-0.314
0.078,-0.311
0.087,-0.308
0.095,-0.315
0.095,-0.325
0.101,-0.330
0.094,-0.339
0.100,-0.346
0.099,-0.353
0.091,-0.351
0.106,-0.348
0.109,-0.349
0.115,-0.342
0.112,-0.335
0.113,-0.333
0.129,-0.326
0.117,-0.318
0.118,-0.312
0.122,-0.308
0.137,-0.301
0.132,-0.295
0.125,-0.298
0.121,-0.284
0.126,-0.277
0.130,-0.281
0.126,-0.277
0.132,-0.267
0.138,-0.263
0.142,-0.259
0.142,-0.256
0.134,-0.249
0.137,-0.235
0.143,-0.231
0.148,-0.218
0.146,-0.218
0.159,-0.205
0.141,-0.204
0.141,-0.194
0.140,-0.188
0.145,-0.178
0.140,-0.170
0.154,-0.165
0.148,-0.150
0.153,-0.137
0.143,-0.127
0.148,-0.112
0.147,-0.088
0.153,-0.066
0.146,-0.043
0.153,-0.026
0.156,-0.002
0.166,0.016
0.156,0.024
0.163,0.037
0.145,0.044
0.158,0.050
0.145,0.060
0.154,0.063
0.146,0.067
0.144,0.087
0.137,0.102
0.140,0.122
0.152,0.141
0.147,0.155
0.140,0.168
0.136,0.176
0.143,0.194
0.140,0.197
0.123,0.203
0.127,0.208
0.124,0.207
0.131,0.212
0.118,0.215
0.134,0.231
0.123,0.250
0.117,0.270
0.124,0.287
0.118,0.308
0.114,0.321
0.127,0.334
0.117,0.344
0.118,0.351
0.097,0.353
0.102,0.350
0.098,0.351
0.083,0.347
0.077,0.358
0.089,0.361
0.078,0.369
0.086,0.382
0.080,0.399
0.087,0.415
0.096,0.425
0.088,0.436
0.084,0.444
0.076,0.443
0.081,0.441
0.069,0.436
0.059,0.428
0.067,0.430
0.063,0.420
0.072,0.417
0.063,0.411
0.059,0.404
0.076,0.404
0.060,0.402
0.053,0.401
0.045,0.397
0.056,0.389
0.052,0.387
0.053,0.375
0.052,0.368
0.048,0.363
0.051,0.356
0.053,0.349
0.046,0.345
0.041,0.328
0.039,0.316
0.039,0.311
0.037,0.303
0.047,0.291
0.035,0.285
0.039,0.276
0.040,0.262
0.050,0.251
0.040,0.242
0.017,0.228
0.029,0.213
0.040,0.193
0.029,0.176
0.029,0.150
0.030,0.122
0.022,0.090
0.022,0.071
0.023,0.053
0.020,0.035
0.020,0.023
0.037,0.018
0.033,0.010
0.030,0.007
0.031,-0.003
0.035,-0.022
0.029,-0.031
0.052,-0.049
0.045,-0.062
0.039,-0.092
0.041,-0.107
0.043,-0.128
0.044,-0.132
0.048,-0.137
0.052,-0.144
0.052,-0.146
0.062,-0.158
0.052,-0.170
0.065,-0.171
0.060,-0.176
0.062,-0.192
0.055,-0.203
0.065,-0.226
0.072,-0.248
0.060,-0.265
0.080,-0.285
0.065,-0.302
0.078,-0.307
0.092,-0.314
0.071,-0.322
0.090,-0.321
0.093,-0.319
0.102,-0.327
0.099,-0.326
0.098,-0.328
0.094,-0.334
0.093,-0.337
0.094,-0.349
0.102,-0.355
0.103,-0.354
0.112,-0.357
0.109,-0.355
0.115,-0.351
0.119,-0.349
0.127,-0.344
0.121,-0.338
0.145,-0.334
0.131,-0.327
0.131,-0.319
0.127,-0.318
0.137,-0.309
0.134,-0.303
0.127,-0.297
0.130,-0.291
0.129,-0.287
0.125,-0.285
0.127,-0.281
0.126,-0.273
0.134,-0.269
0.138,-0.267
0.143,-0.261
0.138,-0.255
0.119,-0.244
0.163,-0.237
0.140,-0.224
0.143,-0.224
0.146,-0.221
0.151,-0.212
0.141,-0.203
0.162,-0.189
0.143,-0.186
0.143,-0.175
0.150,-0.169
0.166,-0.160
0.160,-0.150
0.169,-0.129
0.143,-0.112
0.161,-0.092
0.160,-0.067
0.157,-0.042
0.167,-0.019
0.156,0.001
0.160,0.012
0.154,0.022
0.150,0.029
0.146,0.040
0.137,0.044
0.149,0.052
0.155,0.060
0.143,0.072
0.141,0.089
0.147,0.103
0.138,0.117
0.152,0.139
0.145,0.155
0.147,0.169
0.139,0.179
0.141,0.190
0.116,0.192
0.130,0.198
0.127,0.203
0.129,0.205
0.123,0.211
0.115,0.223
0.107,0.231
0.120,0.247
0.126,0.269
0.124,0.292
0.116,0.314
0.117,0.330
0.109,0.340
0.114,0.348
0.098,0.354
0.098,0.348
0.098,0.343
0.093,0.341
0.102,0.348
0.087,0.352
0.095,0.359
0.082,0.368
0.086,0.383
0.082,0.405
0.068,0.417
0.083,0.434
0.070,0.441
0.080,0.446
0.070,0.450
0.071,0.443
0.076,0.440
0.070,0.437
0.087,0.431
0.071,0.425
0.069,0.428
0.071,0.423
0.050,0.415
0.061,0.414
0.050,0.406
0.047,0.401
0.058,0.396
0.048,0.387
0.052,0.388
0.045,0.376
0.043,0.371
0.043,0.361
0.048,0.357
0.044,0.347
0.038,0.334
0.053,0.326
0.047,0.314
0.043,0.312
0.041,0.304
0.059,0.291
0.040,0.281
0.034,0.269
0.040,0.261
0.037,0.249
0.046,0.244
0.045,0.223
0.035,0.205
0.048,0.188
0.032,0.170
0.031,0.137
0.014,0.111
0.020,0.092
0.025,0.068
0.043,0.047
0.024,0.037
0.037,0.029
0.029,0.020
0.038,0.006
0.037,-0.002
0.036,-0.011
0.034,-0.027
0.048,-0.043
0.045,-0.058
0.046,-0.077
0.044,-0.093
0.061,-0.108
0.067,-0.127
0.056,-0.138
0.049,-0.144
0.043,-0.147
0.063,-0.156
0.073,-0.162
0.061,-0.162
0.074,-0.172
0.064,-0.180
0.073,-0.188
0.066,-0.208
0.064,-0.226
0.068,-0.246
0.061,-0.269
0.074,-0.285
0.063,-0.300
0.068,-0.310
0.070,-0.317
0.072,-0.314
0.086,-0.311
0.092,-0.314
0.086,-0.311
0.091,-0.319
0.090,-0.326
0.093,-0.335
0.103,-0.340
0.087,-0.353
0.091,-0.354
0.094,-0.353
0.095,-0.354
0.094,-0.353
0.105,-0.350
0.104,-0.350
0.122,-0.346
0.123,-0.333
0.126,-0.327
0.137,-0.325
0.131,-0.312
0.132,-0.307
0.125,-0.301
0.131,-0.297
0.125,-0.297
0.137,-0.294
0.125,-0.294
0.145,-0.283
0.133,-0.269
0.137,-0.264
0.131,-0.263
0.139,-0.260
0.146,-0.257
0.137,-0.248
0.144,-0.237
0.141,-0.228
0.137,-0.219
0.141,-0.212
0.136,-0.206
0.133,-0.200
0.131,-0.197
0.156,-0.188
0.139,-0.180
0.140,-0.176
0.146,-0.163
0.155,-0.153
0.151,-0.140
0.139,-0.124
0.147,-0.102
0.142,-0.077
0.142,-0.058
0.142,-0.037
0.153,-0.017
0.141,0.009
0.135,0.021
0.144,0.030
0.147,0.038
0.137,0.047
0.145,0.050
0.143,0.056
0.120,0.068
0.141,0.077
0.137,0.089
0.145,0.110
0.134,0.125
0.131,0.141
0.136,0.157
0.143,0.163
0.131,0.177
0.133,0.186
0.128,0.196
0.122,0.198
0.129,0.205
0.126,0.209
0.128,0.220
0.134,0.229
0.127,0.239
0.108,0.260
0.120,0.282
0.116,0.304
0.109,0.318
0.114,0.330
0.102,0.346
0.102,0.353
0.108,0.349
0.107,0.350
0.103,0.345
0.098,0.348
0.090,0.355
0.080,0.359
0.093,0.368
0.093,0.380
0.090,0.401
0.078,0.418
0.085,0.428
0.076,0.437
0.061,0.442
0.069,0.444
0.071,0.439
0.076,0.445
0.071,0.442
0.065,0.437
0.065,0.431
0.061,0.416
0.072,0.416
0.061,0.415
0.056,0.408
0.042,0.407
0.042,0.408
0.056,0.400
0.034,0.394
0.039,0.386
0.037,0.381
0.033,0.377
0.034,0.366
0.038,0.358
0.035,0.351
0.040,0.341
0.043,0.331
0.021,0.322
0.040,0.314
0.041,0.313
0.026,0.302
0.029,0.289
0.032,0.281
0.028,0.267
0.025,0.256
0.036,0.246
0.026,0.232
0.039,0.216
0.023,0.200
0.021,0.181
0.032,0.156
0.026,0.133
0.025,0.107
0.013,0.085
0.021,0.062
0.019,0.052
0.024,0.035
0.020,0.029
0.035,0.020
0.028,0.009
0.033,0.010
0.021,-0.006
0.032,-0.017
0.029,-0.034
0.032,-0.048
0.037,-0.070
0.045,-0.088
0.048,-0.111
0.034,-0.114
0.046,-0.125
0.039,-0.140
0.049,-0.139
0.044,-0.152
0.049,-0.158
0.061,-0.164
0.048,-0.165
0.060,-0.180
0.078,-0.191
0.064,-0.212
0.054,-0.232
0.056,-0.253
0.054,-0.269
0.057,-0.291
0.056,-0.309
0.065,-0.316
0.066,-0.314
0.077,-0.313
0.073,-0.311
0.084,-0.308
0.079,-0.309
0.095,-0.311
0.079,-0.317
0.096,-0.322
0.079,-0.330
0.083,-0.341
0.092,-0.347
0.096,-0.354
0.099,-0.351
0.104,-0.354
0.107,-0.351
0.107,-0.347
0.096,-0.341
0.114,-0.333
0.115,-0.322
0.110,-0.318
0.116,-0.318
0.131,-0.308
0.128,-0.305
0.110,-0.297
0.129,-0.295
0.123,-0.293
0.128,-0.284
0.138,-0.280
0.123,-0.274
0.131,-0.268
0.140,-0.259
0.130,-0.256
0.140,-0.252
0.132,-0.243
0.130,-0.236
0.140,-0.232
0.136,-0.223
0.144,-0.215
0.155,-0.211
0.145,-0.206
0.138,-0.201
0.146,-0.191
0.138,-0.184
0.134,-0.174
0.132,-0.164
0.145,-0.156
0.142,-0.141
0.135,-0.120
0.139,-0.107
0.153,-0.080
0.136,-0.056
0.153,-0.031
0.155,-0.015
0.154,0.004
0.143,0.017
0.152,0.024
0.136,0.033
0.147,0.035
0.149,0.044
0.129,0.055
0.144,0.068
0.134,0.083
0.137,0.100
0.132,0.119
0.152,0.137
0.128,0.149
0.131,0.167
0.138,0.178
0.131,0.183
0.125,0.196
0.121,0.195
0.125,0.207
0.130,0.209
0.115,0.214
0.120,0.224
0.116,0.229
0.111,0.242
0.106,0.263
0.113,0.283
0.100,0.303
0.098,0.325
0.094,0.340
0.107,0.342
0.097,0.351
0.104,0.349
0.094,0.354
0.080,0.347
0.089,0.343
0.091,0.347
0.096,0.355
0.079,0.362
0.091,0.378
0.092,0.391
0.099,0.410
0.084,0.432
0.090,0.437
0.082,0.452
0.085,0.449
0.071,0.447
0.075,0.446
0.075,0.439
0.068,0.428
0.065,0.427
0.046,0.426
0.060,0.416
0.066,0.409
0.039,0.404
0.061,0.404
0.046,0.400
0.056,0.391
0.041,0.382
0.051,0.379
0.034,0.371
0.046,0.371
0.047,0.371
0.054,0.356
0.038,0.346
0.043,0.336
0.030,0.325
0.036,0.313
0.039,0.313
0.035,0.300
0.038,0.299
0.037,0.283
0.030,0.279
0.030,0.265
0.030,0.250
0.043,0.245
0.039,0.232
0.041,0.219
0.029,0.198
0.033,0.175
0.025,0.149
0.033,0.134
0.035,0.105
0.028,0.085
0.026,0.063
0.030,0.050
0.036,0.037
0.036,0.029
0.034,0.019
0.034,0.013
0.038,0.004
0.027,-0.010
0.044,-0.021
0.040,-0.041
0.029,-0.055
0.031,-0.076
0.030,-0.095
0.035,-0.115
0.041,-0.130
0.032,-0.137
0.039,-0.149
0.040,-0.153
0.051,-0.156
0.059,-0.166
0.067,-0.173
0.055,-0.177
0.062,-0.186
0.066,-0.198
0.071,-0.217
0.070,-0.239
0.054,-0.259
0.062,-0.281
0.072,-0.295
0.068,-0.305
0.081,-0.310
0.094,-0.306
0.083,-0.306
0.084,-0.306
0.090,-0.302
0.089,-0.306
0.099,-0.311
0.088,-0.327
0.086,-0.331
0.084,-0.334
0.098,-0.345
0.094,-0.353
0.103,-0.348
0.109,-0.349
0.097,-0.346
0.112,-0.347
0.109,-0.342
0.115,-0.338
0.113,-0.325
0.114,-0.327
0.116,-0.319
0.111,-0.308
0.114,-0.302
0.121,-0.303
0.116,-0.296
0.116,-0.295
0.137,-0.291
0.125,-0.283
0.122,-0.282
0.135,-0.273
0.149,-0.264
0.131,-0.264
0.130,-0.262
0.142,-0.251
0.135,-0.247
0.137,-0.235
0.140,-0.227
0.139,-0.219
0.142,-0.212
0.134,-0.205
0.143,-0.198
0.133,-0.188
0.133,-0.181
0.140,-0.175
0.149,-0.164
0.136,-0.160
0.152,-0.148
0.136,-0.127
0.145,-0.111
0.133,-0.090
0.142,-0.063
0.148,-0.042
0.154,-0.020
0.149,-0.002
0.158,0.005
0.149,0.024
0.154,0.026
0.143,0.037
0.135,0.046
0.133,0.049
0.133,0.060
0.132,0.069
0.137,0.080
0.133,0.099
0.142,0.118
0.153,0.131
0.139,0.149
0.139,0.167
0.132,0.185
0.139,0.190
0.145,0.196
0.131,0.198
0.114,0.206
0.136,0.204
0.113,0.210
0.117,0.220
0.120,0.228
0.121,0.239
0.114,0.260
0.112,0.289
0.118,0.306
0.115,0.328
0.117,0.339
0.100,0.347
0.109,0.345
0.096,0.347
0.084,0.350
0.091,0.351
0.098,0.355
0.096,0.356
0.087,0.355
0.090,0.366
0.092,0.384
0.086,0.403
0.089,0.417
0.092,0.431
0.085,0.435
0.072,0.440
0.075,0.444
0.067,0.440
0.058,0.441
0.071,0.425
0.062,0.429
0.054,0.419
0.061,0.414
0.056,0.416
0.052,0.409
0.045,0.408
0.054,0.403
0.069,0.401
0.049,0.394
0.055,0.388
0.050,0.382
0.055,0.375
0.047,0.367
0.042,0.363
0.039,0.361
0.033,0.347
0.035,0.339
0.032,0.327
0.031,0.318
0.046,0.308
0.036,0.301
0.038,0.291
0.024,0.287
0.033,0.273
0.013,0.263
0.019,0.245
0.030,0.241
0.031,0.229
0.032,0.210
0.025,0.195
0.023,0.176
0.025,0.151
0.021,0.124
0.028,0.097
0.029,0.076
0.019,0.053
0.032,0.039
0.034,0.026
0.025,0.021
0.033,0.014
0.035,0.004
0.043,-0.001
0.029,-0.013
0.044,-0.028
0.042,-0.044
0.046,-0.058
0.050,-0.079
0.039,-0.094
0.036,-0.112
0.048,-0.121
0.039,-0.133
0.049,-0.140
0.051,-0.146
0.041,-0.146
0.052,-0.156
0.051,-0.153
0.050,-0.164
0.058,-0.175
0.059,-0.194
0.064,-0.208
0.063,-0.241
0.074,-0.262
0.074,-0.286
0.077,-0.299
0.081,-0.307
0.077,-0.310
0.082,-0.312
0.087,-0.310
0.095,-0.306
0.093,-0.312
0.093,-0.308
0.100,-0.319
0.113,-0.329
0.095,-0.340
0.098,-0.341
0.109,-0.350
0.101,-0.348
0.107,-0.348
0.111,-0.344
0.122,-0.342
0.119,-0.335
0.123,-0.326
0.121,-0.325
0.132,-0.317
0.129,-0.316
0.119,-0.310
0.135,-0.302
0.130,-0.304
0.124,-0.303
0.137,-0.296
0.128,-0.289
0.136,-0.286
0.154,-0.275
0.141,-0.272
0.147,-0.274
0.144,-0.263
0.151,-0.252
0.149,-0.247
0.141,-0.239
0.140,-0.239
0.144,-0.229
0.148,-0.220
0.147,-0.216
0.156,-0.206
0.142,-0.198
0.150,-0.192
0.152,-0.187
0.139,-0.181
0.145,-0.170
0.148,-0.164
0.146,-0.153
0.151,-0.141
0.154,-0.127
0.148,-0.106
0.143,-0.079
0.141,-0.066
0.168,-0.045
0.163,-0.016
0.153,-0.003
0.150,0.012
0.154,0.027
0.162,0.040
0.141,0.046
0.147,0.049
0.144,0.053
0.141,0.067
0.142,0.079
0.131,0.097
0.150,0.110
0.150,0.126
0.147,0.145
0.146,0.161
0.141,0.173
0.139,0.177
0.136,0.188
0.134,0.198
0.131,0.204
0.136,0.211
0.137,0.210
0.120,0.219
0.120,0.229
0.111,0.242
0.109,0.260
0.119,0.282
0.126,0.303
0.119,0.324
0.113,0.332
0.119,0.343
0.106,0.359
0.113,0.358
0.109,0.360
0.093,0.355
0.107,0.357
0.096,0.363
0.082,0.358
0.085,0.367
0.098,0.372
0.096,0.395
0.096,0.414
0.092,0.431
0.078,0.444
0.090,0.452
0.074,0.454
0.082,0.457
0.077,0.454
0.074,0.449
0.064,0.441
0.074,0.433
0.056,0.430
0.052,0.424
0.054,0.420
0.069,0.417
0.048,0.411
0.052,0.407
0.054,0.401
0.054,0.393
0.055,0.393
0.044,0.383
0.032,0.377
0.036,0.369
0.039,0.357
0.036,0.354
0.023,0.344
0.036,0.329
0.024,0.321
0.029,0.315
0.030,0.302
0.040,0.297
0.037,0.283
0.032,0.273
0.045,0.270
0.040,0.256
0.036,0.247
0.034,0.237
0.041,0.227
0.027,0.209
0.037,0.189
0.038,0.166
0.035,0.141
0.041,0.112
0.033,0.091
0.018,0.070
0.021,0.050
0.034,0.036
0.017,0.030
0.019,0.022
0.045,0.013
0.037,0.010
0.039,0.001
0.044,-0.014
0.038,-0.033
0.039,-0.052
0.045,-0.068
0.044,-0.084
0.036,-0.104
0.033,-0.114
0.046,-0.128
0.062,-0.133
0.045,-0.140
0.051,-0.153
0.053,-0.156
0.042,-0.157
0.055,-0.168
0.063,-0.177
0.061,-0.188
0.062,-0.203
0.065,-0.220
0.063,-0.244
0.062,-0.259
0.066,-0.278
0.068,-0.293
0.071,-0.302
0.072,-0.305
0.086,-0.310
0.079,-0.305
0.078,-0.301
0.091,-0.301
0.089,-0.307
0.094,-0.316
0.099,-0.320
0.094,-0.332
0.093,-0.336
0.100,-0.338
0.111,-0.350
0.107,-0.350
0.111,-0.346
0.101,-0.346
0.116,-0.337
0.110,-0.332
0.134,-0.325
0.122,-0.324
0.124,-0.315
0.123,-0.315
0.126,-0.308
0.132,-0.296
0.127,-0.298
0.132,-0.296
0.132,-0.288
0.142,-0.288
0.127,-0.277
0.155,-0.270
0.141,-0.268
0.142,-0.259
0.127,-0.252
0.139,-0.248
0.148,-0.236
0.154,-0.226
0.160,-0.223
0.135,-0.213
0.157,-0.209
0.143,-0.200
0.146,-0.197
0.148,-0.187
0.127,-0.184
0.150,-0.176
0.142,-0.165
0.160,-0.156
0.146,-0.143
0.151,-0.134
0.152,-0.118
0.153,-0.105
0.147,-0.083
0.162,-0.053
0.159,-0.038
0.155,-0.016
0.164,0.005
0.162,0.018
0.145,0.024
0.157,0.033
0.141,0.038
0.151,0.047
0.147,0.054
0.130,0.067
0.143,0.086
0.147,0.095
0.151,0.104
0.159,0.124
0.148,0.146
0.154,0.165
0.137,0.172
0.141,0.180
0.132,0.186
0.131,0.190
0.132,0.207
0.132,0.209
0.131,0.214
0.135,0.219
0.130,0.234
0.130,0.242
0.125,0.268
0.117,0.286
0.133,0.308
0.125,0.323
0.133,0.335
0.117,0.347
0.115,0.351
0.106,0.354
0.101,0.354
0.095,0.355
0.096,0.352
0.098,0.360
0.087,0.365
0.088,0.369
0.090,0.381
0.087,0.403
0.087,0.417
0.091,0.436
0.090,0.441
0.078,0.445
0.080,0.454
0.065,0.453
0.068,0.441
0.066,0.438
0.067,0.429
0.064,0.426
0.061,0.420
0.060,0.415
0.061,0.414
0.063,0.414
0.061,0.415
0.052,0.410
0.051,0.406
0.045,0.396
0.051,0.388
0.048,0.380
0.043,0.375
0.047,0.373
0.041,0.364
0.046,0.349
0.040,0.341
0.040,0.332
0.037,0.324
0.034,0.315
0.034,0.305
0.026,0.296
0.032,0.289
0.022,0.278
0.045,0.269
0.037,0.257
0.031,0.244
0.027,0.238
0.033,0.218
0.040,0.202
0.026,0.178
0.034,0.159
0.035,0.135
0.026,0.108
0.026,0.084
0.021,0.066
0.029,0.047
0.049,0.038
0.030,0.026
0.045,0.018
0.050,0.012
0.039,0.003
0.051,-0.005
0.043,-0.024
0.042,-0.033
0.028,-0.057
0.035,-0.074
0.041,-0.092
0.032,-0.105
0.037,-0.118
0.025,-0.129
0.039,-0.142
0.044,-0.145
0.053,-0.149
0.042,-0.158
0.063,-0.164
0.049,-0.166
0.061,-0.175
0.057,-0.191
0.059,-0.212
0.056,-0.232
0.055,-0.248
0.050,-0.275
0.074,-0.296
0.073,-0.306
0.069,-0.313
0.070,-0.310
0.074,-0.313
0.070,-0.309
0.072,-0.313
0.084,-0.317
0.085,-0.320
0.092,-0.322
0.080,-0.326
0.093,-0.340
0.090,-0.342
0.089,-0.347
0.112,-0.350
0.091,-0.350
0.109,-0.347
0.102,-0.347
0.102,-0.341
0.111,-0.336
0.124,-0.334
0.116,-0.322
0.131,-0.315
0.115,-0.317
0.126,-0.313
0.126,-0.313
0.117,-0.307
0.137,-0.295
0.126,-0.291
0.134,-0.285
0.139,-0.277
0.122,-0.275
0.142,-0.269
0.134,-0.267
0.136,-0.258
0.138,-0.245
0.133,-0.245
0.129,-0.235
0.144,-0.225
0.140,-0.222
0.145,-0.209
0.137,-0.206
0.147,-0.199
0.147,-0.191
0.138,-0.180
0.141,-0.173
0.135,-0.163
0.136,-0.154
0.130,-0.138
0.139,-0.123
0.141,-0.106
0.140,-0.085
0.150,-0.064
0.143,-0.041
0.141,-0.021
0.136,-0.001
0.140,0.008
0.143,0.025
0.142,0.031
0.135,0.041
0.134,0.054
0.154,0.055
0.155,0.058
0.152,0.073
0.143,0.094
0.147,0.106
0.152,0.121
0.148,0.137
0.137,0.153
0.154,0.165
0.141,0.174
0.129,0.187
0.138,0.191
0.129,0.198
0.133,0.204
0.133,0.212
0.120,0.214
0.115,0.222
0.113,0.230
0.123,0.248
0.136,0.271
0.127,0.288
0.125,0.304
0.116,0.329
0.122,0.341
0.115,0.348
0.108,0.358
0.109,0.354
0.105,0.352
0.097,0.352
0.095,0.352
0.090,0.353
0.098,0.363
0.102,0.369
0.090,0.389
0.084,0.406
0.078,0.420
0.079,0.435
0.098,0.450
0.069,0.451
0.088,0.454
0.077,0.449
0.068,0.451
0.071,0.438
0.056,0.439
0.060,0.430
0.055,0.426
0.055,0.432
0.052,0.423
0.052,0.418
0.058,0.412
0.042,0.403
0.051,0.400
0.059,0.395
0.037,0.386
0.046,0.378
0.041,0.377
0.040,0.369
0.035,0.358
0.043,0.347
0.041,0.338
0.036,0.333
0.032,0.322
0.035,0.312
0.036,0.306
0.039,0.297
0.026,0.286
0.035,0.278
0.036,0.265
0.041,0.257
0.038,0.249
0.018,0.236
0.034,0.217
0.021,0.203
0.032,0.185
0.031,0.157
0.020,0.130
0.035,0.099
0.033,0.076
0.024,0.063
0.020,0.043
0.039,0.030
0.033,0.018
0.042,0.015
0.046,0.012
0.043,-0.002
0.049,-0.004
0.036,-0.022
0.039,-0.041
0.038,-0.052
0.045,-0.073
0.039,-0.093
0.036,-0.108
0.042,-0.126
0.038,-0.130
0.050,-0.140
0.057,-0.145
0.056,-0.150
0.064,-0.156
0.054,-0.158
0.064,-0.169
0.061,-0.178
0.056,-0.194
0.054,-0.216
0.062,-0.232
0.059,-0.254
0.073,-0.277
0.068,-0.286
0.066,-0.291
0.073,-0.298
0.073,-0.296
0.085,-0.293
0.092,-0.296
0.090,-0.302
0.093,-0.298
0.092,-0.305
0.090,-0.314
0.100,-0.323
0.095,-0.333
0.098,-0.337
0.098,-0.343
0.093,-0.341
0.113,-0.342
0.099,-0.334
0.102,-0.332
0.114,-0.328
0.113,-0.322
0.124,-0.318
0.118,-0.314
0.129,-0.304
0.127,-0.301
0.124,-0.296
0.128,-0.296
0.129,-0.290
0.135,-0.288
0.128,-0.281
0.126,-0.280
0.139,-0.275
0.139,-0.261
0.155,-0.258
0.143,-0.253
0.148,-0.248
0.143,-0.235
0.145,-0.230
0.142,-0.227
0.137,-0.213
0.137,-0.199
0.142,-0.198
0.147,-0.193
0.155,-0.182
0.144,-0.179
0.144,-0.164
0.138,-0.162
0.147,-0.155
0.148,-0.145
0.139,-0.136
0.143,-0.118
0.144,-0.097
0.142,-0.079
0.142,-0.055
0.158,-0.028
0.150,-0.006
0.153,0.011
0.164,0.021
0.164,0.031
0.136,0.043
0.145,0.047
0.135,0.050
0.143,0.056
0.142,0.069
0.139,0.078
0.142,0.095
0.133,0.109
0.126,0.130
0.129,0.145
0.133,0.155
0.132,0.172
0.133,0.185
0.135,0.190
0.143,0.194
0.131,0.203
0.136,0.209
0.132,0.214
0.127,0.217
0.109,0.231
0.125,0.244
0.115,0.259
0.103,0.275
0.120,0.297
0.108,0.316
0.116,0.335
0.108,0.343
0.110,0.355
0.098,0.357
0.090,0.359
0.087,0.357
0.092,0.354
0.092,0.355
0.094,0.358
0.096,0.367
0.086,0.379
0.093,0.394
0.086,0.411
0.095,0.420
0.087,0.436
0.088,0.448
0.094,0.449
0.073,0.450
0.065,0.451
0.062,0.439
0.066,0.440
0.049,0.434
0.043,0.427
0.052,0.420
0.055,0.422
0.047,0.416
0.051,0.415
0.052,0.412
0.041,0.407
0.036,0.401
0.034,0.391
0.041,0.382
0.028,0.372
0.032,0.369
0.043,0.362
0.038,0.354
0.029,0.340
0.041,0.332
0.031,0.321
0.034,0.316
0.034,0.310
0.033,0.293
0.028,0.287
0.026,0.280
0.023,0.266
0.033,0.259
0.037,0.245
0.031,0.238
0.025,0.223
0.030,0.206
0.033,0.188
0.026,0.170
0.029,0.142
0.017,0.115
0.018,0.089
0.026,0.076
0.027,0.051
0.025,0.037
0.021,0.026
0.016,0.018
0.030,0.010
0.017,0.004
0.040,-0.001
0.024,-0.014
0.035,-0.031
0.042,-0.048
0.039,-0.068
0.041,-0.090
0.051,-0.101
0.045,-0.118
0.052,-0.129
0.060,-0.139
0.054,-0.151
0.043,-0.159
0.063,-0.161
0.059,-0.163
0.057,-0.166
0.063,-0.169
0.066,-0.183
0.066,-0.202
0.053,-0.224
0.054,-0.250
0.063,-0.268
0.073,-0.283
0.062,-0.299
0.063,-0.305
0.073,-0.311
0.076,-0.310
0.073,-0.313
0.079,-0.308
0.086,-0.305
0.093,-0.314
0.100,-0.320
0.097,-0.328
0.090,-0.337
0.094,-0.346
0.103,-0.352
0.091,-0.357
0.109,-0.354
0.102,-0.350
0.121,-0.343
0.115,-0.342
0.126,-0.340
0.120,-0.334
0.123,-0.326
0.114,-0.320
0.128,-0.314
0.120,-0.310
0.130,-0.309
0.135,-0.303
0.137,-0.299
0.152,-0.292
0.136,-0.283
0.132,-0.278
0.138,-0.272
0.136,-0.265
0.135,-0.259
0.144,-0.255
0.144,-0.247
0.126,-0.239
0.148,-0.236
0.135,-0.226
0.141,-0.215
0.136,-0.214
0.138,-0.212
0.144,-0.206
0.147,-0.192
0.150,-0.186
0.141,-0.181
0.149,-0.170
0.138,-0.164
0.148,-0.154
0.140,-0.143
0.154,-0.123
0.137,-0.104
0.143,-0.080
0.154,-0.059
0.155,-0.040
0.166,-0.012
0.154,0.006
0.153,0.016
0.141,0.024
0.147,0.038
0.143,0.038
0.152,0.055
0.146,0.058
0.138,0.065
0.144,0.077
0.146,0.090
0.145,0.115
0.149,0.134
0.153,0.152
0.150,0.161
0.162,0.180
0.143,0.183
0.129,0.192
0.129,0.202
0.121,0.210
0.127,0.205
0.119,0.210
0.129,0.216
0.115,0.224
0.117,0.244
0.119,0.258
0.123,0.284
0.132,0.302
0.121,0.326
0.120,0.334
0.125,0.349
0.103,0.358
0.113,0.355
0.101,0.355
0.095,0.353
0.107,0.351
0.094,0.351
0.092,0.355
0.099,0.370
0.099,0.382
0.092,0.395
0.099,0.414
0.092,0.426
0.085,0.438
0.084,0.443
0.079,0.445
0.085,0.444
0.079,0.439
0.081,0.437
0.069,0.438
0.063,0.431
0.047,0.424
0.073,0.421
0.060,0.424
0.065,0.421
0.058,0.413
0.066,0.405
0.066,0.403
0.052,0.396
0.052,0.391
0.040,0.377
0.053,0.376
0.048,0.368
0.047,0.359
0.042,0.351
0.044,0.340
0.050,0.323
0.048,0.324
0.035,0.313
0.037,0.305
0.042,0.298
0.024,0.291
0.043,0.285
0.040,0.273
0.042,0.263
0.032,0.251
0.033,0.237
0.031,0.222
0.034,0.209
0.033,0.191
0.036,0.160
0.031,0.142
0.026,0.115
0.028,0.085
0.038,0.063
0.032,0.049
0.030,0.040
0.019,0.033
0.032,0.026
0.035,0.014
0.037,0.011
0.039,-0.004
0.052,-0.013
0.045,-0.026
0.040,-0.044
0.046,-0.067
0.044,-0.089
0.064,-0.105
0.049,-0.118
0.053,-0.128
0.064,-0.134
0.068,-0.148
0.050,-0.153
0.057,-0.159
0.061,-0.159
0.051,-0.166
0.060,-0.173
0.056,-0.187
0.073,-0.206
0.063,-0.227
0.074,-0.248
0.067,-0.266
0.069,-0.283
0.064,-0.293
0.073,-0.302
0.080,-0.308
0.083,-0.308
0.095,-0.310
0.091,-0.311
0.084,-0.308
0.098,-0.311
0.097,-0.323
0.092,-0.325
0.099,-0.337
0.105,-0.337
0.108,-0.344
0.093,-0.353
0.101,-0.347
0.097,-0.349
0.110,-0.336
0.124,-0.335
0.121,-0.333
0.115,-0.320
0.125,-0.322
0.132,-0.308
0.133,-0.302
0.137,-0.303
0.125,-0.296
0.138,-0.296
0.134,-0.290
0.132,-0.281
0.139,-0.278
0.136,-0.279
0.131,-0.274
0.140,-0.265
0.146,-0.255
0.140,-0.247
0.149,-0.244
0.137,-0.237
0.151,-0.235
0.162,-0.228
0.152,-0.222
0.157,-0.208
0.150,-0.209
0.143,-0.200
0.142,-0.192
0.149,-0.180
0.158,-0.179
0.147,-0.172
0.151,-0.158
0.149,-0.146
0.144,-0.132
0.148,-0.117
0.159,-0.098
0.164,-0.074
0.153,-0.049
0.155,-0.032
0.147,-0.010
0.167,0.011
0.146,0.016
0.148,0.028
0.148,0.034
0.140,0.036
0.141,0.045
0.155,0.055
0.141,0.061
0.139,0.077
0.127,0.091
0.134,0.110
0.152,0.131
0.153,0.151
0.137,0.166
0.145,0.177
0.137,0.184
0.138,0.186
0.131,0.195
0.122,0.201
0.116,0.205
0.124,0.206
0.129,0.213
0.123,0.226
0.130,0.242
0.120,0.260
0.124,0.285
0.117,0.307
0.109,0.320
0.119,0.339
0.113,0.345
0.104,0.350
0.109,0.351
0.099,0.349
0.097,0.344
0.103,0.348
0.091,0.352
0.082,0.356
0.087,0.365
0.080,0.377
0.084,0.398
0.082,0.414
0.082,0.430
0.079,0.445
0.071,0.453
0.078,0.451
0.078,0.449
0.079,0.444
0.077,0.436
0.071,0.434
0.064,0.429
0.051,0.422
0.059,0.418
0.052,0.417
0.059,0.410
0.069,0.408
0.069,0.401
0.052,0.397
0.055,0.388
0.064,0.381
0.048,0.381
0.053,0.373
0.052,0.368
0.050,0.359
0.044,0.352
0.046,0.341
0.048,0.332
0.047,0.322
0.038,0.311
0.052,0.304
0.042,0.294
0.036,0.283
0.041,0.269
0.031,0.267
0.031,0.253
0.041,0.239
0.043,0.230
0.040,0.216
0.040,0.195
0.026,0.182
0.025,0.153
0.028,0.126
0.020,0.105
0.027,0.082
0.026,0.062
0.025,0.047
0.027,0.032
0.034,0.021
0.043,0.013
0.042,0.011
0.034,-0.002
0.048,-0.015
0.036,-0.024
0.045,-0.041
0.040,-0.057
0.042,-0.083
0.042,-0.101
0.054,-0.109
0.045,-0.123
0.043,-0.135
0.055,-0.140
0.045,-0.146
0.059,-0.151
0.058,-0.148
0.062,-0.156
0.050,-0.164
0.061,-0.176
0.063,-0.189
0.058,-0.205
0.050,-0.222
0.056,-0.249
0.070,-0.270
0.062,-0.285
0.083,-0.298
0.069,-0.308
0.082,-0.308
0.078,-0.305
0.084,-0.302
0.079,-0.307
0.085,-0.312
0.095,-0.315
0.110,-0.323
0.109,-0.334
0.106,-0.347
0.104,-0.349
0.097,-0.349
0.093,-0.347
0.107,-0.348
0.118,-0.348
0.115,-0.343
0.111,-0.332
0.115,-0.328
0.126,-0.327
0.120,-0.321
0.117,-0.316
0.126,-0.311
0.132,-0.306
0.128,-0.308
0.143,-0.300
0.135,-0.292
0.146,-0.282
0.142,-0.275
0.138,-0.271
0.144,-0.272
0.149,-0.265
0.136,-0.261
0.136,-0.247
0.134,-0.245
0.142,-0.233
0.138,-0.228
0.137,-0.218
0.151,-0.210
0.149,-0.202
0.161,-0.199
0.141,-0.196
0.140,-0.185
0.140,-0.175
0.132,-0.170
0.143,-0.165
0.147,-0.157
0.142,-0.138
0.136,-0.124
0.156,-0.108
0.143,-0.092
0.145,-0.066
0.157,-0.045
0.158,-0.023
0.154,0.001
0.149,0.010
0.149,0.025
0.130,0.036
0.139,0.044
0.138,0.049
0.157,0.053
0.149,0.064
0.137,0.076
0.143,0.092
0.143,0.110
0.148,0.124
0.143,0.144
0.146,0.158
0.140,0.173
0.144,0.180
0.150,0.190
0.129,0.203
0.129,0.199
0.127,0.208
0.122,0.209
0.129,0.219
0.116,0.226
0.118,0.237
0.122,0.247
0.131,0.267
0.120,0.290
0.119,0.309
0.101,0.323
0.105,0.341
0.102,0.348
0.099,0.352
0.090,0.347
0.116,0.350
0.094,0.355
0.080,0.352
0.091,0.358
0.090,0.367
0.089,0.377
0.087,0.390
0.083,0.405
0.090,0.421
0.090,0.436
0.081,0.442
0.077,0.446
0.084,0.446
0.067,0.443
0.078,0.439
0.069,0.433
0.061,0.428
0.060,0.421
0.057,0.418
0.065,0.415
0.065,0.415
0.070,0.406
0.063,0.406
0.052,0.402
0.055,0.390
0.058,0.387
0.049,0.385
0.042,0.371
0.050,0.368
0.056,0.364
0.044,0.360
0.045,0.347
0.047,0.339
0.047,0.326
0.049,0.317
0.038,0.310
0.044,0.299
0.038,0.290
0.051,0.282
0.047,0.269
0.041,0.255
0.033,0.244
0.035,0.235
0.048,0.222
0.033,0.211
0.048,0.196
0.034,0.172
0.028,0.149
0.030,0.123
0.034,0.098
0.047,0.071
0.039,0.051
0.040,0.036
0.047,0.028
0.046,0.021
0.045,0.013
0.042,0.005
0.037,-0.004
0.050,-0.017
0.049,-0.034
0.060,-0.049
0.052,-0.065
0.041,-0.081
0.051,-0.096
0.039,-0.112
0.039,-0.125
0.055,-0.137
0.057,-0.146
0.068,-0.156
0.058,-0.160
0.070,-0.163
0.072,-0.165
0.087,-0.162
0.076,-0.182
0.064,-0.196
0.056,-0.221
0.068,-0.237
0.076,-0.266
0.083,-0.276
0.066,-0.292
0.074,-0.301
0.077,-0.309
0.072,-0.311
0.080,-0.307
0.083,-0.303
0.087,-0.305
0.089,-0.305
0.088,-0.313
0.096,-0.327
0.098,-0.334
0.099,-0.339
0.096,-0.346
0.104,-0.351
0.103,-0.352
0.103,-0.352
0.110,-0.344
0.106,-0.346
0.111,-0.342
0.127,-0.332
0.113,-0.326
0.128,-0.323
0.123,-0.313
0.128,-0.309
0.133,-0.303
0.138,-0.302
0.131,-0.299
0.132,-0.295
0.152,-0.285
0.143,-0.273
0.153,-0.270
0.141,-0.261
0.141,-0.262
0.150,-0.249
0.137,-0.248
0.138,-0.240
0.138,-0.237
0.152,-0.224
0.153,-0.213
0.139,-0.206
0.143,-0.203
0.142,-0.197
0.140,-0.188
0.147,-0.183
0.136,-0.177
0.144,-0.168
0.137,-0.155
0.146,-0.148
0.135,-0.133
0.141,-0.120
0.142,-0.104
0.145,-0.079
0.161,-0.056
0.163,-0.032
0.154,-0.010
0.156,0.009
0.146,0.021
0.152,0.028
0.148,0.036
0.140,0.050
0.140,0.051
0.145,0.061
0.143,0.074
0.150,0.082
0.149,0.097
0.149,0.115
0.139,0.129
0.137,0.153
0.154,0.159
0.148,0.172
0.143,0.183
0.141,0.196
0.135,0.205
0.130,0.202
0.126,0.214
0.115,0.216
0.122,0.222
0.113,0.229
0.124,0.241
0.122,0.259
0.118,0.280
0.114,0.305
0.108,0.320
0.121,0.337
0.118,0.347
0.104,0.356
0.082,0.360
0.085,0.355
0.087,0.355
0.097,0.357
0.099,0.362
0.091,0.359
0.090,0.365
0.093,0.381
0.082,0.395
0.080,0.415
0.089,0.432
0.077,0.445
0.084,0.454
0.071,0.455
0.078,0.452
0.071,0.448
0.069,0.440
0.065,0.443
0.061,0.434
0.060,0.430
0.058,0.419
0.065,0.414
0.063,0.408
0.062,0.404
0.055,0.406
0.046,0.401
0.040,0.398
0.048,0.393
0.046,0.385
0.053,0.378
0.044,0.371
0.041,0.365
0.038,0.356
0.029,0.346
0.031,0.331
0.022,0.324
0.040,0.316
0.036,0.307
0.033,0.295
0.033,0.289
0.036,0.280
0.026,0.272
0.028,0.259
0.033,0.251
0.029,0.236
0.023,0.223
0.023,0.212
0.022,0.195
0.022,0.173
0.026,0.148
0.023,0.120
0.026,0.100
0.016,0.077
0.032,0.060
0.017,0.046
0.027,0.032
0.030,0.024
0.016,0.013
0.024,0.008
0.035,-0.002
0.043,-0.012
0.046,-0.026
0.034,-0.041
0.048,-0.064
0.049,-0.083
0.033,-0.097
0.058,-0.115
0.025,-0.120
0.036,-0.132
0.035,-0.143
0.039,-0.153
0.042,-0.156
0.056,-0.155
0.039,-0.161
0.053,-0.174
0.051,-0.184
0.050,-0.201
0.050,-0.217
0.055,-0.238
0.065,-0.257
0.046,-0.279
0.064,-0.294
0.063,-0.298
0.066,-0.307
0.071,-0.306
0.083,-0.304
0.087,-0.302
0.097,-0.302
0.107,-0.308
0.099,-0.317
0.096,-0.322
0.090,-0.330
0.098,-0.339
0.106,-0.337
0.105,-0.345
0.109,-0.342
0.107,-0.346
0.110,-0.342
0.110,-0.338
0.120,-0.338
0.117,-0.323
0.116,-0.315
0.127,-0.310
0.107,-0.307
0.122,-0.302
0.138,-0.302
0.131,-0.298
0.136,-0.289
0.131,-0.283
0.128,-0.278
0.129,-0.275
0.138,-0.274
0.136,-0.267
0.136,-0.258
0.154,-0.252
0.144,-0.241
0.144,-0.240
0.145,-0.227
0.140,-0.225
0.148,-0.215
0.152,-0.209
0.143,-0.200
0.147,-0.196
0.144,-0.195
0.140,-0.180
0.139,-0.170
0.144,-0.162
0.149,-0.158
0.145,-0.148
0.147,-0.133
0.151,-0.116
0.143,-0.100
0.154,-0.068
0.156,-0.047
0.153,-0.028
0.159,-0.004
0.154,0.008
0.149,0.020
0.146,0.035
0.141,0.038
0.144,0.045
0.134,0.058
0.142,0.062
0.150,0.073
0.148,0.089
0.132,0.102
0.147,0.121
0.144,0.137
0.140,0.156
0.136,0.175
0.139,0.181
0.137,0.192
0.128,0.199
0.135,0.205
0.123,0.210
0.123,0.218
0.132,0.221
0.117,0.224
0.120,0.229
0.115,0.248
0.134,0.267
0.124,0.289
0.119,0.306
0.121,0.325
0.105,0.340
0.111,0.350
0.115,0.352
0.104,0.350
0.095,0.355
0.083,0.355
0.104,0.352
0.088,0.355
0.092,0.362
0.081,0.372
0.088,0.381
0.094,0.395
0.076,0.412
0.085,0.433
0.073,0.438
0.080,0.449
0.077,0.446
0.075,0.445
0.070,0.452
0.074,0.439
0.054,0.435
0.071,0.425
0.055,0.424
0.062,0.422
0.065,0.414
0.062,0.411
0.058,0.405
0.055,0.398
0.039,0.394
0.031,0.388
0.043,0.385
0.041,0.378
0.059,0.371
0.048,0.370
0.038,0.362
0.051,0.359
0.043,0.346
0.045,0.332
0.049,0.321
0.040,0.312
0.043,0.308
0.038,0.303
0.044,0.289
0.047,0.278
0.047,0.271
0.039,0.255
0.030,0.251
0.041,0.239
0.034,0.219
0.036,0.203
0.034,0.183
0.034,0.161
0.034,0.131
0.034,0.111
0.021,0.087
0.039,0.063
0.028,0.050
0.035,0.039
0.035,0.027
0.034,0.024
0.024,0.011
0.030,0.004
0.039,-0.006
0.033,-0.018
0.052,-0.031
0.042,-0.052
0.044,-0.069
0.033,-0.090
0.047,-0.103
0.043,-0.114
0.051,-0.130
0.059,-0.139
0.055,-0.140
0.048,-0.146
0.060,-0.152
0.058,-0.158
0.064,-0.163
0.075,-0.176
0.065,-0.186
0.063,-0.201
0.058,-0.228
0.065,-0.245
0.056,-0.263
0.070,-0.283
0.058,-0.288
0.072,-0.300
0.084,-0.303
0.079,-0.305
0.085,-0.305
0.084,-0.302
0.099,-0.307
0.084,-0.313
0.090,-0.318
0.091,-0.326
0.083,-0.338
0.086,-0.340
0.092,-0.342
0.097,-0.341
0.106,-0.344
0.106,-0.342
0.106,-0.339
0.106,-0.334
0.113,-0.334
0.112,-0.319
0.115,-0.311
0.120,-0.313
0.118,-0.306
0.119,-0.299
0.126,-0.298
0.126,-0.297
0.121,-0.289
0.126,-0.282
0.141,-0.276
0.127,-0.273
0.134,-0.269
0.132,-0.260
0.135,-0.258
0.142,-0.251
0.120,-0.250
0.134,-0.247
0.147,-0.241
0.147,-0.226
0.137,-0.210
0.150,-0.212
0.146,-0.211
0.146,-0.194
0.153,-0.189
0.148,-0.186
0.161,-0.169
0.148,-0.164
0.148,-0.154
0.157,-0.143
0.149,-0.127
0.153,-0.113
0.158,-0.089
0.155,-0.063
0.145,-0.041
0.162,-0.025
0.159,0.001
0.151,0.022
0.151,0.032
0.157,0.039
0.147,0.048
0.155,0.049
0.150,0.052
0.149,0.056
0.131,0.064
0.120,0.080
0.148,0.101
0.139,0.118
0.147,0.139
0.134,0.151
0.153,0.172
0.133,0.179
0.134,0.190
0.142,0.197
0.135,0.207
0.116,0.211
0.127,0.215
0.128,0.223
0.124,0.225
0.114,0.238
0.119,0.260
0.123,0.272
0.119,0.292
0.105,0.311
0.110,0.321
0.118,0.343
0.113,0.351
0.115,0.357
0.104,0.357
0.108,0.353
0.093,0.359
0.085,0.362
0.085,0.364
0.075,0.370
0.082,0.376
0.086,0.392
0.090,0.408
0.075,0.424
0.083,0.444
0.088,0.452
0.082,0.455
0.073,0.460
0.067,0.460
0.065,0.452
0.057,0.452
0.065,0.441
0.068,0.432
0.055,0.431
0.052,0.426
0.056,0.419
0.061,0.411
0.050,0.413
0.054,0.408
0.049,0.405
0.051,0.392
0.049,0.388
0.039,0.387
0.029,0.376
0.043,0.370
0.048,0.364
0.042,0.352
0.041,0.341
0.035,0.328
0.039,0.319
0.035,0.311
0.051,0.308
0.033,0.298
0.035,0.290
0.041,0.279
0.035,0.263
0.027,0.250
0.043,0.240
0.025,0.231
0.028,0.219
0.030,0.197
0.025,0.183
0.020,0.157
0.032,0.127
0.025,0.103
0.021,0.078
0.036,0.065
0.020,0.043
0.033,0.033
0.024,0.023
0.019,0.018
0.040,0.011
0.044,0.001
0.037,-0.009
0.036,-0.024
0.028,-0.042
0.033,-0.063
0.035,-0.084
0.033,-0.096
0.040,-0.108
0.043,-0.115
0.042,-0.129
0.054,-0.136
0.048,-0.149
0.049,-0.155
0.062,-0.167
0.059,-0.165
0.066,-0.169
0.057,-0.184
0.052,-0.196
0.062,-0.217
0.062,-0.236
0.075,-0.255
0.062,-0.273
0.077,-0.290
0.074,-0.297
0.078,-0.301
0.065,-0.305
0.075,-0.299
0.082,-0.301
0.072,-0.300
0.079,-0.301
0.097,-0.306
0.086,-0.320
0.100,-0.332
0.087,-0.333
0.089,-0.337
0.087,-0.344
0.101,-0.345
0.098,-0.344
0.117,-0.344
0.108,-0.339
0.117,-0.342
0.123,-0.328
0.115,-0.327
0.120,-0.316
0.126,-0.307
0.110,-0.303
0.129,-0.301
0.127,-0.295
0.126,-0.293
0.130,-0.285
0.134,-0.279
0.126,-0.273
0.132,-0.267
0.138,-0.261
0.143,-0.253
0.136,-0.252
0.144,-0.242
0.137,-0.246
0.140,-0.234
0.157,-0.227
0.141,-0.219
0.138,-0.214
0.146,-0.209
0.160,-0.204
0.127,-0.195
0.145,-0.191
0.139,-0.183
0.147,-0.175
0.145,-0.167
0.160,-0.161
0.135,-0.138
0.152,-0.128
0.142,-0.109
0.147,-0.088
0.152,-0.066
0.156,-0.046
0.153,-0.020
0.141,-0.004
0.151,0.014
0.151,0.029
0.145,0.038
0.132,0.040
0.141,0.049
0.150,0.046
0.136,0.064
0.150,0.079
0.130,0.092
0.152,0.112
0.139,0.124
0.143,0.143
0.145,0.160
0.124,0.175
0.126,0.183
0.134,0.190
0.119,0.201
0.130,0.202
0.124,0.210
0.112,0.212
0.109,0.218
0.114,0.227
0.115,0.239
0.113,0.251
0.115,0.270
0.106,0.293
0.118,0.308
0.120,0.326
0.113,0.340
0.104,0.345
0.115,0.350
0.102,0.355
0.097,0.354
0.088,0.348
0.084,0.347
0.083,0.353
0.078,0.364
0.078,0.365
0.083,0.389
0.091,0.401
0.084,0.421
0.085,0.433
0.086,0.442
0.074,0.451
0.077,0.449
0.062,0.448
0.060,0.445
0.063,0.437
0.054,0.433
0.057,0.426
0.059,0.421
0.041,0.412
0.059,0.408
0.043,0.407
0.032,0.405
0.038,0.397
0.040,0.398
0.051,0.398
0.050,0.388
0.043,0.383
0.049,0.371
0.046,0.362
0.042,0.360
0.039,0.349
0.054,0.339
0.031,0.325
0.033,0.317
0.031,0.309
0.032,0.301
0.030,0.291
0.021,0.282
0.022,0.272
0.032,0.261
0.022,0.250
0.043,0.238
0.038,0.225
0.036,0.211
0.027,0.197
0.025,0.175
0.029,0.149
0.025,0.125
0.007,0.101
0.020,0.072
0.028,0.058
0.031,0.042
0.025,0.030
0.023,0.020
0.039,0.016
0.033,0.006
0.032,-0.000
0.028,-0.016
0.039,-0.027
0.044,-0.047
0.042,-0.072
0.023,-0.087
0.032,-0.102
0.034,-0.116
0.035,-0.132
0.036,-0.133
0.051,-0.146
0.052,-0.151
0.065,-0.156
0.062,-0.165
0.063,-0.164
0.065,-0.171
0.048,-0.187
0.064,-0.201
0.069,-0.217
0.053,-0.242
0.063,-0.265
0.048,-0.282
0.068,-0.304
0.068,-0.307
0.078,-0.316
0.071,-0.315
0.080,-0.308
0.085,-0.310
0.090,-0.310
0.088,-0.314
0.100,-0.315
0.084,-0.323
0.092,-0.333
0.086,-0.342
0.090,-0.345
0.105,-0.347
0.102,-0.350
0.105,-0.342
0.109,-0.344
0.102,-0.338
0.120,-0.337
0.114,-0.331
0.115,-0.320
0.121,-0.315
0.121,-0.311
0.128,-0.310
0.133,-0.307
0.111,-0.303
0.126,-0.300
0.136,-0.292
0.132,-0.287
0.144,-0.279
0.141,-0.279
0.134,-0.268
0.144,-0.266
0.154,-0.258
0.131,-0.250
0.154,-0.246
0.138,-0.235
0.137,-0.231
0.147,-0.226
0.137,-0.221
0.135,-0.210
0.131,-0.207
0.136,-0.193
0.152,-0.184
0.136,-0.176
0.147,-0.173
0.140,-0.170
0.144,-0.159
0.147,-0.139
0.141,-0.131
0.149,-0.109
0.157,-0.090
0.160,-0.062
0.151,-0.043
0.151,-0.017
0.158,-0.003
0.160,0.008
0.153,0.028
0.145,0.034
0.145,0.047
0.149,0.051
0.130,0.053
0.134,0.067
0.141,0.078
0.130,0.088
0.142,0.108
0.141,0.123
0.151,0.139
0.138,0.156
0.130,0.175
0.141,0.188
0.129,0.191
0.125,0.197
0.128,0.202
0.119,0.205
0.116,0.208
0.123,0.217
0.118,0.222
0.114,0.241
0.111,0.266
0.118,0.280
0.115,0.304
0.120,0.313
0.111,0.330
0.119,0.338
0.106,0.351
0.099,0.351
0.101,0.351
0.100,0.346
0.099,0.347
0.096,0.352
0.094,0.355
0.092,0.361
0.084,0.378
0.094,0.388
0.091,0.401
0.094,0.423
0.077,0.435
0.067,0.439
0.067,0.447
0.070,0.444
0.062,0.446
0.068,0.445
0.068,0.432
0.071,0.434
0.070,0.427
0.055,0.419
0.049,0.416
0.056,0.416
0.044,0.410
0.045,0.403
0.043,0.398
0.049,0.393
0.044,0.386
0.042,0.383
0.049,0.373
0.039,0.368
0.049,0.360
0.031,0.349
0.032,0.340
0.038,0.330
0.028,0.322
0.042,0.315
0.033,0.306
0.030,0.297
0.022,0.282
0.023,0.273
0.030,0.266
0.032,0.256
0.046,0.240
0.036,0.231
0.042,0.216
0.035,0.200
0.033,0.177
0.031,0.155
0.021,0.131
0.033,0.110
0.034,0.086
0.023,0.066
0.022,0.055
0.039,0.040
0.029,0.028
0.033,0.023
0.038,0.016
0.047,0.006
0.044,-0.008
0.042,-0.024
0.041,-0.043
0.032,-0.060
0.040,-0.081
0.033,-0.104
0.031,-0.118
0.038,-0.128
0.031,-0.140
0.048,-0.149
0.039,-0.154
0.053,-0.156
0.052,-0.164
0.054,-0.172
0.061,-0.177
0.056,-0.188
0.056,-0.199
0.061,-0.213
0.046,-0.234
0.062,-0.254
0.054,-0.274
0.054,-0.286
0.064,-0.297
0.059,-0.310
0.066,-0.310
0.066,-0.314
0.070,-0.314
0.079,-0.315
0.079,-0.319
0.078,-0.318
0.083,-0.327
0.073,-0.336
0.088,-0.350
0.101,-0.350
0.090,-0.360
0.093,-0.353
0.105,-0.356
0.106,-0.354
0.097,-0.352
0.109,-0.349
0.122,-0.346
0.113,-0.338
0.119,-0.328
0.125,-0.322
0.120,-0.315
0.128,-0.317
0.129,-0.315
0.120,-0.304
0.128,-0.304
0.122,-0.301
0.139,-0.297
0.145,-0.291
0.143,-0.284
0.145,-0.274
0.146,-0.265
0.134,-0.258
0.139,-0.251
0.135,-0.247
0.137,-0.238
0.136,-0.234
0.139,-0.225
0.141,-0.215
0.146,-0.209
0.138,-0.197
0.137,-0.193
0.144,-0.186
0.140,-0.176
0.148,-0.171
0.149,-0.164
0.143,-0.145
0.150,-0.135
0.151,-0.121
0.147,-0.104
0.163,-0.083
0.163,-0.062
0.167,-0.037
0.157,-0.016
0.150,0.000
0.152,0.017
0.146,0.031
0.142,0.034
0.145,0.038
0.140,0.052
0.143,0.053
0.147,0.068
0.138,0.083
0.143,0.099
0.155,0.109
0.139,0.129
0.147,0.150
0.135,0.158
0.137,0.171
0.138,0.185
0.121,0.184
0.126,0.191
0.130,0.198
0.127,0.205
0.124,0.210
0.104,0.221
0.113,0.229
0.112,0.244
0.103,0.263
0.109,0.282
0.111,0.304
0.112,0.317
0.114,0.337
0.117,0.349
0.116,0.347
0.121,0.356
0.095,0.353
0.100,0.354
0.098,0.361
0.095,0.353
0.096,0.358
0.089,0.368
0.096,0.377
0.086,0.394
0.092,0.411
0.096,0.435
0.097,0.446
0.085,0.444
0.081,0.455
0.072,0.451
0.080,0.447
0.064,0.435
0.059,0.426
0.051,0.425
0.062,0.419
0.052,0.419
0.057,0.413
0.053,0.410
0.049,0.406
0.057,0.406
0.049,0.403
0.039,0.400
0.042,0.386
0.041,0.380
0.042,0.378
0.051,0.372
0.032,0.361
0.041,0.358
0.044,0.340
0.041,0.332
0.045,0.319
0.037,0.308
0.039,0.301
0.046,0.295
0.037,0.289
0.037,0.279
0.022,0.266
0.026,0.257
0.032,0.241
0.028,0.228
0.032,0.217
0.030,0.201
0.035,0.187
0.027,0.165
0.021,0.132
0.020,0.103
0.020,0.080
0.029,0.067
0.030,0.053
0.020,0.040
0.022,0.031
0.033,0.022
0.039,0.015
0.029,0.001
0.028,-0.014
0.040,-0.026
0.042,-0.039
0.028,-0.053
0.040,-0.077
0.047,-0.096
0.043,-0.111
0.039,-0.117
0.046,-0.127
0.065,-0.135
0.044,-0.146
0.056,-0.153
0.071,-0.160
0.060,-0.157
0.070,-0.160
0.080,-0.171
0.067,-0.185
0.066,-0.204
0.069,-0.229
0.060,-0.247
0.070,-0.275
0.074,-0.284
0.077,-0.300
0.065,-0.306
0.071,-0.305
0.069,-0.306
0.090,-0.299
0.092,-0.296
0.104,-0.299
0.086,-0.312
0.081,-0.324
0.086,-0.330
0.101,-0.336
0.093,-0.346
0.100,-0.347
0.097,-0.346
0.113,-0.347
0.099,-0.343
0.113,-0.341
0.110,-0.337
0.109,-0.327
0.116,-0.321
0.122,-0.314
0.127,-0.311
0.122,-0.306
0.120,-0.297
0.127,-0.294
0.120,-0.297
0.117,-0.287
0.117,-0.280
0.126,-0.272
0.119,-0.271
0.124,-0.257
0.125,-0.255
0.135,-0.249
0.140,-0.243
0.131,-0.245
0.141,-0.230
0.123,-0.224
0.134,-0.217
0.140,-0.207
0.129,-0.206
0.144,-0.199
0.134,-0.193
0.136,-0.188
0.139,-0.176
0.143,-0.163
0.140,-0.155
0.135,-0.150
0.143,-0.139
0.145,-0.125
0.142,-0.106
0.148,-0.086
0.146,-0.066
0.158,-0.040
0.161,-0.021
0.148,-0.001
0.148,0.018
0.148,0.027
0.135,0.034
0.152,0.042
0.150,0.049
0.148,0.062
0.145,0.066
0.145,0.080
0.126,0.091
0.138,0.110
0.124,0.128
0.134,0.140
0.134,0.160
0.117,0.171
0.128,0.180
0.122,0.194
0.123,0.197
0.125,0.207
0.116,0.212
0.123,0.210
0.124,0.216
0.116,0.221
0.103,0.232
0.121,0.251
0.117,0.272
0.115,0.291
0.122,0.316
0.113,0.329
0.108,0.346
0.101,0.353
0.091,0.356
0.100,0.353
0.095,0.355
0.094,0.353
0.083,0.355
0.082,0.356
0.083,0.360
0.076,0.372
0.080,0.387
0.092,0.406
0.080,0.420
0.090,0.435
0.071,0.443
0.070,0.452
0.077,0.446
0.076,0.452
0.064,0.442
0.057,0.438
0.057,0.436
0.059,0.430
0.048,0.433
0.057,0.426
0.052,0.427
0.055,0.419
0.053,0.416
0.039,0.409
0.043,0.403
0.029,0.399
0.054,0.391
0.036,0.389
0.044,0.380
0.026,0.370
0.028,0.364
0.038,0.352
0.035,0.340
0.028,0.334
0.027,0.322
0.038,0.314
0.041,0.312
0.041,0.299
0.027,0.286
0.026,0.277
0.025,0.261
0.033,0.255
0.024,0.247
0.035,0.231
0.024,0.213
0.033,0.195
0.021,0.174
0.031,0.154
0.029,0.123
0.025,0.102
0.016,0.076
0.019,0.062
0.034,0.043
0.033,0.033
0.031,0.026
0.042,0.018
0.037,0.005
0.040,-0.002
0.021,-0.016
0.028,-0.029
0.029,-0.042
0.033,-0.064
0.032,-0.081
0.025,-0.099
0.028,-0.110
0.038,-0.126
0.038,-0.130
0.041,-0.136
0.052,-0.149
0.037,-0.156
0.039,-0.161
0.058,-0.165
0.047,-0.171
0.050,-0.181
0.057,-0.196
0.059,-0.214
0.065,-0.235
0.058,-0.257
0.065,-0.274
0.056,-0.290
0.075,-0.304
0.071,-0.309
0.064,-0.305
0.077,-0.305
0.074,-0.306
0.084,-0.308
0.092,-0.313
0.081,-0.316
0.094,-0.328
0.092,-0.338
0.083,-0.340
0.096,-0.348
0.090,-0.355
0.103,-0.351
0.109,-0.350
0.118,-0.347
0.121,-0.342
0.112,-0.331
0.133,-0.323
0.140,-0.322
0.127,-0.313
0.118,-0.310
0.134,-0.303
0.125,-0.298
0.112,-0.302
0.125,-0.293
0.118,-0.294
0.124,-0.286
0.128,-0.280
0.130,-0.272
0.118,-0.267
0.133,-0.258
0.131,-0.259
0.134,-0.246
0.134,-0.239
0.133,-0.235
0.144,-0.224
0.131,-0.218
0.140,-0.210
0.146,-0.210
0.143,-0.203
0.152,-0.191
0.142,-0.187
0.156,-0.184
0.146,-0.172
0.139,-0.164
0.142,-0.158
0.139,-0.144
0.140,-0.130
0.152,-0.108
0.150,-0.085
0.133,-0.062
0.143,-0.044
0.155,-0.024
0.167,-0.004
0.152,0.009
0.147,0.019
0.149,0.031
0.142,0.042
0.145,0.040
0.133,0.049
0.141,0.063
0.135,0.071
0.138,0.083
0.133,0.102
0.141,0.119
0.137,0.138
0.144,0.157
0.139,0.164
0.139,0.170
0.133,0.183
0.132,0.191
0.128,0.192
0.121,0.199
0.124,0.206
0.121,0.209
0.119,0.222
0.129,0.240
0.128,0.253
0.124,0.274
0.126,0.295
0.132,0.316
0.114,0.329
0.120,0.336
0.114,0.348
0.118,0.347
0.099,0.346
0.095,0.348
0.090,0.351
0.098,0.350
0.096,0.357
0.079,0.363
0.079,0.371
0.087,0.389
0.082,0.404
0.068,0.422
0.083,0.438
0.071,0.446
0.083,0.447
0.071,0.451
0.067,0.445
0.080,0.441
0.071,0.442
0.061,0.430
0.063,0.428
0.058,0.425
0.058,0.419
0.050,0.414
0.048,0.405
0.055,0.402
0.050,0.404
0.041,0.390
0.037,0.389
0.039,0.383
0.046,0.379
0.034,0.371
0.027,0.365
0.038,0.355
0.027,0.346
0.034,0.335
0.034,0.323
0.029,0.308
0.044,0.305
0.046,0.303
0.033,0.291
0.028,0.288
0.032,0.280
0.030,0.269
0.034,0.252
0.025,0.242
0.027,0.230
0.030,0.213
0.034,0.191
0.025,0.164
0.028,0.140
0.031,0.119
0.034,0.089
0.032,0.071
0.035,0.052
0.045,0.041
0.033,0.024
0.034,0.019
0.020,0.009
0.026,0.006
0.040,-0.007
0.035,-0.016
0.047,-0.030
0.035,-0.049
0.045,-0.067
0.039,-0.087
0.041,-0.104
0.034,-0.117
0.031,-0.123
0.054,-0.139
0.047,-0.149
0.052,-0.159
0.058,-0.165
0.055,-0.169
0.056,-0.172
0.059,-0.178
0.048,-0.195
0.062,-0.212
0.063,-0.226
0.062,-0.251
0.046,-0.271
0.056,-0.285
0.068,-0.301
0.064,-0.307
0.068,-0.315
0.066,-0.315
0.089,-0.310
0.074,-0.307
0.074,-0.310
0.082,-0.315
0.079,-0.318
0.089,-0.326
0.089,-0.346
0.078,-0.347
0.074,-0.347
0.087,-0.352
0.094,-0.353
0.097,-0.354
0.097,-0.351
0.106,-0.345
0.106,-0.342
0.118,-0.338
0.114,-0.330
0.116,-0.325
0.121,-0.317
0.129,-0.315
0.118,-0.308
0.118,-0.304
0.115,-0.303
0.117,-0.295
0.125,-0.289
0.141,-0.279
0.137,-0.276
0.134,-0.268
0.119,-0.266
0.143,-0.259
0.129,-0.250
0.130,-0.251
0.125,-0.245
0.134,-0.230
0.131,-0.223
0.135,-0.218
0.135,-0.212
0.126,-0.209
0.120,-0.198
0.137,-0.194
0.139,-0.183
0.128,-0.174
0.134,-0.165
0.136,-0.150
0.135,-0.141
0.134,-0.127
0.130,-0.107
0.148,-0.083
0.144,-0.059
0.144,-0.038
0.150,-0.018
0.144,0.004
0.146,0.019
0.142,0.030
0.140,0.038
0.135,0.046
0.128,0.050
0.135,0.063
0.140,0.078
0.144,0.085
0.140,0.102
0.142,0.116
0.144,0.134
0.151,0.156
0.143,0.166
0.154,0.176
0.135,0.186
0.124,0.193
0.137,0.200
0.137,0.203
0.119,0.213
0.130,0.217
0.126,0.219
0.129,0.231
0.121,0.243
0.119,0.260
0.113,0.278
0.119,0.308
0.118,0.317
0.127,0.344
0.106,0.350
0.109,0.358
0.109,0.358
0.103,0.350
0.092,0.351
0.087,0.353
0.079,0.348
0.094,0.358
0.090,0.364
0.092,0.375
0.092,0.399
0.102,0.416
0.094,0.430
0.087,0.435
0.096,0.447
0.081,0.449
0.078,0.448
0.073,0.444
0.074,0.438
0.067,0.433
0.053,0.427
0.052,0.417
0.055,0.412
0.053,0.416
0.053,0.416
0.052,0.406
0.047,0.403
0.047,0.397
0.047,0.390
0.033,0.386
0.044,0.375
0.039,0.372
0.041,0.367
0.033,0.359
0.035,0.358
0.043,0.339
0.037,0.333
0.042,0.319
0.040,0.315
0.030,0.301
0.025,0.291
0.036,0.281
0.033,0.270
0.036,0.263
0.041,0.253
0.038,0.239
0.033,0.226
0.030,0.210
0.024,0.192
0.031,0.172
0.025,0.151
0.026,0.132
0.016,0.097
0.019,0.078
0.020,0.060
0.030,0.043
0.020,0.029
0.028,0.024
0.042,0.016
0.033,0.014
0.035,0.009
0.046,-0.003
0.033,-0.013
0.042,-0.026
0.040,-0.048
0.043,-0.068
0.034,-0.090
0.047,-0.106
0.052,-0.118
0.049,-0.134
0.036,-0.140
0.057,-0.148
0.058,-0.157
0.066,-0.157
0.065,-0.163
0.072,-0.168
0.065,-0.175
0.069,-0.190
0.065,-0.204
0.050,-0.230
0.067,-0.247
0.073,-0.262
0.066,-0.284
0.068,-0.299
0.062,-0.300
0.085,-0.304
0.070,-0.304
0.081,-0.301
0.087,-0.296
0.083,-0.305
0.110,-0.310
0.094,-0.315
0.101,-0.322
0.103,-0.336
0.092,-0.337
0.101,-0.347
0.098,-0.348
0.113,-0.344
0.106,-0.343
0.110,-0.340
0.109,-0.331
0.111,-0.327
0.121,-0.318
0.116,-0.311
0.123,-0.306
0.123,-0.298
0.117,-0.297
0.129,-0.299
0.133,-0.289
0.134,-0.287
0.149,-0.290
0.125,-0.278
0.131,-0.272
0.132,-0.262
0.126,-0.264
0.126,-0.263
0.145,-0.257
0.140,-0.249
0.148,-0.244
0.140,-0.237
0.139,-0.223
0.155,-0.217
0.135,-0.207
0.139,-0.203
0.151,-0.194
0.141,-0.187
0.155,-0.179
0.150,-0.173
0.155,-0.171
0.144,-0.162
0.146,-0.144
0.158,-0.141
0.149,-0.118
0.149,-0.097
0.159,-0.072
0.163,-0.046
0.168,-0.031
0.166,-0.005
0.169,0.012
0.160,0.023
0.141,0.027
0.152,0.036
0.152,0.040
0.160,0.048
0.131,0.063
0.145,0.065
0.148,0.082
0.135,0.102
0.139,0.120
0.122,0.140
0.133,0.156
0.131,0.162
0.141,0.175
0.133,0.182
0.136,0.188
0.126,0.198
0.118,0.204
0.122,0.209
0.121,0.208
0.121,0.218
0.123,0.232
0.104,0.247
0.125,0.262
0.114,0.287
0.119,0.297
0.114,0.318
0.108,0.330
0.125,0.339
0.105,0.348
0.117,0.344
0.100,0.350
0.097,0.343
0.096,0.340
0.094,0.347
0.107,0.353
0.089,0.361
0.083,0.376
0.092,0.393
0.087,0.410
0.084,0.428
0.085,0.435
0.095,0.443
0.081,0.444
0.078,0.444
0.071,0.443
0.071,0.434
0.069,0.431
0.069,0.425
0.053,0.422
0.062,0.419
0.068,0.415
0.053,0.409
0.055,0.408
0.061,0.408
0.053,0.400
0.038,0.393
0.038,0.388
0.043,0.380
0.035,0.377
0.048,0.361
0.044,0.356
0.038,0.347
0.043,0.346
0.045,0.331
0.047,0.320
0.045,0.313
0.040,0.299
0.035,0.289
0.039,0.278
0.043,0.271
0.047,0.263
0.043,0.252
0.032,0.245
0.049,0.229
0.050,0.209
0.031,0.194
0.029,0.165
0.028,0.144
0.035,0.117
0.031,0.089
0.034,0.078
0.038,0.054
0.033,0.039
0.050,0.026
0.033,0.020
0.034,0.006
0.034,-0.001
0.037,-0.007
0.047,-0.021
0.049,-0.032
0.035,-0.047
0.034,-0.065
0.038,-0.089
0.039,-0.105
0.042,-0.118
0.039,-0.127
0.031,-0.134
0.056,-0.144
0.057,-0.157
0.033,-0.162
0.058,-0.166
0.058,-0.170
0.056,-0.173
0.061,-0.188
0.065,-0.199
0.064,-0.215
0.061,-0.239
0.058,-0.253
0.059,-0.279
0.062,-0.292
0.075,-0.307
0.068,-0.311
0.076,-0.313
0.079,-0.313
0.092,-0.309
0.097,-0.308
0.088,-0.307
0.093,-0.318
0.095,-0.327
0.079,-0.332
0.089,-0.343
0.098,-0.344
0.108,-0.350
0.103,-0.354
0.107,-0.351
0.115,-0.351
0.112,-0.346
0.107,-0.343
0.114,-0.334
0.113,-0.326
0.117,-0.321
0.117,-0.319
0.119,-0.314
0.126,-0.306
0.127,-0.304
0.117,-0.303
0.132,-0.296
0.130,-0.290
0.124,-0.285
0.131,-0.276
0.144,-0.266
0.137,-0.265
0.149,-0.256
0.134,-0.242
0.137,-0.241
0.132,-0.236
0.145,-0.231
0.133,-0.225
0.142,-0.213
0.134,-0.207
0.131,-0.201
0.142,-0.196
0.125,-0.195
0.137,-0.191
0.132,-0.179
0.132,-0.170
0.142,-0.162
0.154,-0.143
0.142,-0.132
0.140,-0.115
0.137,-0.095
0.142,-0.066
0.148,-0.043
0.142,-0.019
0.161,-0.003
0.149,0.017
0.160,0.029
0.153,0.033
0.134,0.039
0.125,0.045
0.125,0.057
0.133,0.065
0.129,0.076
0.132,0.090
0.133,0.106
0.141,0.124
0.130,0.145
0.134,0.159
0.137,0.180
0.121,0.188
0.147,0.191
0.130,0.197
0.120,0.206
0.129,0.212
0.114,0.210
0.113,0.214
0.110,0.222
0.112,0.243
0.110,0.257
0.113,0.270
0.111,0.295
0.114,0.312
0.118,0.333
0.109,0.345
0.115,0.353
0.112,0.352
0.099,0.353
0.090,0.347
0.079,0.350
0.078,0.347
0.089,0.353
0.079,0.361
0.089,0.368
0.080,0.393
0.083,0.404
0.085,0.416
0.075,0.434
0.065,0.445
0.082,0.447
0.071,0.447
0.073,0.440
0.075,0.435
0.063,0.436
0.048,0.427
0.071,0.422
0.055,0.411
0.043,0.410
0.057,0.408
0.047,0.402
0.040,0.402
0.056,0.402
0.046,0.390
0.048,0.385
0.045,0.380
0.044,0.377
0.043,0.370
0.040,0.362
0.030,0.358
0.031,0.350
0.033,0.337
0.045,0.329
0.022,0.318
0.025,0.309
0.022,0.295
0.035,0.293
0.020,0.279
0.023,0.267
0.028,0.257
0.029,0.254
0.025,0.234
0.033,0.223
0.010,0.207
0.013,0.187
0.029,0.164
0.024,0.144
0.033,0.121
0.014,0.094
0.033,0.078
0.014,0.059
0.029,0.043
0.023,0.034
0.030,0.025
0.019,0.013
0.039,0.005
0.034,-0.000
0.025,-0.019
0.037,-0.032
0.039,-0.051
0.049,-0.067
0.027,-0.086
0.046,-0.103
0.044,-0.125
0.054,-0.129
0.061,-0.140
0.055,-0.146
0.050,-0.156
0.044,-0.160
0.049,-0.167
0.066,-0.167
0.059,-0.176
0.061,-0.192
0.061,-0.205
0.054,-0.227
0.065,-0.251
0.052,-0.271
0.055,-0.287
0.066,-0.299
0.069,-0.310
0.074,-0.312
0.084,-0.308
0.087,-0.309
0.079,-0.309
0.087,-0.307
0.081,-0.310
0.095,-0.315
0.088,-0.326
0.085,-0.333
0.092,-0.347
0.103,-0.352
0.102,-0.353
0.109,-0.352
0.109,-0.360
0.109,-0.363
0.119,-0.352
0.112,-0.345
0.131,-0.338
0.133,-0.331
0.137,-0.326
0.134,-0.316
0.119,-0.314
0.132,-0.308
0.128,-0.300
0.119,-0.293
0.128,-0.290
0.133,-0.284
0.130,-0.285
0.133,-0.273
0.127,-0.272
0.131,-0.264
0.138,-0.261
0.137,-0.252
0.134,-0.247
0.148,-0.242
0.143,-0.231
0.137,-0.222
0.137,-0.216
0.143,-0.211
0.126,-0.208
0.137,-0.200
0.138,-0.187
0.148,-0.183
0.139,-0.173
0.154,-0.158
0.144,-0.151
0.149,-0.140
0.145,-0.123
0.147,-0.109
0.154,-0.086
0.161,-0.062
0.155,-0.043
0.154,-0.023
0.149,-0.001
0.156,0.014
0.149,0.024
0.165,0.026
0.150,0.037
0.146,0.041
0.150,0.042
0.148,0.062
0.148,0.069
0.163,0.087
0.145,0.104
0.147,0.127
0.138,0.143
0.137,0.161
0.127,0.166
0.145,0.176
0.129,0.182
0.139,0.187
0.116,0.199
0.131,0.206
0.120,0.202
0.128,0.213
0.125,0.224
0.133,0.240
0.110,0.254
0.111,0.273
0.115,0.299
0.120,0.314
0.117,0.324
0.118,0.341
0.103,0.346
0.092,0.347
0.101,0.347
0.093,0.347
0.093,0.345
0.092,0.349
0.083,0.359
0.082,0.358
0.075,0.368
0.086,0.384
0.089,0.401
0.080,0.417
0.094,0.425
0.078,0.434
0.078,0.442
0.074,0.441
0.070,0.443
0.082,0.433
0.045,0.424
0.062,0.420
0.052,0.414
0.060,0.408
0.044,0.404
0.055,0.402
0.058,0.399
0.055,0.391
0.041,0.388
0.046,0.386
0.055,0.383
0.046,0.370
0.041,0.368
0.042,0.362
0.040,0.359
0.041,0.350
0.037,0.345
0.038,0.327
0.046,0.319
0.028,0.309
0.035,0.303
0.024,0.291
0.032,0.283
0.039,0.272
0.021,0.262
0.022,0.249
0.015,0.236
0.024,0.224
0.022,0.218
0.035,0.194
0.038,0.173
0.027,0.155
0.034,0.129
0.037,0.101
0.029,0.077
0.029,0.061
0.024,0.042
0.036,0.038
0.026,0.022
0.040,0.014
0.043,0.009
0.047,0.002
0.037,-0.004
0.046,-0.021
0.035,-0.038
0.037,-0.051
0.037,-0.077
0.044,-0.095
0.040,-0.121
0.038,-0.128
0.046,-0.138
0.039,-0.151
0.049,-0.154
0.071,-0.168
0.056,-0.175
0.050,-0.173
0.055,-0.175
0.062,-0.189
0.071,-0.199
0.072,-0.215
0.073,-0.231
0.065,-0.251
0.055,-0.269
0.064,-0.292
0.058,-0.304
0.079,-0.308
0.082,-0.311
0.091,-0.309
0.088,-0.310
0.091,-0.311
0.092,-0.309
0.082,-0.315
0.086,-0.322
0.077,-0.331
0.092,-0.337
0.095,-0.346
0.099,-0.352
0.094,-0.352
0.113,-0.353
0.111,-0.355
0.113,-0.349
0.107,-0.342
0.106,-0.334
0.110,-0.330
0.119,-0.326
0.120,-0.322
0.116,-0.314
0.123,-0.311
0.124,-0.308
0.118,-0.302
0.106,-0.298
0.129,-0.295
0.132,-0.289
0.125,-0.280
0.123,-0.277
0.138,-0.268
0.135,-0.264
0.152,-0.255
0.150,-0.254
0.145,-0.246
0.144,-0.238
0.141,-0.231
0.138,-0.226
0.136,-0.218
0.135,-0.208
0.142,-0.202
0.148,-0.198
0.139,-0.193
0.152,-0.182
0.138,-0.173
0.144,-0.158
0.143,-0.150
0.141,-0.136
0.148,-0.127
0.135,-0.107
0.151,-0.079
0.162,-0.057
0.150,-0.035
0.154,-0.010
0.145,0.007
0.152,0.025
0.151,0.027
0.140,0.035
0.144,0.044
0.145,0.048
0.138,0.057
0.153,0.066
0.144,0.084
0.135,0.094
0.146,0.110
0.132,0.129
0.136,0.149
0.129,0.159
0.134,0.169
0.128,0.184
0.137,0.191
0.133,0.200
0.122,0.205
0.114,0.206
0.120,0.208
0.114,0.217
0.120,0.231
0.110,0.246
0.119,0.259
0.121,0.281
0.131,0.303
0.117,0.323
0.108,0.339
0.118,0.346
0.111,0.356
0.099,0.359
0.098,0.352
0.084,0.354
0.093,0.353
0.080,0.356
0.083,0.364
0.081,0.371
0.080,0.383
0.095,0.398
0.087,0.414
0.090,0.427
0.088,0.435
0.078,0.442
0.086,0.437
0.082,0.437
0.070,0.442
0.080,0.437
0.074,0.426
0.061,0.426
0.061,0.419
0.064,0.418
0.066,0.409
0.059,0.407
0.063,0.404
0.056,0.399
0.054,0.391
0.042,0.386
0.055,0.379
0.055,0.371
0.046,0.367
0.041,0.357
0.027,0.350
0.044,0.348
0.032,0.340
0.031,0.329
0.039,0.319
0.030,0.311
0.034,0.301
0.038,0.293
0.031,0.279
0.025,0.276
0.040,0.263
0.030,0.256
0.030,0.244
0.028,0.233
0.017,0.218
0.027,0.195
0.036,0.178
0.028,0.154
0.035,0.132
0.020,0.105
0.029,0.083
0.021,0.066
0.013,0.048
0.013,0.036
0.024,0.029
0.027,0.018
0.028,0.008
0.033,0.004
0.035,-0.012
0.038,-0.021
0.040,-0.034
0.035,-0.053
0.039,-0.077
0.021,-0.090
0.040,-0.108
0.048,-0.120
0.053,-0.126
0.046,-0.136
0.051,-0.138
0.054,-0.153
0.061,-0.161
0.067,-0.164
0.056,-0.170
0.052,-0.185
0.056,-0.198
0.061,-0.214
0.053,-0.237
0.056,-0.259
0.050,-0.284
0.065,-0.293
0.066,-0.302
0.081,-0.306
0.056,-0.305
0.077,-0.313
0.082,-0.307
0.088,-0.303
0.093,-0.304
0.088,-0.311
0.091,-0.319
0.079,-0.335
0.084,-0.342
0.091,-0.351
0.096,-0.353
0.099,-0.358
0.091,-0.349
0.094,-0.353
0.118,-0.344
0.111,-0.343
0.123,-0.342
0.109,-0.331
0.118,-0.323
0.117,-0.317
0.116,-0.309
0.122,-0.305
0.126,-0.302
0.127,-0.301
0.131,-0.293
0.125,-0.284
0.118,-0.284
0.126,-0.281
0.136,-0.271
0.127,-0.269
0.128,-0.264
0.124,-0.259
0.130,-0.258
0.140,-0.245
0.136,-0.237
0.123,-0.234
0.141,-0.217
0.137,-0.210
0.145,-0.207
0.135,-0.203
0.135,-0.194
0.145,-0.182
0.146,-0.178
0.144,-0.170
0.146,-0.159
0.139,-0.144
0.150,-0.130
0.154,-0.115
0.148,-0.094
0.159,-0.063
0.142,-0.038
0.150,-0.024
0.158,-0.005
0.161,0.006
0.147,0.020
0.153,0.026
0.127,0.034
0.153,0.039
0.137,0.050
0.136,0.053
0.136,0.068
0.138,0.083
0.130,0.098
0.140,0.115
0.136,0.138
0.150,0.154
0.134,0.176
0.135,0.188
0.134,0.185
0.125,0.194
0.133,0.197
0.126,0.204
0.127,0.211
0.101,0.210
0.112,0.223
0.131,0.236
0.118,0.242
0.113,0.264
0.128,0.292
0.119,0.313
0.104,0.324
0.104,0.338
0.113,0.342
0.102,0.347
0.091,0.348
0.092,0.350
0.095,0.352
0.099,0.352
0.099,0.357
0.090,0.367
0.082,0.371
0.083,0.386
0.077,0.400
0.079,0.421
0.078,0.435
0.075,0.446
0.073,0.452
0.083,0.453
0.071,0.453
0.071,0.445
0.061,0.445
0.069,0.439
0.061,0.428
0.051,0.421
0.063,0.418
0.059,0.412
0.054,0.412
0.043,0.408
0.034,0.399
0.038,0.401
0.048,0.396
0.044,0.388
0.031,0.384
0.036,0.378
0.037,0.367
0.043,0.362
0.029,0.355
0.044,0.338
0.029,0.333
0.032,0.315
0.022,0.313
0.026,0.303
0.029,0.297
0.027,0.284
0.023,0.268
0.027,0.257
0.029,0.251
0.034,0.243
0.023,0.229
0.022,0.218
0.027,0.193
0.025,0.175
0.026,0.151
0.036,0.127
0.015,0.101
0.009,0.083
0.016,0.065
0.024,0.048
0.029,0.033
0.021,0.026
0.025,0.020
0.031,0.012
0.025,0.003
0.032,-0.009
0.034,-0.026
0.040,-0.043
0.023,-0.062
0.041,-0.081
0.036,-0.096
0.027,-0.109
0.028,-0.116
0.043,-0.126
0.041,-0.129
0.049,-0.139
0.055,-0.142
0.058,-0.146
0.060,-0.151
0.060,-0.157
0.060,-0.175
0.069,-0.188
0.063,-0.213
0.071,-0.234
0.055,-0.250
0.071,-0.269
0.056,-0.284
0.067,-0.291
0.070,-0.300
0.086,-0.300
0.080,-0.305
0.092,-0.302
0.098,-0.302
0.097,-0.304
0.099,-0.315
0.102,-0.321
0.099,-0.332
0.092,-0.340
0.104,-0.340
0.104,-0.344
0.102,-0.347
0.111,-0.343
0.101,-0.341
0.106,-0.332
0.115,-0.330
0.124,-0.323
0.119,-0.318
0.114,-0.316
0.136,-0.312
0.126,-0.308
0.129,-0.305
0.131,-0.302
0.119,-0.292
0.145,-0.285
0.125,-0.281
0.119,-0.275
0.141,-0.271
0.139,-0.263
0.144,-0.255
0.143,-0.255
0.142,-0.243
0.144,-0.236
0.141,-0.232
0.143,-0.223
0.140,-0.220
0.145,-0.211
0.148,-0.209
0.154,-0.205
0.148,-0.197
0.155,-0.188
0.142,-0.177
0.145,-0.165
0.153,-0.160
0.145,-0.147
0.144,-0.136
0.152,-0.123
0.149,-0.105
0.143,-0.086
0.145,-0.062
0.151,-0.038
0.149,-0.014
0.163,-0.002
0.148,0.019
0.151,0.033
0.135,0.042
0.139,0.042
0.142,0.050
0.144,0.059
0.138,0.069
0.158,0.080
0.136,0.099
0.143,0.113
0.129,0.127
0.145,0.152
0.140,0.166
0.143,0.181
0.123,0.185
0.136,0.192
0.130,0.198
0.116,0.204
0.124,0.211
0.117,0.214
0.122,0.215
0.117,0.224
0.116,0.235
0.117,0.256
0.107,0.278
0.111,0.301
0.115,0.317
0.120,0.333
0.117,0.349
0.101,0.359
0.103,0.357
0.098,0.357
0.100,0.350
0.097,0.349
0.098,0.346
0.084,0.357
0.093,0.362
0.096,0.371
0.084,0.386
0.088,0.406
0.081,0.420
0.081,0.433
0.074,0.438
0.066,0.446
0.086,0.447
0.063,0.443
0.074,0.433
0.066,0.428
0.065,0.425
0.060,0.421
0.073,0.416
0.050,0.415
0.055,0.414
0.056,0.404
0.047,0.403
0.050,0.399
0.052,0.389
0.047,0.389
0.046,0.382
0.043,0.371
0.034,0.366
0.033,0.361
0.044,0.353
0.034,0.344
0.041,0.327
0.030,0.315
0.042,0.305
0.030,0.295
0.035,0.290
0.039,0.282
0.025,0.275
0.037,0.262
0.030,0.257
0.041,0.247
0.032,0.236
0.037,0.220
0.028,0.202
0.019,0.177
0.019,0.162
0.019,0.135
0.030,0.114
0.024,0.093
0.013,0.068
0.017,0.049
0.016,0.038
0.023,0.028
0.026,0.023
0.030,0.015
0.037,0.008
0.038,-0.004
0.033,-0.016
0.031,-0.031
0.034,-0.049
0.039,-0.068
0.031,-0.086
0.035,-0.101
0.031,-0.114
0.042,-0.133
0.048,-0.137
0.059,-0.149
0.056,-0.162
0.061,-0.164
0.049,-0.160
0.056,-0.164
0.051,-0.177
0.056,-0.190
0.063,-0.206
0.054,-0.229
0.074,-0.252
0.059,-0.270
0.052,-0.288
0.058,-0.296
0.062,-0.303
0.077,-0.306
0.073,-0.314
0.079,-0.307
0.085,-0.305
0.089,-0.306
0.085,-0.312
0.078,-0.320
0.101,-0.327
0.096,-0.339
0.084,-0.347
0.090,-0.351
0.093,-0.358
0.104,-0.356
0.096,-0.355
0.105,-0.354
0.111,-0.341
0.115,-0.338
0.113,-0.330
0.118,-0.323
0.119,-0.315
0.126,-0.309
0.119,-0.308
0.133,-0.308
0.126,-0.302
0.125,-0.297
0.129,-0.290
0.130,-0.285
0.134,-0.277
0.132,-0.268
0.140,-0.266
0.145,-0.257
0.126,-0.254
0.144,-0.247
0.139,-0.247
0.134,-0.236
0.137,-0.225
0.132,-0.219
0.128,-0.211
0.136,-0.203
0.125,-0.201
0.127,-0.190
0.129,-0.179
0.141,-0.172
0.145,-0.158
0.153,-0.152
0.138,-0.151
0.142,-0.137
0.134,-0.125
0.141,-0.102
0.145,-0.082
0.148,-0.057
0.148,-0.035
0.152,-0.014
0.164,-0.001
0.151,0.014
0.151,0.019
0.152,0.037
0.163,0.046
0.146,0.056
0.148,0.067
0.142,0.074
0.129,0.088
0.149,0.098
0.128,0.120
0.144,0.135
0.135,0.146
0.138,0.159
0.138,0.177
0.130,0.184
0.129,0.191
0.111,0.197
0.119,0.201
0.126,0.204
0.126,0.211
0.107,0.215
0.110,0.220
0.116,0.236
0.102,0.253
0.114,0.280
0.122,0.301
0.109,0.320
0.120,0.339
0.109,0.351
0.107,0.351
0.098,0.352
0.093,0.344
0.082,0.347
0.093,0.350
0.081,0.345
0.089,0.354
0.081,0.359
0.080,0.371
0.072,0.391
0.097,0.411
0.081,0.423
0.090,0.435
0.070,0.436
0.078,0.436
0.066,0.440
0.064,0.443
0.066,0.438
0.062,0.430
0.074,0.423
0.070,0.418
0.067,0.413
0.059,0.410
0.062,0.408
0.052,0.405
0.056,0.404
0.062,0.393
0.068,0.389
0.046,0.383
0.045,0.376
0.043,0.371
0.040,0.367
0.050,0.358
0.029,0.352
0.031,0.340
0.041,0.328
0.039,0.320
0.030,0.310
0.043,0.301
0.030,0.297
0.046,0.281
0.027,0.273
0.028,0.263
0.022,0.254
0.032,0.242
0.029,0.229
0.022,0.212
0.037,0.200
0.033,0.182
0.023,0.161
0.019,0.131
0.036,0.113
0.021,0.087
0.039,0.063
0.028,0.047
0.028,0.035
0.028,0.023
0.033,0.013
0.031,0.009
0.025,0.003
0.026,-0.009
0.021,-0.017
0.034,-0.038
0.033,-0.055
0.026,-0.079
0.034,-0.096
0.045,-0.110
0.031,-0.122
0.031,-0.133
0.036,-0.144
0.037,-0.147
0.043,-0.160
0.058,-0.160
0.052,-0.170
0.051,-0.168
0.056,-0.178
0.052,-0.190
0.058,-0.206
0.064,-0.227
0.054,-0.253
0.048,-0.268
0.061,-0.281
0.064,-0.294
0.075,-0.297
0.070,-0.304
0.080,-0.308
0.081,-0.309
0.083,-0.309
0.086,-0.313
0.085,-0.319
0.083,-0.319
0.091,-0.331
0.087,-0.343
0.095,-0.345
0.086,-0.348
0.119,-0.347
0.112,-0.353
0.100,-0.349
0.113,-0.346
0.111,-0.338
0.122,-0.335
0.107,-0.324
0.105,-0.325
0.113,-0.317
0.108,-0.313
0.118,-0.304
0.117,-0.308
0.122,-0.303
0.120,-0.300
0.121,-0.294
0.117,-0.292
0.119,-0.281
0.127,-0.281
0.136,-0.273
0.124,-0.264
0.127,-0.258
0.132,-0.250
0.129,-0.248
0.130,-0.237
0.133,-0.228
0.131,-0.223
0.131,-0.214
0.145,-0.211
0.133,-0.200
0.135,-0.190
0.136,-0.186
0.131,-0.179
0.139,-0.174
0.132,-0.162
0.128,-0.154
0.136,-0.146
0.144,-0.120
0.141,-0.100
0.143,-0.075
0.143,-0.051
0.142,-0.034
0.155,-0.015
0.155,0.004
0.145,0.020
0.142,0.028
0.154,0.035
0.140,0.041
0.122,0.047
0.134,0.059
0.126,0.068
0.133,0.077
0.143,0.094
0.133,0.121
0.131,0.141
0.133,0.149
0.139,0.162
0.137,0.172
0.117,0.186
0.128,0.190
0.119,0.196
0.114,0.200
0.104,0.200
0.107,0.203
0.104,0.212
0.095,0.225
0.107,0.245
0.099,0.265
0.103,0.281
0.117,0.301
0.112,0.321
0.102,0.334
0.105,0.347
0.094,0.352
0.094,0.343
0.092,0.344
0.086,0.344
0.089,0.345
0.094,0.346
0.087,0.354
0.077,0.353
0.074,0.372
0.085,0.391
0.088,0.404
0.080,0.425
0.076,0.432
0.081,0.440
0.070,0.441
0.065,0.444
0.062,0.446
0.067,0.447
0.072,0.434
0.059,0.430
0.046,0.419
0.053,0.414
0.056,0.412
0.051,0.407
0.058,0.400
0.063,0.394
0.052,0.386
0.054,0.387
0.047,0.373
0.040,0.371
0.043,0.365
0.051,0.363
0.041,0.357
0.042,0.342
0.038,0.329
0.030,0.325
0.036,0.318
0.034,0.307
0.013,0.297
0.033,0.286
0.030,0.281
0.022,0.270
0.016,0.258
0.023,0.246
0.022,0.231
0.034,0.218
0.028,0.208
0.019,0.189
0.027,0.173
0.016,0.145
0.030,0.120
0.022,0.097
0.023,0.078
0.036,0.060
0.015,0.045
0.024,0.040
0.027,0.030
0.033,0.024
0.042,0.011
0.043,-0.003
0.046,-0.015
0.029,-0.022
0.042,-0.038
0.043,-0.057
0.039,-0.075
0.030,-0.090
0.046,-0.109
0.044,-0.125
0.046,-0.134
0.054,-0.144
0.053,-0.148
0.058,-0.157
0.050,-0.164
0.052,-0.170
0.050,-0.174
0.045,-0.183
0.050,-0.196
0.065,-0.210
0.056,-0.232
0.044,-0.255
0.057,-0.275
0.055,-0.288
0.075,-0.305
0.068,-0.312
0.071,-0.313
0.084,-0.310
0.079,-0.309
0.061,-0.313
0.080,-0.315
0.092,-0.321
0.087,-0.325
0.075,-0.334
0.088,-0.342
0.088,-0.349
0.091,-0.350
0.102,-0.351
0.102,-0.356
0.096,-0.350
0.101,-0.350
0.106,-0.350
0.102,-0.334
0.105,-0.328
0.122,-0.325
0.106,-0.312
0.125,-0.310
0.123,-0.307
0.110,-0.302
0.120,-0.299
0.108,-0.299
0.116,-0.291
0.128,-0.286
0.121,-0.277
0.130,-0.268
0.130,-0.263
0.125,-0.258
0.138,-0.255
0.133,-0.243
0.126,-0.239
0.133,-0.225
0.130,-0.220
0.134,-0.210
0.136,-0.206
0.149,-0.202
0.134,-0.192
0.147,-0.184
0.145,-0.176
0.146,-0.172
0.133,-0.161
0.141,-0.151
0.130,-0.139
0.133,-0.122
0.142,-0.103
0.136,-0.083
0.139,-0.062
0.152,-0.034
0.148,-0.013
0.142,-0.000
0.153,0.018
0.151,0.031
0.139,0.035
0.160,0.041
0.139,0.043
0.138,0.057
0.140,0.060
0.134,0.076
0.135,0.091
0.133,0.108
0.129,0.128
0.115,0.148
0.129,0.155
0.130,0.163
0.123,0.179
0.133,0.187
0.122,0.197
0.130,0.196
0.123,0.203
0.125,0.211
0.122,0.215
0.127,0.223
0.117,0.230
0.113,0.247
0.110,0.270
0.102,0.292
0.112,0.309
0.109,0.324
0.103,0.335
0.105,0.344
0.093,0.353
0.104,0.349
0.113,0.352
0.095,0.348
0.096,0.347
0.101,0.349
0.096,0.362
0.085,0.372
0.081,0.392
0.080,0.411
0.086,0.426
0.086,0.434
0.080,0.440
0.075,0.444
0.073,0.446
0.069,0.447
0.067,0.450
0.055,0.438
0.059,0.431
0.062,0.428
0.052,0.424
0.046,0.418
0.050,0.418
0.043,0.416
0.041,0.408
0.052,0.403
0.039,0.400
0.039,0.393
0.026,0.389
0.029,0.386
0.031,0.384
0.030,0.374
0.029,0.371
0.015,0.357
0.034,0.341
0.029,0.327
0.028,0.325
0.035,0.307
0.028,0.302
0.027,0.293
0.034,0.283
0.024,0.272
0.040,0.258
0.037,0.249
0.032,0.245
0.026,0.228
0.031,0.212
0.045,0.199
0.029,0.176
0.030,0.149
0.026,0.122
0.027,0.093
0.019,0.078
0.017,0.055
0.044,0.046
0.039,0.035
0.036,0.022
0.046,0.016
0.035,0.011
0.036,-0.005
0.045,-0.023
0.047,-0.038
0.060,-0.044
0.051,-0.062
0.058,-0.086
0.052,-0.109
0.046,-0.122
0.044,-0.130
0.044,-0.141
0.046,-0.148
0.046,-0.155
0.047,-0.161
0.065,-0.163
0.065,-0.175
0.062,-0.179
0.052,-0.189
0.061,-0.203
0.052,-0.225
0.061,-0.249
0.052,-0.270
0.052,-0.289
0.061,-0.298
0.070,-0.308
0.068,-0.305
0.069,-0.312
0.072,-0.314
0.084,-0.315
0.087,-0.313
0.098,-0.315
0.086,-0.321
0.088,-0.330
0.085,-0.333
0.096,-0.345
0.100,-0.351
0.096,-0.352
0.105,-0.347
0.106,-0.347
0.104,-0.349
0.098,-0.343
0.125,-0.330
0.114,-0.327
0.116,-0.320
0.111,-0.320
0.114,-0.309
0.121,-0.308
0.129,-0.304
0.127,-0.301
0.134,-0.296
0.141,-0.292
0.132,-0.285
0.145,-0.282
0.131,-0.275
0.135,-0.270
0.138,-0.263
0.139,-0.257
0.135,-0.246
0.143,-0.244
0.138,-0.237
0.145,-0.221
0.146,-0.216
0.142,-0.208
0.146,-0.201
0.140,-0.194
0.136,-0.191
0.152,-0.184
0.139,-0.174
0.147,-0.168
0.149,-0.158
0.143,-0.149
0.145,-0.139
0.138,-0.122
0.148,-0.100
0.150,-0.081
0.152,-0.052
0.157,-0.035
0.145,-0.010
0.135,0.002
0.143,0.011
0.139,0.026
0.169,0.038
0.149,0.042
0.147,0.054
0.148,0.061
0.136,0.074
0.137,0.085
0.143,0.098
0.143,0.116
0.128,0.125
0.130,0.151
0.136,0.166
0.135,0.175
0.152,0.192
0.131,0.193
0.131,0.205
0.119,0.208
0.131,0.212
0.128,0.210
0.121,0.215
0.117,0.226
0.132,0.236
0.116,0.263
0.118,0.280
0.113,0.305
0.131,0.326
0.111,0.335
0.119,0.347
0.108,0.357
0.108,0.358
0.105,0.359
0.091,0.359
0.098,0.356
0.088,0.354
0.085,0.354
0.089,0.358
0.077,0.377
0.096,0.403
0.088,0.417
0.087,0.431
0.089,0.443
0.075,0.451
0.070,0.449
0.068,0.454
0.070,0.447
0.080,0.445
0.065,0.441
0.065,0.429
0.064,0.432
0.056,0.427
0.046,0.424
0.051,0.418
0.044,0.414
0.049,0.409
0.050,0.402
0.044,0.397
0.041,0.392
0.048,0.383
0.046,0.377
0.048,0.368
0.046,0.364
0.036,0.357
0.040,0.346
0.035,0.336
0.018,0.324
0.032,0.316
0.023,0.310
0.034,0.303
0.035,0.290
0.029,0.285
0.018,0.271
0.025,0.263
0.037,0.253
0.031,0.239
0.037,0.231
0.032,0.215
0.036,0.190
0.035,0.168
0.033,0.138
0.023,0.109
0.028,0.088
0.026,0.070
0.032,0.055
0.030,0.038
0.035,0.033
0.023,0.021
0.041,0.019
0.046,0.011
0.033,-0.001
0.035,-0.013
0.039,-0.026
0.028,-0.045
0.036,-0.063
0.040,-0.082
0.048,-0.101
0.044,-0.112
0.041,-0.126
0.055,-0.134
0.043,-0.143
0.057,-0.156
0.045,-0.157
0.060,-0.165
0.048,-0.166
0.061,-0.173
0.066,-0.189
0.058,-0.204
0.064,-0.227
0.067,-0.251
0.064,-0.266
0.054,-0.282
0.061,-0.299
0.068,-0.302
0.073,-0.313
0.076,-0.310
0.090,-0.309
0.098,-0.308
0.103,-0.302
0.097,-0.304
0.086,-0.314
0.099,-0.324
0.104,-0.340
0.097,-0.345
0.108,-0.350
0.108,-0.348
0.106,-0.350
0.107,-0.345
0.109,-0.342
0.119,-0.336
0.114,-0.329
0.118,-0.321
0.124,-0.311
0.113,-0.309
0.110,-0.308
0.125,-0.302
0.116,-0.301
0.126,-0.297
0.121,-0.295
0.122,-0.285
0.126,-0.285
0.141,-0.279
0.124,-0.275
0.133,-0.267
0.134,-0.253
0.143,-0.253
0.145,-0.249
0.144,-0.246
0.137,-0.235
0.141,-0.220
0.151,-0.216
0.139,-0.210
0.144,-0.209
0.140,-0.198
0.134,-0.194
0.147,-0.175
0.161,-0.174
0.159,-0.164
0.147,-0.161
0.143,-0.149
0.140,-0.140
0.144,-0.125
0.147,-0.098
0.149,-0.078
0.149,-0.051
0.147,-0.029
0.140,-0.011
0.143,0.008
0.153,0.022
0.151,0.027
0.135,0.038
0.138,0.045
0.153,0.052
0.144,0.062
0.134,0.067
0.131,0.087
0.148,0.096
0.136,0.114
0.140,0.134
0.135,0.157
0.134,0.172
0.130,0.190
0.126,0.191
0.119,0.195
0.133,0.200
0.127,0.207
0.119,0.209
0.112,0.209
0.118,0.219
0.112,0.225
0.121,0.240
0.114,0.258
0.109,0.281
0.097,0.299
0.119,0.320
0.111,0.335
0.105,0.345
0.099,0.350
0.097,0.350
0.098,0.351
0.102,0.350
0.106,0.355
0.104,0.360
0.097,0.365
0.087,0.371
0.085,0.391
0.095,0.406
0.083,0.425
0.076,0.438
0.073,0.443
0.082,0.450
0.087,0.454
0.073,0.453
0.061,0.451
0.063,0.448
0.056,0.440
0.068,0.434
0.066,0.436
0.063,0.426
0.061,0.419
0.060,0.413
0.056,0.410
0.052,0.408
0.052,0.399
0.055,0.392
0.046,0.387
0.038,0.381
0.050,0.380
0.047,0.372
0.038,0.364
0.036,0.358
0.024,0.347
0.038,0.332
0.035,0.322
0.044,0.315
0.038,0.302
0.023,0.296
0.032,0.284
0.027,0.272
0.036,0.265
0.037,0.255
0.039,0.250
0.032,0.233
0.034,0.215
0.047,0.209
0.020,0.182
0.026,0.161
0.028,0.136
0.025,0.110
0.036,0.083
0.023,0.067
0.027,0.047
0.024,0.030
0.023,0.026
0.040,0.016
0.029,0.013
0.042,0.008
0.044,-0.006
0.031,-0.023
0.041,-0.034
0.049,-0.052
0.030,-0.077
0.036,-0.096
0.037,-0.110
0.041,-0.120
0.032,-0.135
0.058,-0.140
0.044,-0.148
0.046,-0.155
0.052,-0.150
0.049,-0.165
0.060,-0.165
0.046,-0.172
0.057,-0.188
0.052,-0.200
0.058,-0.222
0.050,-0.248
0.055,-0.264
0.060,-0.285
0.060,-0.295
0.064,-0.306
0.076,-0.304
0.088,-0.307
0.083,-0.303
0.074,-0.306
0.100,-0.298
0.095,-0.307
0.101,-0.312
0.095,-0.328
0.093,-0.337
0.088,-0.341
0.104,-0.343
0.107,-0.345
0.109,-0.345
0.105,-0.345
0.099,-0.338
0.105,-0.333
0.126,-0.325
0.126,-0.320
0.121,-0.310
0.138,-0.307
0.129,-0.301
0.134,-0.297
0.131,-0.298
0.133,-0.296
0.111,-0.292
0.125,-0.289
0.128,-0.282
0.124,-0.277
0.139,-0.267
0.140,-0.260
0.146,-0.259
0.139,-0.255
0.145,-0.250
0.140,-0.238
0.139,-0.231
0.140,-0.226
0.132,-0.212
0.141,-0.202
0.139,-0.206
0.147,-0.197
0.132,-0.185
0.151,-0.169
0.147,-0.165
0.154,-0.159
0.164,-0.145
0.151,-0.137
0.137,-0.121
0.161,-0.110
0.147,-0.091
0.147,-0.068
0.145,-0.047
0.157,-0.022
0.153,-0.003
0.145,0.013
0.154,0.023
0.142,0.030
0.149,0.039
0.148,0.047
0.144,0.053
0.133,0.064
0.128,0.071
0.138,0.090
0.137,0.105
0.147,0.128
0.136,0.138
0.141,0.159
0.142,0.177
0.134,0.185
0.147,0.192
0.137,0.192
0.145,0.203
0.143,0.211
0.118,0.215
0.110,0.218
0.118,0.229
0.114,0.236
0.121,0.253
0.120,0.270
0.113,0.296
0.119,0.313
0.116,0.330
0.120,0.341
0.125,0.346
0.117,0.348
0.101,0.347
0.099,0.348
0.092,0.349
0.099,0.345
0.097,0.351
0.093,0.362
0.087,0.364
0.089,0.382
0.099,0.405
0.092,0.415
0.073,0.435
0.089,0.442
0.071,0.448
0.075,0.448
0.077,0.448
0.069,0.451
0.066,0.447
0.062,0.439
0.066,0.434
0.064,0.421
0.056,0.423
0.051,0.416
0.049,0.415
0.065,0.413
0.052,0.407
0.044,0.406
0.050,0.399
0.041,0.388
0.042,0.382
0.044,0.372
0.050,0.371
0.045,0.359
0.046,0.351
0.054,0.346
0.052,0.333
0.046,0.321
0.033,0.311
0.039,0.303
0.049,0.299
0.031,0.283
0.038,0.272
0.042,0.265
0.048,0.255
0.044,0.246
0.047,0.233
0.045,0.213
0.031,0.198
0.037,0.177
0.040,0.154
0.034,0.128
0.026,0.101
0.026,0.082
0.028,0.061
0.028,0.045
0.031,0.030
0.032,0.016
0.040,0.016
0.044,0.006
0.037,-0.001
0.035,-0.014
0.032,-0.029
0.040,-0.047
0.038,-0.059
0.019,-0.077
0.044,-0.097
0.035,-0.110
0.036,-0.123
0.051,-0.129
0.038,-0.141
0.058,-0.144
0.056,-0.146
0.049,-0.159
0.060,-0.166
0.069,-0.173
0.062,-0.182
0.065,-0.196
0.066,-0.216
0.049,-0.242
0.061,-0.256
0.058,-0.278
0.069,-0.288
0.074,-0.293
0.081,-0.296
0.080,-0.299
0.076,-0.301
0.082,-0.301
0.091,-0.300
0.080,-0.302
0.094,-0.307
0.087,-0.313
0.095,-0.327
0.099,-0.333
0.106,-0.337
0.099,-0.347
0.107,-0.348
0.109,-0.341
0.103,-0.341
0.114,-0.339
0.115,-0.339
0.120,-0.333
0.119,-0.325
0.117,-0.319
0.121,-0.311
0.126,-0.307
0.119,-0.303
0.115,-0.302
0.129,-0.294
0.142,-0.288
0.146,-0.288
0.119,-0.283
0.129,-0.273
0.124,-0.273
0.143,-0.261
0.143,-0.251
0.139,-0.252
0.141,-0.243
0.132,-0.240
0.137,-0.224
0.143,-0.217
0.131,-0.211
0.145,-0.201
0.134,-0.201
0.133,-0.194
0.139,-0.182
0.150,-0.176
0.135,-0.169
0.143,-0.156
0.147,-0.148
0.140,-0.136
0.143,-0.120
0.154,-0.105
0.157,-0.087
0.154,-0.058
0.150,-0.038
0.138,-0.022
0.142,0.001
0.141,0.023
0.154,0.034
0.135,0.034
0.150,0.044
0.141,0.052
0.141,0.058
0.151,0.066
0.150,0.080
0.139,0.098
0.130,0.107
0.148,0.129
0.142,0.146
0.132,0.167
0.142,0.183
0.150,0.195
0.124,0.201
0.132,0.201
0.125,0.208
0.141,0.217
0.129,0.217
0.127,0.220
0.117,0.229
0.122,0.242
0.118,0.261
0.111,0.275
0.126,0.296
0.125,0.316
0.124,0.332
0.116,0.345
0.110,0.354
0.119,0.362
0.096,0.361
0.102,0.359
0.086,0.365
0.081,0.361
0.087,0.364
0.101,0.372
0.094,0.383
0.100,0.399
0.095,0.414
0.097,0.432
0.086,0.452
0.086,0.457
0.080,0.462
0.072,0.464
0.068,0.456
0.061,0.451
0.068,0.448
0.062,0.441
0.061,0.439
0.067,0.430
0.055,0.429
0.045,0.423
0.052,0.417
0.062,0.413
0.065,0.403
0.051,0.403
0.055,0.393
0.067,0.387
0.053,0.383
0.061,0.374
0.052,0.370
0.040,0.360
0.036,0.353
0.052,0.341
0.043,0.328
0.046,0.319
0.045,0.319
0.041,0.307
0.046,0.299
0.040,0.288
0.036,0.273
0.035,0.263
0.045,0.250
0.047,0.242
0.033,0.226
0.034,0.215
0.031,0.199
0.034,0.176
0.033,0.148
0.021,0.122
0.024,0.094
0.024,0.070
0.024,0.055
0.039,0.039
0.030,0.029
0.040,0.024
0.049,0.017
0.033,0.007
0.037,-0.003
0.037,-0.016
0.042,-0.031
0.033,-0.049
0.041,-0.069
0.047,-0.087
0.032,-0.102
0.056,-0.114
0.046,-0.125
0.046,-0.132
0.050,-0.143
0.058,-0.151
0.048,-0.159
0.062,-0.163
0.065,-0.165
0.061,-0.176
0.054,-0.183
0.065,-0.202
0.057,-0.223
0.065,-0.240
0.057,-0.264
0.070,-0.282
0.061,-0.293
0.076,-0.305
0.071,-0.308
0.077,-0.307
0.079,-0.305
0.088,-0.303
0.083,-0.305
0.085,-0.309
0.093,-0.317
0.090,-0.323
0.084,-0.335
0.086,-0.342
0.082,-0.346
0.110,-0.350
0.116,-0.348
0.105,-0.346
0.095,-0.342
0.117,-0.338
0.111,-0.332
0.111,-0.326
0.118,-0.321
0.115,-0.320
0.116,-0.311
0.115,-0.302
0.123,-0.302
0.132,-0.300
0.122,-0.292
0.137,-0.282
0.131,-0.275
0.129,-0.268
0.127,-0.262
0.126,-0.260
0.121,-0.259
0.141,-0.255
0.142,-0.251
0.142,-0.248
0.136,-0.236
0.141,-0.226
0.149,-0.212
0.138,-0.212
0.132,-0.200
0.134,-0.193
0.134,-0.192
0.147,-0.182
0.141,-0.174
0.142,-0.165
0.136,-0.160
0.146,-0.144
0.145,-0.137
0.142,-0.121
0.151,-0.097
0.149,-0.073
0.148,-0.052
0.145,-0.027
0.142,-0.011
0.152,0.006
0.140,0.021
0.149,0.027
0.158,0.036
0.125,0.039
0.136,0.053
0.134,0.060
0.128,0.075
0.138,0.087
0.143,0.097
0.135,0.116
0.135,0.131
0.135,0.151
0.134,0.164
0.129,0.177
0.130,0.185
0.124,0.195
0.114,0.200
0.117,0.209
0.121,0.208
0.121,0.218
0.116,0.222
0.113,0.233
0.121,0.250
0.128,0.265
0.113,0.287
0.125,0.306
0.115,0.331
0.107,0.342
0.108,0.350
0.090,0.355
0.097,0.352
0.092,0.348
0.093,0.346
0.083,0.350
0.079,0.352
0.074,0.359
0.089,0.361
0.073,0.380
0.087,0.395
0.100,0.417
0.079,0.435
0.077,0.442
0.077,0.444
0.064,0.446
0.074,0.445
0.067,0.445
0.072,0.435
0.063,0.434
0.054,0.430
0.053,0.419
0.046,0.414
0.064,0.411
0.049,0.407
0.044,0.403
0.047,0.402
0.038,0.395
0.051,0.387
0.035,0.388
0.042,0.379
0.040,0.371
0.054,0.363
0.032,0.357
0.042,0.354
0.034,0.341
0.034,0.333
0.032,0.325
0.029,0.317
0.019,0.309
0.028,0.303
0.033,0.287
0.032,0.279
0.026,0.263
0.027,0.252
0.034,0.244
0.016,0.238
0.021,0.223
0.018,0.207
0.018,0.188
0.023,0.164
0.018,0.134
0.022,0.104
0.018,0.082
0.023,0.063
0.012,0.046
0.016,0.034
0.027,0.027
0.034,0.017
0.045,0.007
0.023,0.001
0.020,-0.009
0.033,-0.019
0.039,-0.032
0.035,-0.049
0.032,-0.063
0.028,-0.084
0.037,-0.105
0.040,-0.118
0.043,-0.127
0.031,-0.138
0.046,-0.143
0.040,-0.151
0.049,-0.158
0.051,-0.162
0.043,-0.168
0.047,-0.170
0.055,-0.183
0.053,-0.199
0.050,-0.231
0.053,-0.245
0.043,-0.270
0.042,-0.281
0.059,-0.297
0.067,-0.304
0.077,-0.310
0.077,-0.307
0.069,-0.308
0.077,-0.311
0.088,-0.312
0.088,-0.315
0.098,-0.327
0.095,-0.335
0.094,-0.346
0.098,-0.356
0.112,-0.351
0.112,-0.359
0.111,-0.356
0.122,-0.350
0.115,-0.348
0.122,-0.341
0.125,-0.335
0.117,-0.329
0.127,-0.320
0.121,-0.313
0.132,-0.310
0.134,-0.307
0.132,-0.299
0.140,-0.297
0.137,-0.298
0.135,-0.289
0.120,-0.287
0.139,-0.283
0.122,-0.274
0.134,-0.268
0.135,-0.264
0.145,-0.257
0.145,-0.249
0.136,-0.239
0.137,-0.234
0.134,-0.229
0.141,-0.213
0.124,-0.211
0.140,-0.207
0.144,-0.200
0.129,-0.187
0.138,-0.178
0.139,-0.176
0.152,-0.169
0.142,-0.160
0.131,-0.150
0.134,-0.140
0.145,-0.122
0.141,-0.099
0.132,-0.075
0.137,-0.045
0.147,-0.027
0.147,-0.014
0.142,0.001
0.152,0.017
0.140,0.026
0.145,0.039
0.141,0.046
0.126,0.050
0.130,0.056
0.118,0.071
0.131,0.083
0.139,0.100
0.146,0.117
0.144,0.140
0.141,0.155
0.130,0.172
0.131,0.176
0.135,0.185
0.136,0.191
0.128,0.198
0.118,0.205
0.143,0.209
0.133,0.211
0.120,0.219
0.119,0.232
0.122,0.247
0.121,0.261
0.104,0.282
0.109,0.303
0.118,0.321
0.113,0.334
0.122,0.349
0.110,0.351
0.108,0.353
0.099,0.359
0.099,0.355
0.098,0.350
0.088,0.350
0.080,0.366
0.069,0.374
0.088,0.386
0.087,0.398
0.089,0.417
0.074,0.438
0.083,0.441
0.087,0.450
0.092,0.450
0.076,0.447
0.064,0.447
0.065,0.439
0.068,0.437
0.055,0.427
0.067,0.425
0.063,0.423
0.056,0.421
0.047,0.413
0.062,0.404
0.048,0.401
0.039,0.398
0.037,0.388
0.045,0.386
0.050,0.376
0.048,0.368
0.050,0.363
0.042,0.355
0.048,0.352
0.033,0.341
0.047,0.330
0.027,0.324
0.027,0.310
0.037,0.300
0.051,0.299
0.045,0.287
0.046,0.280
0.037,0.269
0.041,0.253
0.044,0.244
0.037,0.231
0.028,0.217
0.034,0.200
0.038,0.179
0.039,0.154
0.031,0.134
0.038,0.112
0.023,0.087
0.036,0.068
0.030,0.046
0.019,0.036
0.041,0.025
0.038,0.018
0.030,0.011
0.045,0.001
0.045,-0.011
0.039,-0.023
0.048,-0.037
0.037,-0.058
0.041,-0.077
0.036,-0.088
0.050,-0.110
0.051,-0.124
0.055,-0.136
0.065,-0.141
0.054,-0.143
0.070,-0.153
0.067,-0.162
0.063,-0.164
0.057,-0.168
0.076,-0.179
0.063,-0.191
0.069,-0.209
0.069,-0.230
0.066,-0.252
0.051,-0.266
0.073,-0.285
0.065,-0.293
0.070,-0.303
0.074,-0.301
0.092,-0.304
0.095,-0.295
0.093,-0.296
0.093,-0.301
0.107,-0.307
0.100,-0.318
0.102,-0.330
0.108,-0.337
0.108,-0.339
0.108,-0.346
0.108,-0.346
0.118,-0.343
0.125,-0.338
0.108,-0.333
0.131,-0.331
0.119,-0.321
0.127,-0.318
0.118,-0.310
0.131,-0.308
0.132,-0.307
0.132,-0.305
0.125,-0.302
0.151,-0.297
0.144,-0.289
0.144,-0.282
0.140,-0.273
0.145,-0.267
0.143,-0.263
0.139,-0.257
0.152,-0.253
0.150,-0.242
0.156,-0.235
0.148,-0.230
0.139,-0.219
0.146,-0.212
0.155,-0.208
0.141,-0.199
0.155,-0.204
0.150,-0.193
0.154,-0.186
0.140,-0.178
0.144,-0.167
0.138,-0.161
0.141,-0.157
0.139,-0.136
0.134,-0.122
0.152,-0.106
0.135,-0.087
0.150,-0.064
0.156,-0.039
0.158,-0.023
0.158,-0.003
0.147,0.014
0.158,0.028
0.152,0.038
0.153,0.037
0.142,0.045
0.144,0.058
0.147,0.067
0.145,0.082
0.148,0.096
0.143,0.116
0.137,0.133
0.145,0.149
0.140,0.163
0.133,0.171
0.130,0.184
0.136,0.191
0.136,0.191
0.136,0.200
0.151,0.207
0.127,0.213
0.134,0.221
0.130,0.222
0.124,0.239
0.139,0.255
0.125,0.272
0.127,0.293
0.139,0.312
0.133,0.330
0.119,0.344
0.136,0.353
0.125,0.355
0.113,0.356
0.107,0.357
0.107,0.354
0.096,0.354
0.093,0.355
0.096,0.365
0.089,0.372
0.093,0.386
0.093,0.407
0.093,0.416
0.090,0.434
0.087,0.440
0.079,0.445
0.078,0.444
0.078,0.446
0.082,0.439
0.067,0.439
0.074,0.434
0.071,0.424
0.071,0.420
0.063,0.418
0.052,0.410
0.057,0.414
0.057,0.411
0.058,0.395
0.047,0.393
0.049,0.388
0.046,0.384
0.043,0.379
0.046,0.370
0.047,0.364
0.042,0.356
0.037,0.347
0.045,0.343
0.037,0.335
0.045,0.319
0.045,0.307
0.052,0.300
0.056,0.285
0.040,0.276
0.037,0.268
0.028,0.257
0.033,0.249
0.025,0.238
0.036,0.225
0.027,0.210
0.030,0.191
0.037,0.168
0.026,0.150
0.039,0.120
0.027,0.093
0.052,0.073
0.045,0.052
0.033,0.036
0.027,0.026
0.044,0.021
0.038,0.015
0.037,0.005
0.035,-0.004
0.045,-0.016
0.053,-0.030
0.034,-0.050
0.050,-0.068
0.038,-0.088
0.045,-0.105
0.044,-0.120
0.052,-0.129
0.044,-0.139
0.046,-0.146
0.048,-0.151
0.066,-0.157
0.057,-0.159
0.053,-0.167
0.053,-0.176
0.063,-0.185
0.064,-0.202
0.063,-0.216
0.061,-0.237
0.063,-0.259
0.070,-0.275
0.048,-0.289
0.071,-0.303
0.061,-0.312
0.072,-0.304
0.087,-0.309
0.090,-0.303
0.079,-0.307
0.084,-0.313
0.079,-0.318
0.094,-0.328
0.094,-0.339
0.102,-0.343
0.100,-0.347
0.107,-0.351
0.100,-0.353
0.105,-0.350
0.115,-0.343
0.107,-0.343
0.114,-0.339
0.115,-0.327
0.117,-0.320
0.111,-0.319
0.118,-0.309
0.112,-0.308
0.122,-0.304
0.126,-0.301
0.128,-0.295
0.116,-0.290
0.133,-0.279
0.144,-0.278
0.141,-0.268
0.147,-0.260
0.121,-0.261
0.136,-0.258
0.136,-0.250
0.137,-0.244
0.131,-0.236
0.137,-0.228
0.148,-0.221
0.134,-0.215
0.147,-0.210
0.140,-0.207
0.147,-0.194
0.147,-0.188
0.153,-0.176
0.144,-0.167
0.143,-0.154
0.141,-0.145
0.158,-0.135
0.145,-0.128
0.144,-0.110
0.153,-0.087
0.148,-0.061
0.153,-0.041
0.163,-0.016
0.143,0.003
0.149,0.013
0.136,0.025
0.137,0.036
0.156,0.039
0.144,0.044
0.149,0.054
0.143,0.068
0.134,0.080
0.139,0.099
0.146,0.113
0.159,0.132
0.139,0.150
0.150,0.169
0.147,0.181
0.145,0.188
0.135,0.195
0.142,0.198
0.116,0.206
0.130,0.210
0.117,0.211
0.129,0.221
0.128,0.230
0.119,0.245
0.117,0.263
0.113,0.279
0.121,0.305
0.113,0.319
0.127,0.336
0.112,0.346
0.113,0.345
0.118,0.348
0.099,0.353
0.100,0.347
0.086,0.348
0.086,0.351
0.086,0.350
0.092,0.360
0.088,0.372
0.101,0.387
0.088,0.405
0.097,0.424
0.086,0.439
0.082,0.442
0.078,0.440
0.062,0.445
0.077,0.445
0.074,0.435
0.070,0.430
0.064,0.424
0.077,0.421
0.071,0.420
0.072,0.415
0.070,0.405
0.056,0.402
0.065,0.401
0.078,0.393
0.055,0.398
0.057,0.385
0.055,0.385
0.043,0.378
0.047,0.374
0.046,0.361
0.047,0.353
0.054,0.342
0.029,0.334
0.042,0.323
0.032,0.316
0.034,0.303
0.031,0.292
0.030,0.285
0.039,0.280
0.027,0.271
0.028,0.265
0.036,0.249
0.044,0.241
0.027,0.221
0.034,0.206
0.027,0.189
0.034,0.167
0.023,0.140
0.028,0.112
0.028,0.087
0.022,0.070
0.029,0.048
0.023,0.034
0.026,0.030
0.029,0.023
0.034,0.015
0.038,0.005
0.038,-0.004
0.036,-0.014
0.041,-0.030
0.038,-0.051
0.036,-0.070
0.038,-0.090
0.036,-0.109
0.028,-0.118
0.052,-0.131
0.038,-0.139
0.047,-0.149
0.048,-0.154
0.052,-0.162
0.043,-0.166
0.047,-0.169
0.047,-0.175
0.064,-0.191
0.049,-0.211
0.062,-0.231
0.056,-0.251
0.060,-0.268
0.071,-0.287
0.077,-0.298
0.070,-0.303
0.076,-0.312
0.083,-0.311
0.095,-0.313
0.080,-0.309
0.081,-0.309
0.090,-0.319
0.097,-0.323
0.099,-0.338
0.097,-0.347
0.088,-0.348
0.110,-0.356
0.097,-0.356
0.116,-0.356
0.108,-0.354
0.113,-0.341
0.109,-0.341
0.119,-0.335
0.119,-0.331
0.124,-0.325
0.119,-0.320
0.109,-0.316
0.130,-0.309
0.125,-0.304
0.126,-0.303
0.134,-0.295
0.132,-0.291
0.121,-0.281
0.126,-0.281
0.133,-0.281
0.126,-0.270
0.131,-0.261
0.139,-0.254
0.124,-0.250
0.141,-0.245
0.137,-0.233
0.137,-0.225
0.132,-0.213
0.138,-0.206
0.137,-0.204
0.141,-0.194
0.130,-0.191
0.138,-0.182
0.140,-0.180
0.147,-0.170
0.147,-0.160
0.153,-0.144
0.152,-0.135
0.146,-0.116
0.141,-0.098
0.142,-0.073
0.145,-0.054
0.148,-0.034
0.163,-0.014
0.157,0.001
0.160,0.018
0.158,0.028
0.157,0.030
0.139,0.045
0.144,0.054
0.128,0.061
0.141,0.074
0.143,0.088
0.144,0.096
0.155,0.115
0.142,0.132
0.136,0.151
0.138,0.162
0.146,0.174
0.125,0.177
0.139,0.186
0.122,0.196
0.120,0.195
0.112,0.203
0.120,0.208
0.124,0.218
0.123,0.227
0.124,0.244
0.116,0.261
0.118,0.282
0.115,0.302
0.119,0.312
0.106,0.327
0.117,0.336
0.112,0.349
0.111,0.344
0.115,0.337
0.106,0.340
0.098,0.340
0.101,0.341
0.085,0.349
0.095,0.357
0.090,0.370
0.078,0.393
0.084,0.406
0.076,0.423
0.083,0.432
0.079,0.439
0.076,0.433
0.082,0.433
0.079,0.429
0.070,0.428
0.078,0.431
0.067,0.418
0.067,0.415
0.065,0.412
0.058,0.407
0.066,0.403
0.055,0.401
0.065,0.394
0.058,0.390
0.053,0.384
0.058,0.383
0.047,0.373
0.057,0.368
0.050,0.361
0.055,0.354
0.045,0.348
0.043,0.342
0.034,0.326
0.043,0.319
0.030,0.304
0.050,0.298
0.018,0.295
0.042,0.286
0.030,0.276
0.033,0.263
0.039,0.252
0.042,0.242
0.035,0.226
0.034,0.219
0.038,0.203
0.025,0.180
0.038,0.154
0.029,0.124
0.037,0.098
0.024,0.082
0.032,0.057
0.026,0.039
0.030,0.034
0.028,0.026
0.042,0.020
0.033,0.008
0.040,0.003
0.039,-0.010
0.039,-0.021
0.039,-0.043
0.037,-0.061
0.035,-0.080
0.055,-0.098
0.046,-0.111
0.051,-0.125
0.050,-0.137
0.064,-0.146
0.056,-0.153
0.056,-0.158
0.063,-0.160
0.067,-0.166
0.052,-0.177
0.055,-0.181
0.061,-0.198
0.070,-0.219
0.071,-0.234
0.050,-0.255
0.057,-0.278
0.067,-0.294
0.067,-0.302
0.066,-0.313
0.077,-0.314
0.084,-0.315
0.087,-0.307
0.077,-0.311
0.089,-0.310
0.095,-0.320
0.087,-0.323
0.097,-0.332
0.084,-0.337
0.101,-0.343
0.099,-0.351
0.105,-0.350
0.107,-0.358
0.118,-0.349
0.120,-0.339
0.134,-0.336
0.108,-0.328
0.130,-0.324
0.125,-0.321
0.129,-0.316
0.116,-0.308
0.117,-0.302
0.133,-0.300
0.135,-0.300
0.132,-0.293
0.125,-0.286
0.133,-0.276
0.132,-0.272
0.131,-0.268
0.136,-0.259
0.148,-0.257
0.132,-0.248
0.133,-0.242
0.126,-0.234
0.139,-0.225
0.144,-0.219
0.135,-0.215
0.141,-0.210
0.134,-0.200
0.141,-0.197
0.136,-0.187
0.143,-0.178
0.130,-0.164
0.150,-0.160
0.143,-0.153
0.140,-0.140
0.149,-0.129
0.130,-0.116
0.148,-0.098
0.151,-0.066
0.151,-0.044
0.157,-0.021
0.153,-0.001
0.159,0.016
0.154,0.029
0.151,0.031
0.145,0.037
0.126,0.050
0.152,0.044
0.144,0.057
0.151,0.072
0.155,0.088
0.133,0.101
0.134,0.115
0.142,0.134
0.144,0.153
0.136,0.173
0.145,0.179
0.142,0.183
0.130,0.195
0.132,0.204
0.113,0.205
0.121,0.209
0.122,0.213
0.121,0.218
0.129,0.230
0.119,0.247
0.123,0.262
