File Version,253.000000
# of Channels,2.000000
Samples/Channel,10510.000000
Scan Rate (Hz),10000.000000
Timestamp,3798025535.346891
Operating Mode,1.000000
Trial #,37.000000
Session #,18.000000
Subject code 1,67.000000
Subject code 2,48.000000
Feedback Window,0.000000
Feedback Ch,0.000000
Ch B,0.000000
Pre-Stim Acq. time (ms),1.000000
Post-Stim Acq. time (ms),1000.000000
EMG Hi Limit,50.000000
EMG Lo Limit,0.003000
Target Value (V),20.000000
Stimulus Value (V),2.248456
Stimulus duration (ms),0.100000
EMG conditions time limit (sec),0.200000
M-response Start (ms),0.000000
M-response Duration (ms),4.000000
H-response Duration (ms),6.000000
H-response Start (ms),4.000000
Proportioanl gain,0.003000
Channel to monitor,0.000000
SIU gain,20.000000
FB Monitor value,1.348853
Inter-Stim delay (sec),3.000000
M-Window Mean,1.344178
H-Window Mean,0.262461
Stimulus paradigm,2.000000
# of Pulses in cond train,1.000000
Cond duration (ms),0.100000
Cond Train pulse period (ms),50.000000
Cond Value (V),2.248456
Start Delay (ms),0.000000
# of Pulses in stim train,1.000000
Stim Train pulse period (ms),50.000000
EMG amp gain ch 1,500.000000
EMG amp gain ch 2,500.000000
EMG amp gain ch 3,500.000000
EMG amp gain ch 4,500.000000
EMG amp gain ch 5,500.000000
EMG amp gain ch 6,500.000000
Stim Type 1,2.000000
Stim/Cond 1,0.000000
Stim Type 2,3.000000
Stim/Cond 2,0.000000
Stim Type 3,3.000000
Stim/Cond 3,0.000000
Stim Type 4,3.000000
Stim/Cond 4,0.000000
Stim Value 1,2.248456
Stim Value 2,0.000000
Stim Value 3,0.000000
Stim Value 4,0.000000
1st PP Channel,-1.000000
Pressure (g),0.000000
Speed (mm/sec),0.000000
Dwell (ms),0.000000
Pressure limit (g),0.000000
Travel limit (mm),0.000000
Amp gain,0.000000
Wait Trig?,0.000000
Move Timeout (ms),0.000000
Time Taken (ms),0.000000
Actual Travel (mm),0.000000
Recorded Data (mV),
0.125,0.085
0.122,0.082
0.121,0.080
0.116,0.077
0.110,0.077
0.108,0.075
0.104,0.072
0.099,0.070
0.094,0.068
0.091,0.065
0.085,0.065
0.549,0.076
0.216,0.056
0.100,0.049
0.028,0.048
-0.016,0.045
-0.030,0.053
-0.025,0.054
-0.014,0.050
-0.051,0.039
-0.197,0.033
-0.462,0.002
-0.874,-0.079
-1.199,-0.179
-0.988,-0.302
0.116,-0.469
2.308,-0.183
3.888,0.584
4.736,1.598
5.196,2.721
5.059,3.944
3.824,4.733
2.143,5.155
0.421,5.305
-0.960,4.870
-1.697,3.636
-1.903,2.145
-1.775,0.652
-1.554,-0.691
-1.429,-1.804
-1.400,-2.782
-1.435,-3.650
-1.431,-4.397
-1.356,-4.991
-1.202,-5.265
-1.012,-5.087
-0.825,-4.499
-0.678,-3.689
-0.561,-2.853
-0.487,-2.123
-0.441,-1.543
-0.413,-1.104
-0.396,-0.787
-0.380,-0.566
-0.372,-0.414
-0.356,-0.305
-0.335,-0.236
-0.299,-0.185
-0.263,-0.152
-0.222,-0.126
-0.183,-0.104
-0.155,-0.091
-0.141,-0.075
-0.135,-0.059
-0.138,-0.039
-0.147,-0.020
-0.154,-0.006
-0.160,0.004
-0.166,0.013
-0.170,0.021
-0.172,0.025
-0.173,0.032
-0.173,0.036
-0.174,0.039
-0.169,0.039
-0.161,0.039
-0.156,0.039
-0.146,0.040
-0.133,0.038
-0.124,0.039
-0.127,0.038
-0.131,0.040
-0.146,0.046
-0.155,0.046
-0.160,0.045
-0.152,0.046
-0.151,0.045
-0.144,0.042
-0.140,0.044
-0.131,0.042
-0.125,0.045
-0.122,0.047
-0.112,0.044
-0.107,0.046
-0.102,0.050
-0.098,0.054
-0.089,0.056
-0.080,0.059
-0.067,0.061
-0.058,0.068
-0.047,0.069
-0.043,0.074
-0.030,0.075
-0.026,0.073
-0.022,0.077
-0.017,0.076
-0.011,0.077
-0.006,0.078
-0.007,0.081
0.003,0.086
0.006,0.091
0.012,0.092
0.022,0.095
0.030,0.099
0.040,0.102
0.041,0.105
0.047,0.106
0.050,0.107
0.053,0.106
0.057,0.107
0.057,0.106
0.058,0.105
0.059,0.104
0.058,0.105
0.067,0.108
0.071,0.110
0.079,0.116
0.091,0.113
0.098,0.116
0.101,0.120
0.107,0.120
0.113,0.124
0.110,0.121
0.113,0.120
0.107,0.121
0.111,0.118
0.111,0.121
0.110,0.120
0.112,0.120
0.113,0.121
0.120,0.122
0.125,0.128
0.128,0.132
0.137,0.131
0.141,0.135
0.146,0.136
0.143,0.132
0.141,0.133
0.135,0.132
0.137,0.126
0.135,0.126
0.132,0.128
0.131,0.126
0.127,0.126
0.126,0.125
0.126,0.125
0.124,0.125
0.127,0.124
0.125,0.126
0.122,0.125
0.116,0.127
0.111,0.123
0.112,0.116
0.111,0.113
0.104,0.113
0.102,0.109
0.098,0.108
0.095,0.105
0.089,0.105
0.086,0.102
0.087,0.095
0.081,0.098
0.077,0.094
0.071,0.091
0.070,0.088
0.066,0.087
0.058,0.086
0.056,0.079
0.052,0.079
0.045,0.073
0.035,0.070
0.029,0.061
0.023,0.058
0.008,0.054
0.003,0.049
-0.001,0.044
-0.008,0.042
-0.012,0.040
-0.017,0.037
-0.018,0.034
-0.021,0.030
-0.021,0.033
-0.024,0.031
-0.029,0.024
-0.037,0.019
-0.042,0.016
-0.049,0.014
-0.057,0.011
-0.062,0.005
-0.063,0.005
-0.067,0.004
-0.067,0.005
-0.066,-0.001
-0.067,-0.005
-0.070,-0.003
-0.070,-0.005
-0.071,-0.005
-0.075,-0.009
-0.080,-0.015
-0.084,-0.018
-0.093,-0.018
-0.100,-0.024
-0.105,-0.029
-0.109,-0.032
-0.113,-0.033
-0.115,-0.035
-0.113,-0.034
-0.111,-0.035
-0.112,-0.034
-0.111,-0.034
-0.108,-0.037
-0.111,-0.037
-0.115,-0.039
-0.121,-0.042
-0.118,-0.045
-0.117,-0.044
-0.119,-0.043
-0.118,-0.046
-0.117,-0.048
-0.117,-0.045
-0.112,-0.044
-0.108,-0.044
-0.107,-0.043
-0.103,-0.038
-0.103,-0.045
-0.097,-0.042
-0.099,-0.043
-0.090,-0.039
-0.088,-0.039
-0.091,-0.037
-0.084,-0.038
-0.083,-0.040
-0.078,-0.036
-0.077,-0.033
-0.076,-0.030
-0.068,-0.033
-0.070,-0.033
-0.069,-0.031
-0.062,-0.029
-0.060,-0.025
-0.057,-0.024
-0.052,-0.025
-0.050,-0.024
-0.049,-0.027
-0.045,-0.025
-0.045,-0.019
-0.037,-0.021
-0.037,-0.016
-0.032,-0.013
-0.026,-0.012
-0.024,-0.008
-0.023,-0.007
-0.014,-0.007
-0.005,-0.003
0.004,0.007
0.012,0.008
0.025,0.013
0.033,0.017
0.037,0.021
0.045,0.022
0.046,0.026
0.051,0.025
0.049,0.029
0.053,0.028
0.054,0.029
0.059,0.035
0.063,0.038
0.069,0.039
0.075,0.042
0.081,0.047
0.086,0.052
0.093,0.054
0.098,0.052
0.098,0.054
0.100,0.055
0.105,0.059
0.104,0.061
0.108,0.058
0.109,0.063
0.114,0.064
0.115,0.068
0.118,0.070
0.127,0.072
0.129,0.076
0.139,0.080
0.150,0.084
0.153,0.089
0.155,0.089
0.157,0.088
0.160,0.090
0.159,0.091
0.155,0.093
0.154,0.091
0.154,0.090
0.155,0.092
0.159,0.095
0.163,0.100
0.167,0.100
0.174,0.103
0.182,0.106
0.187,0.110
0.189,0.112
0.188,0.114
0.184,0.114
0.181,0.111
0.181,0.111
0.178,0.108
0.176,0.112
0.169,0.111
0.171,0.107
0.166,0.113
0.161,0.111
0.164,0.112
0.162,0.112
0.163,0.111
0.153,0.113
0.151,0.108
0.153,0.100
0.150,0.094
0.143,0.092
0.140,0.085
0.137,0.081
0.135,0.083
0.132,0.084
0.125,0.083
0.120,0.079
0.118,0.079
0.113,0.079
0.110,0.079
0.103,0.077
0.099,0.075
0.095,0.073
0.090,0.069
0.085,0.067
0.078,0.064
0.073,0.061
0.066,0.057
0.053,0.054
0.045,0.050
0.034,0.046
0.026,0.041
0.018,0.040
0.010,0.036
0.004,0.032
0.003,0.033
0.000,0.029
-0.001,0.028
-0.003,0.025
-0.005,0.024
-0.011,0.019
-0.018,0.015
-0.024,0.014
-0.032,0.007
-0.041,0.002
-0.044,0.003
-0.049,-0.000
-0.051,-0.001
-0.059,-0.005
-0.057,-0.006
-0.062,-0.008
-0.061,-0.006
-0.063,-0.011
-0.061,-0.014
-0.057,-0.013
-0.072,-0.014
-0.075,-0.018
-0.082,-0.023
-0.088,-0.027
-0.093,-0.030
-0.102,-0.036
-0.107,-0.038
-0.108,-0.038
-0.109,-0.037
-0.108,-0.036
-0.109,-0.041
-0.106,-0.042
-0.102,-0.042
-0.105,-0.041
-0.106,-0.043
-0.110,-0.048
-0.109,-0.047
-0.118,-0.046
-0.117,-0.051
-0.116,-0.052
-0.120,-0.050
-0.116,-0.050
-0.114,-0.050
-0.110,-0.050
-0.111,-0.048
-0.104,-0.049
-0.103,-0.045
-0.099,-0.046
-0.095,-0.046
-0.095,-0.044
-0.096,-0.044
-0.089,-0.044
-0.088,-0.042
-0.085,-0.043
-0.082,-0.042
-0.082,-0.040
-0.077,-0.039
-0.079,-0.039
-0.075,-0.040
-0.072,-0.034
-0.069,-0.032
-0.066,-0.035
-0.063,-0.030
-0.060,-0.032
-0.053,-0.031
-0.052,-0.026
-0.050,-0.025
-0.048,-0.028
-0.045,-0.023
-0.042,-0.019
-0.038,-0.017
-0.036,-0.016
-0.031,-0.017
-0.025,-0.014
-0.020,-0.012
-0.015,-0.008
-0.009,-0.006
0.007,0.000
0.012,0.004
0.021,0.009
0.025,0.015
0.036,0.016
0.040,0.016
0.043,0.021
0.044,0.018
0.049,0.022
0.051,0.022
0.056,0.027
0.058,0.026
0.064,0.031
0.071,0.035
0.077,0.039
0.080,0.044
0.088,0.042
0.093,0.048
0.094,0.048
0.100,0.050
0.099,0.053
0.101,0.054
0.106,0.056
0.101,0.055
0.110,0.058
0.107,0.063
0.109,0.061
0.118,0.065
0.125,0.067
0.134,0.072
0.142,0.078
0.144,0.080
0.150,0.081
0.152,0.084
0.156,0.082
0.154,0.085
0.148,0.086
0.151,0.083
0.153,0.085
0.150,0.085
0.149,0.088
0.155,0.087
0.157,0.088
0.160,0.091
0.170,0.097
0.177,0.100
0.177,0.105
0.180,0.103
0.180,0.103
0.175,0.101
0.175,0.100
0.175,0.101
0.167,0.103
0.167,0.099
0.166,0.098
0.162,0.098
0.162,0.097
0.160,0.099
0.152,0.097
0.155,0.093
0.151,0.096
0.147,0.094
0.144,0.088
0.142,0.090
0.139,0.093
0.136,0.094
0.133,0.092
0.130,0.087
0.125,0.084
0.120,0.082
0.119,0.077
0.115,0.078
0.112,0.079
0.107,0.079
0.101,0.074
0.098,0.069
0.097,0.067
0.091,0.066
0.087,0.063
0.086,0.058
0.079,0.056
0.070,0.052
0.058,0.046
0.055,0.042
0.040,0.040
0.036,0.033
0.027,0.029
0.020,0.027
0.011,0.027
0.008,0.024
0.006,0.022
0.005,0.018
0.004,0.017
0.001,0.016
-0.002,0.012
-0.005,0.011
-0.013,0.009
-0.018,0.004
-0.029,0.004
-0.031,-0.004
-0.037,-0.007
-0.044,-0.009
-0.045,-0.012
-0.050,-0.014
-0.051,-0.015
-0.050,-0.012
-0.054,-0.014
-0.054,-0.016
-0.055,-0.017
-0.059,-0.021
-0.063,-0.023
-0.068,-0.027
-0.078,-0.034
-0.083,-0.038
-0.089,-0.042
-0.096,-0.041
-0.103,-0.045
-0.098,-0.048
-0.095,-0.045
-0.100,-0.047
-0.097,-0.048
-0.093,-0.050
-0.091,-0.047
-0.094,-0.047
-0.099,-0.050
-0.103,-0.056
-0.107,-0.056
-0.107,-0.056
-0.105,-0.058
-0.105,-0.058
-0.102,-0.057
-0.104,-0.056
-0.095,-0.058
-0.098,-0.058
-0.094,-0.054
-0.087,-0.057
-0.085,-0.056
-0.082,-0.051
-0.082,-0.051
-0.079,-0.055
-0.077,-0.054
-0.075,-0.053
-0.072,-0.048
-0.073,-0.050
-0.067,-0.049
-0.066,-0.045
-0.063,-0.048
-0.059,-0.045
-0.060,-0.044
-0.054,-0.046
-0.053,-0.042
-0.050,-0.042
-0.047,-0.040
-0.040,-0.036
-0.041,-0.036
-0.042,-0.036
-0.038,-0.032
-0.032,-0.034
-0.028,-0.028
-0.028,-0.026
-0.021,-0.025
-0.021,-0.021
-0.014,-0.023
-0.011,-0.018
-0.004,-0.020
0.005,-0.016
0.011,-0.010
0.022,-0.004
0.027,0.001
0.037,0.007
0.045,0.009
0.053,0.015
0.052,0.014
0.057,0.015
0.059,0.017
0.065,0.022
0.064,0.020
0.065,0.024
0.072,0.024
0.076,0.031
0.084,0.032
0.089,0.033
0.097,0.037
0.106,0.039
0.106,0.046
0.108,0.048
0.114,0.048
0.114,0.051
0.117,0.050
0.119,0.051
0.119,0.055
0.120,0.055
0.123,0.056
0.128,0.060
0.132,0.065
0.137,0.071
0.151,0.073
0.154,0.076
0.157,0.078
0.165,0.081
0.167,0.081
0.162,0.084
0.166,0.080
0.166,0.083
0.163,0.081
0.161,0.083
0.157,0.087
0.161,0.085
0.162,0.088
0.171,0.093
0.181,0.095
0.181,0.099
0.184,0.101
0.192,0.100
0.189,0.104
0.188,0.104
0.188,0.101
0.185,0.105
0.180,0.102
0.175,0.101
0.173,0.100
0.176,0.097
0.168,0.100
0.164,0.100
0.167,0.095
0.163,0.097
0.159,0.097
0.157,0.095
0.154,0.091
0.155,0.094
0.153,0.092
0.149,0.094
0.147,0.089
0.142,0.087
0.137,0.088
0.131,0.086
0.127,0.083
0.124,0.082
0.119,0.080
0.117,0.077
0.115,0.076
0.109,0.075
0.101,0.071
0.099,0.068
0.098,0.066
0.096,0.065
0.086,0.063
0.081,0.059
0.076,0.054
0.066,0.052
0.056,0.046
0.044,0.042
0.032,0.038
0.029,0.037
0.018,0.032
0.021,0.025
0.015,0.022
0.008,0.023
0.005,0.023
0.005,0.020
0.003,0.016
0.001,0.015
-0.001,0.012
-0.011,0.012
-0.019,0.008
-0.020,0.003
-0.032,-0.002
-0.035,-0.006
-0.040,-0.008
-0.044,-0.009
-0.044,-0.008
-0.049,-0.011
-0.049,-0.014
-0.051,-0.017
-0.051,-0.018
-0.055,-0.021
-0.058,-0.023
-0.062,-0.026
-0.070,-0.031
-0.081,-0.033
-0.086,-0.037
-0.095,-0.040
-0.100,-0.044
-0.098,-0.048
-0.100,-0.046
-0.098,-0.044
-0.096,-0.046
-0.093,-0.046
-0.095,-0.048
-0.093,-0.048
-0.098,-0.049
-0.100,-0.054
-0.098,-0.057
-0.102,-0.055
-0.101,-0.056
-0.105,-0.060
-0.103,-0.057
-0.105,-0.058
-0.103,-0.061
-0.097,-0.057
-0.097,-0.055
-0.093,-0.056
-0.086,-0.056
-0.086,-0.053
-0.084,-0.051
-0.083,-0.054
-0.083,-0.050
-0.078,-0.052
-0.072,-0.050
-0.076,-0.047
-0.071,-0.050
-0.070,-0.049
-0.065,-0.045
-0.061,-0.042
-0.061,-0.041
-0.056,-0.041
-0.052,-0.040
-0.054,-0.039
-0.044,-0.037
-0.041,-0.034
-0.042,-0.033
-0.038,-0.032
-0.037,-0.034
-0.033,-0.030
-0.028,-0.026
-0.031,-0.026
-0.024,-0.026
-0.022,-0.022
-0.016,-0.020
-0.016,-0.018
-0.010,-0.017
-0.005,-0.012
0.001,-0.010
0.016,-0.005
0.020,0.001
0.032,0.003
0.036,0.007
0.042,0.011
0.048,0.013
0.055,0.016
0.061,0.018
0.060,0.020
0.058,0.022
0.064,0.025
0.067,0.027
0.071,0.031
0.073,0.033
0.083,0.035
0.088,0.038
0.095,0.043
0.103,0.048
0.106,0.048
0.109,0.048
0.111,0.054
0.115,0.051
0.117,0.055
0.114,0.058
0.119,0.057
0.119,0.060
0.120,0.060
0.128,0.065
0.131,0.069
0.138,0.072
0.143,0.077
0.153,0.080
0.161,0.083
0.159,0.086
0.163,0.087
0.167,0.085
0.161,0.084
0.160,0.088
0.158,0.088
0.159,0.087
0.161,0.085
0.160,0.090
0.166,0.092
0.175,0.095
0.178,0.101
0.181,0.101
0.186,0.108
0.188,0.108
0.191,0.104
0.186,0.108
0.184,0.108
0.185,0.104
0.176,0.104
0.174,0.104
0.172,0.103
0.165,0.105
0.167,0.101
0.164,0.102
0.164,0.101
0.156,0.098
0.158,0.100
0.156,0.100
0.149,0.098
0.150,0.097
0.148,0.095
0.150,0.095
0.142,0.094
0.137,0.091
0.134,0.089
0.132,0.087
0.126,0.085
0.118,0.082
0.120,0.080
0.109,0.081
0.107,0.080
0.107,0.073
0.101,0.071
0.097,0.069
0.090,0.069
0.090,0.067
0.084,0.063
0.076,0.061
0.069,0.053
0.060,0.050
0.053,0.045
0.041,0.042
0.031,0.034
0.025,0.032
0.017,0.031
0.016,0.029
0.010,0.027
0.008,0.024
0.008,0.022
0.006,0.022
0.002,0.019
-0.007,0.019
-0.006,0.013
-0.014,0.010
-0.024,0.006
-0.027,0.001
-0.032,-0.000
-0.039,-0.002
-0.040,-0.004
-0.047,-0.007
-0.045,-0.008
-0.049,-0.010
-0.050,-0.013
-0.047,-0.011
-0.051,-0.014
-0.049,-0.015
-0.054,-0.021
-0.061,-0.023
-0.069,-0.027
-0.077,-0.033
-0.083,-0.038
-0.092,-0.039
-0.096,-0.040
-0.096,-0.045
-0.097,-0.046
-0.094,-0.040
-0.096,-0.041
-0.094,-0.042
-0.097,-0.047
-0.089,-0.048
-0.092,-0.048
-0.098,-0.050
-0.099,-0.055
-0.098,-0.052
-0.103,-0.054
-0.105,-0.054
-0.103,-0.057
-0.099,-0.053
-0.098,-0.052
-0.095,-0.051
-0.091,-0.051
-0.091,-0.050
-0.086,-0.050
-0.078,-0.049
-0.080,-0.049
-0.076,-0.050
-0.073,-0.049
-0.072,-0.047
-0.072,-0.048
-0.067,-0.047
-0.068,-0.046
-0.062,-0.044
-0.065,-0.042
-0.062,-0.044
-0.057,-0.041
-0.061,-0.041
-0.051,-0.040
-0.048,-0.038
-0.047,-0.035
-0.045,-0.037
-0.042,-0.033
-0.037,-0.033
-0.033,-0.032
-0.036,-0.028
-0.031,-0.027
-0.026,-0.027
-0.023,-0.024
-0.020,-0.019
-0.018,-0.018
-0.011,-0.017
-0.007,-0.017
0.003,-0.014
0.008,-0.006
0.017,-0.003
0.028,0.003
0.035,0.004
0.042,0.011
0.046,0.012
0.053,0.015
0.057,0.017
0.057,0.019
0.060,0.020
0.062,0.021
0.067,0.022
0.065,0.026
0.076,0.026
0.080,0.032
0.085,0.032
0.093,0.038
0.095,0.042
0.107,0.042
0.112,0.047
0.114,0.046
0.117,0.052
0.111,0.054
0.116,0.052
0.119,0.054
0.116,0.052
0.124,0.059
0.122,0.061
0.129,0.061
0.135,0.068
0.141,0.072
0.150,0.077
0.154,0.079
0.158,0.082
0.163,0.081
0.160,0.083
0.159,0.082
0.162,0.084
0.161,0.084
0.157,0.080
0.156,0.083
0.161,0.086
0.163,0.089
0.163,0.095
0.173,0.095
0.179,0.096
0.185,0.102
0.187,0.101
0.190,0.102
0.187,0.104
0.187,0.102
0.186,0.099
0.180,0.099
0.178,0.100
0.173,0.101
0.172,0.097
0.170,0.097
0.164,0.094
0.167,0.094
0.166,0.095
0.158,0.097
0.155,0.096
0.154,0.094
0.152,0.093
0.145,0.093
0.141,0.091
0.145,0.089
0.140,0.085
0.140,0.085
0.137,0.084
0.131,0.083
0.124,0.079
0.122,0.076
0.116,0.074
0.113,0.072
0.111,0.073
0.110,0.072
0.101,0.067
0.097,0.065
0.092,0.062
0.086,0.061
0.078,0.056
0.075,0.054
0.068,0.051
0.052,0.046
0.046,0.039
0.040,0.033
0.030,0.033
0.021,0.027
0.017,0.023
0.014,0.024
0.010,0.021
0.004,0.021
0.001,0.016
0.003,0.015
-0.003,0.014
-0.009,0.010
-0.011,0.008
-0.017,0.003
-0.023,0.003
-0.033,-0.002
-0.038,-0.003
-0.044,-0.008
-0.048,-0.009
-0.050,-0.011
-0.052,-0.014
-0.048,-0.014
-0.050,-0.017
-0.048,-0.018
-0.050,-0.017
-0.056,-0.021
-0.062,-0.024
-0.068,-0.030
-0.075,-0.032
-0.083,-0.035
-0.089,-0.039
-0.096,-0.042
-0.098,-0.043
-0.100,-0.047
-0.101,-0.048
-0.102,-0.046
-0.097,-0.046
-0.095,-0.046
-0.094,-0.047
-0.097,-0.047
-0.096,-0.051
-0.101,-0.053
-0.105,-0.053
-0.106,-0.055
-0.105,-0.058
-0.108,-0.056
-0.107,-0.058
-0.103,-0.060
-0.099,-0.058
-0.101,-0.057
-0.095,-0.055
-0.092,-0.054
-0.088,-0.052
-0.083,-0.050
-0.081,-0.053
-0.082,-0.050
-0.082,-0.049
-0.078,-0.050
-0.074,-0.048
-0.070,-0.047
-0.063,-0.044
-0.066,-0.043
-0.064,-0.045
-0.062,-0.041
-0.058,-0.041
-0.054,-0.040
-0.053,-0.039
-0.053,-0.038
-0.045,-0.038
-0.047,-0.032
-0.043,-0.032
-0.037,-0.030
-0.038,-0.027
-0.034,-0.032
-0.030,-0.025
-0.029,-0.025
-0.024,-0.024
-0.022,-0.021
-0.016,-0.018
-0.014,-0.017
-0.007,-0.013
0.001,-0.010
0.011,-0.009
0.014,0.002
0.025,0.005
0.036,0.009
0.041,0.011
0.047,0.013
0.052,0.016
0.056,0.017
0.058,0.018
0.055,0.023
0.064,0.022
0.066,0.027
0.070,0.026
0.071,0.033
0.079,0.034
0.089,0.041
0.089,0.039
0.099,0.043
0.105,0.045
0.110,0.047
0.113,0.050
0.111,0.053
0.115,0.051
0.112,0.055
0.115,0.055
0.120,0.058
0.118,0.060
0.123,0.063
0.127,0.066
0.136,0.069
0.143,0.075
0.146,0.078
0.158,0.078
0.157,0.081
0.162,0.084
0.160,0.084
0.160,0.085
0.160,0.083
0.155,0.082
0.156,0.083
0.157,0.084
0.157,0.087
0.159,0.090
0.167,0.091
0.171,0.097
0.177,0.098
0.188,0.103
0.188,0.106
0.184,0.104
0.185,0.105
0.183,0.104
0.182,0.103
0.176,0.101
0.171,0.101
0.173,0.099
0.167,0.100
0.166,0.099
0.167,0.099
0.164,0.101
0.158,0.099
0.155,0.095
0.155,0.096
0.150,0.094
0.145,0.096
0.146,0.092
0.148,0.088
0.143,0.091
0.137,0.089
0.137,0.085
0.128,0.081
0.126,0.079
0.120,0.079
0.116,0.078
0.116,0.076
0.109,0.075
0.103,0.075
0.100,0.071
0.095,0.068
0.091,0.068
0.088,0.064
0.084,0.061
0.078,0.059
0.070,0.056
0.065,0.050
0.054,0.043
0.044,0.042
0.031,0.036
0.022,0.033
0.019,0.032
0.012,0.029
0.008,0.030
0.008,0.026
0.007,0.021
0.004,0.023
-0.000,0.020
-0.004,0.015
-0.008,0.010
-0.014,0.006
-0.021,0.003
-0.030,-0.001
-0.033,-0.003
-0.042,-0.006
-0.044,-0.009
-0.050,-0.011
-0.050,-0.011
-0.051,-0.013
-0.052,-0.014
-0.052,-0.015
-0.055,-0.015
-0.059,-0.019
-0.061,-0.021
-0.066,-0.026
-0.075,-0.027
-0.082,-0.033
-0.087,-0.040
-0.092,-0.039
-0.096,-0.043
-0.099,-0.044
-0.104,-0.044
-0.099,-0.044
-0.096,-0.045
-0.096,-0.044
-0.096,-0.043
-0.094,-0.045
-0.096,-0.049
-0.101,-0.050
-0.105,-0.049
-0.107,-0.054
-0.105,-0.056
-0.111,-0.055
-0.105,-0.056
-0.106,-0.055
-0.102,-0.052
-0.104,-0.052
-0.097,-0.057
-0.092,-0.052
-0.088,-0.050
-0.086,-0.049
-0.086,-0.051
-0.084,-0.050
-0.079,-0.053
-0.075,-0.050
-0.077,-0.049
-0.077,-0.046
-0.075,-0.042
-0.070,-0.047
-0.067,-0.045
-0.064,-0.042
-0.059,-0.041
-0.058,-0.038
-0.059,-0.039
-0.053,-0.039
-0.050,-0.038
-0.046,-0.033
-0.044,-0.031
-0.041,-0.031
-0.033,-0.032
-0.038,-0.028
-0.033,-0.027
-0.028,-0.026
-0.028,-0.026
-0.024,-0.022
-0.021,-0.022
-0.017,-0.021
-0.011,-0.015
-0.006,-0.014
0.001,-0.008
0.009,-0.007
0.022,0.001
0.028,0.005
0.040,0.008
0.040,0.013
0.051,0.015
0.053,0.018
0.057,0.016
0.061,0.019
0.058,0.022
0.060,0.023
0.066,0.026
0.070,0.026
0.077,0.033
0.080,0.034
0.089,0.037
0.092,0.045
0.101,0.045
0.105,0.047
0.107,0.050
0.112,0.048
0.112,0.053
0.112,0.054
0.115,0.054
0.113,0.056
0.116,0.056
0.118,0.060
0.123,0.061
0.131,0.064
0.132,0.071
0.142,0.074
0.149,0.075
0.154,0.080
0.155,0.083
0.162,0.087
0.159,0.088
0.160,0.081
0.156,0.086
0.155,0.081
0.162,0.085
0.153,0.088
0.156,0.086
0.165,0.091
0.164,0.097
0.175,0.100
0.181,0.102
0.180,0.104
0.187,0.105
0.186,0.105
0.186,0.104
0.184,0.105
0.179,0.104
0.176,0.101
0.172,0.101
0.166,0.098
0.169,0.097
0.165,0.100
0.159,0.100
0.158,0.098
0.159,0.098
0.158,0.096
0.153,0.095
0.148,0.092
0.151,0.092
0.146,0.094
0.139,0.093
0.137,0.092
0.134,0.086
0.131,0.085
0.125,0.085
0.122,0.081
0.124,0.079
0.115,0.079
0.112,0.078
0.109,0.073
0.101,0.071
0.102,0.071
0.097,0.068
0.094,0.068
0.087,0.066
0.081,0.065
0.073,0.062
0.064,0.052
0.058,0.050
0.047,0.044
0.037,0.039
0.031,0.038
0.023,0.035
0.015,0.031
0.007,0.025
0.007,0.023
0.004,0.023
0.007,0.022
0.003,0.020
-0.003,0.018
-0.004,0.015
-0.011,0.013
-0.017,0.011
-0.021,0.005
-0.031,0.002
-0.038,-0.002
-0.044,-0.003
-0.042,-0.008
-0.049,-0.008
-0.048,-0.011
-0.050,-0.010
-0.055,-0.009
-0.052,-0.010
-0.051,-0.013
-0.052,-0.016
-0.059,-0.018
-0.070,-0.022
-0.074,-0.029
-0.078,-0.032
-0.087,-0.032
-0.095,-0.035
-0.097,-0.043
-0.097,-0.045
-0.104,-0.044
-0.102,-0.041
-0.095,-0.047
-0.096,-0.045
-0.094,-0.044
-0.096,-0.047
-0.098,-0.046
-0.099,-0.050
-0.103,-0.052
-0.104,-0.053
-0.108,-0.055
-0.102,-0.054
-0.105,-0.054
-0.102,-0.053
-0.103,-0.054
-0.099,-0.053
-0.092,-0.052
-0.089,-0.052
-0.088,-0.051
-0.084,-0.052
-0.078,-0.054
-0.082,-0.051
-0.082,-0.048
-0.075,-0.049
-0.077,-0.047
-0.072,-0.046
-0.068,-0.047
-0.070,-0.044
-0.066,-0.046
-0.062,-0.043
-0.061,-0.040
-0.056,-0.042
-0.055,-0.041
-0.053,-0.039
-0.049,-0.036
-0.048,-0.032
-0.042,-0.030
-0.035,-0.031
-0.037,-0.029
-0.034,-0.030
-0.027,-0.026
-0.029,-0.025
-0.023,-0.027
-0.024,-0.025
-0.017,-0.023
-0.013,-0.016
-0.013,-0.018
-0.001,-0.013
0.006,-0.010
0.019,-0.003
0.023,0.003
0.033,0.004
0.041,0.007
0.048,0.011
0.049,0.015
0.056,0.015
0.058,0.016
0.063,0.021
0.059,0.021
0.065,0.022
0.065,0.023
0.074,0.027
0.080,0.029
0.086,0.035
0.094,0.040
0.097,0.040
0.107,0.043
0.105,0.046
0.110,0.047
0.111,0.049
0.114,0.049
0.118,0.054
0.119,0.055
0.120,0.056
0.119,0.058
0.121,0.059
0.128,0.063
0.134,0.066
0.147,0.069
0.150,0.076
0.158,0.077
0.162,0.078
0.163,0.082
0.162,0.082
0.163,0.082
0.159,0.082
0.159,0.083
0.159,0.084
0.158,0.087
0.161,0.085
0.160,0.090
0.166,0.089
0.172,0.094
0.179,0.100
0.188,0.099
0.190,0.101
0.190,0.103
0.194,0.104
0.188,0.107
0.181,0.101
0.180,0.100
0.174,0.098
0.174,0.095
0.170,0.100
0.165,0.099
0.165,0.095
0.162,0.096
0.159,0.096
0.160,0.095
0.158,0.094
0.155,0.095
0.149,0.095
0.145,0.093
0.144,0.092
0.144,0.089
0.140,0.088
0.135,0.086
0.132,0.084
0.132,0.083
0.124,0.081
0.118,0.080
0.115,0.074
0.113,0.072
0.107,0.072
0.105,0.068
0.100,0.068
0.097,0.067
0.095,0.065
0.084,0.063
0.085,0.060
0.075,0.056
0.066,0.052
0.059,0.046
0.050,0.041
0.038,0.038
0.027,0.034
0.022,0.029
0.018,0.029
0.012,0.025
0.012,0.023
0.012,0.019
0.007,0.019
0.007,0.019
-0.002,0.014
-0.005,0.014
-0.011,0.011
-0.016,0.005
-0.026,-0.000
-0.031,-0.002
-0.037,-0.005
-0.039,-0.007
-0.041,-0.006
-0.045,-0.009
-0.050,-0.012
-0.050,-0.016
-0.049,-0.016
-0.052,-0.016
-0.054,-0.018
-0.055,-0.020
-0.061,-0.023
-0.071,-0.026
-0.074,-0.031
-0.083,-0.033
-0.088,-0.038
-0.096,-0.041
-0.101,-0.044
-0.101,-0.047
-0.099,-0.048
-0.096,-0.048
-0.094,-0.044
-0.096,-0.046
-0.095,-0.044
-0.093,-0.049
-0.097,-0.050
-0.105,-0.052
-0.105,-0.057
-0.106,-0.058
-0.107,-0.056
-0.109,-0.055
-0.104,-0.059
-0.103,-0.058
-0.101,-0.057
-0.093,-0.056
-0.090,-0.055
-0.089,-0.052
-0.088,-0.051
-0.084,-0.055
-0.084,-0.052
-0.078,-0.050
-0.076,-0.051
-0.076,-0.047
-0.076,-0.049
-0.074,-0.047
-0.071,-0.044
-0.068,-0.046
-0.064,-0.041
-0.064,-0.043
-0.061,-0.043
-0.060,-0.037
-0.054,-0.040
-0.047,-0.037
-0.046,-0.035
-0.043,-0.037
-0.038,-0.032
-0.039,-0.036
-0.037,-0.031
-0.034,-0.026
-0.029,-0.028
-0.028,-0.025
-0.022,-0.023
-0.018,-0.019
-0.020,-0.017
-0.014,-0.019
-0.007,-0.014
0.008,-0.012
0.013,-0.005
0.016,-0.001
0.029,0.004
0.036,0.006
0.046,0.011
0.047,0.016
0.056,0.013
0.058,0.016
0.060,0.019
0.061,0.021
0.064,0.024
0.067,0.023
0.069,0.028
0.075,0.028
0.079,0.031
0.082,0.035
0.093,0.040
0.099,0.044
0.101,0.045
0.110,0.049
0.108,0.052
0.111,0.052
0.115,0.055
0.116,0.055
0.117,0.054
0.116,0.055
0.121,0.057
0.125,0.062
0.129,0.064
0.133,0.066
0.143,0.073
0.152,0.074
0.160,0.078
0.161,0.082
0.160,0.086
0.161,0.082
0.158,0.084
0.159,0.084
0.159,0.086
0.155,0.082
0.155,0.085
0.159,0.087
0.161,0.089
0.168,0.096
0.170,0.101
0.179,0.100
0.183,0.102
0.186,0.103
0.187,0.103
0.187,0.105
0.181,0.104
0.177,0.101
0.179,0.100
0.173,0.099
0.171,0.100
0.168,0.101
0.167,0.096
0.165,0.100
0.161,0.096
0.159,0.094
0.159,0.094
0.157,0.095
0.152,0.097
0.151,0.093
0.151,0.090
0.145,0.091
0.136,0.089
0.137,0.086
0.135,0.084
0.130,0.084
0.125,0.082
0.120,0.079
0.117,0.078
0.113,0.078
0.109,0.075
0.103,0.072
0.101,0.073
0.099,0.069
0.090,0.067
0.089,0.061
0.080,0.058
0.073,0.057
0.069,0.052
0.061,0.049
0.051,0.046
0.041,0.039
0.031,0.033
0.025,0.034
0.018,0.029
0.012,0.027
0.011,0.024
0.009,0.023
0.004,0.023
0.002,0.020
0.000,0.018
-0.002,0.013
-0.010,0.010
-0.016,0.006
-0.024,0.000
-0.027,-0.001
-0.036,-0.005
-0.040,-0.006
-0.046,-0.008
-0.046,-0.012
-0.051,-0.015
-0.052,-0.017
-0.054,-0.015
-0.055,-0.016
-0.050,-0.018
-0.054,-0.019
-0.057,-0.017
-0.064,-0.023
-0.071,-0.027
-0.080,-0.032
-0.087,-0.038
-0.092,-0.039
-0.094,-0.042
-0.102,-0.045
-0.101,-0.043
-0.099,-0.045
-0.100,-0.044
-0.097,-0.042
-0.094,-0.047
-0.095,-0.049
-0.097,-0.049
-0.099,-0.050
-0.103,-0.054
-0.106,-0.054
-0.107,-0.051
-0.107,-0.054
-0.103,-0.059
-0.105,-0.055
-0.107,-0.055
-0.099,-0.054
-0.098,-0.051
-0.095,-0.048
-0.091,-0.051
-0.085,-0.050
-0.085,-0.047
-0.083,-0.051
-0.080,-0.048
-0.081,-0.047
-0.077,-0.048
-0.075,-0.046
-0.075,-0.045
-0.069,-0.043
-0.069,-0.043
-0.067,-0.045
-0.065,-0.040
-0.063,-0.039
-0.058,-0.037
-0.055,-0.035
-0.051,-0.036
-0.045,-0.034
-0.044,-0.033
-0.039,-0.032
-0.038,-0.027
-0.041,-0.023
-0.034,-0.026
-0.035,-0.025
-0.029,-0.026
-0.021,-0.020
-0.018,-0.022
-0.013,-0.018
-0.012,-0.014
-0.002,-0.009
0.002,-0.006
0.013,-0.000
0.022,0.002
0.031,0.008
0.036,0.014
0.043,0.014
0.050,0.017
0.051,0.018
0.059,0.021
0.064,0.021
0.062,0.024
0.066,0.027
0.065,0.029
0.073,0.029
0.075,0.031
0.086,0.037
0.089,0.042
0.096,0.043
0.104,0.046
0.106,0.050
0.110,0.053
0.113,0.054
0.113,0.054
0.115,0.055
0.115,0.054
0.114,0.054
0.117,0.059
0.124,0.061
0.126,0.063
0.131,0.068
0.140,0.070
0.149,0.077
0.150,0.081
0.155,0.082
0.163,0.082
0.164,0.084
0.163,0.084
0.162,0.088
0.156,0.087
0.159,0.086
0.156,0.086
0.156,0.089
0.163,0.092
0.164,0.093
0.173,0.095
0.178,0.101
0.183,0.101
0.189,0.106
0.191,0.107
0.185,0.106
0.187,0.107
0.182,0.108
0.182,0.105
0.179,0.104
0.178,0.103
0.171,0.102
0.169,0.101
0.166,0.099
0.164,0.101
0.165,0.102
0.159,0.100
0.157,0.099
0.158,0.097
0.154,0.097
0.151,0.095
0.143,0.091
0.144,0.090
0.140,0.090
0.139,0.089
0.130,0.085
0.127,0.083
0.120,0.081
0.118,0.080
0.119,0.077
0.116,0.080
0.110,0.078
0.104,0.074
0.100,0.073
0.096,0.069
0.091,0.068
0.089,0.063
0.082,0.058
0.077,0.056
0.071,0.056
0.059,0.048
0.054,0.044
0.042,0.040
0.033,0.035
0.025,0.029
0.019,0.026
0.016,0.025
0.013,0.023
0.007,0.024
0.004,0.022
0.001,0.017
0.003,0.016
-0.003,0.014
-0.007,0.009
-0.014,0.005
-0.021,0.003
-0.027,-0.001
-0.037,-0.005
-0.038,-0.006
-0.040,-0.009
-0.045,-0.011
-0.046,-0.014
-0.049,-0.015
-0.051,-0.015
-0.050,-0.017
-0.051,-0.016
-0.055,-0.018
-0.060,-0.023
-0.065,-0.026
-0.071,-0.029
-0.079,-0.033
-0.086,-0.040
-0.092,-0.044
-0.095,-0.046
-0.100,-0.043
-0.101,-0.047
-0.101,-0.047
-0.096,-0.046
-0.093,-0.043
-0.093,-0.047
-0.095,-0.048
-0.096,-0.049
-0.099,-0.050
-0.108,-0.052
-0.106,-0.057
-0.103,-0.055
-0.106,-0.056
-0.104,-0.056
-0.105,-0.057
-0.103,-0.055
-0.096,-0.057
-0.093,-0.056
-0.092,-0.054
-0.088,-0.053
-0.084,-0.051
-0.082,-0.050
-0.081,-0.051
-0.079,-0.054
-0.075,-0.050
-0.072,-0.049
-0.072,-0.046
-0.071,-0.044
-0.064,-0.047
-0.063,-0.043
-0.061,-0.044
-0.059,-0.043
-0.056,-0.042
-0.053,-0.040
-0.050,-0.039
-0.047,-0.037
-0.043,-0.036
-0.039,-0.033
-0.041,-0.029
-0.035,-0.032
-0.032,-0.030
-0.031,-0.029
-0.024,-0.026
-0.025,-0.023
-0.021,-0.025
-0.015,-0.020
-0.012,-0.019
-0.005,-0.014
-0.004,-0.011
0.007,-0.007
0.014,-0.002
0.024,0.003
0.032,0.005
0.040,0.007
0.050,0.010
0.049,0.014
0.051,0.015
0.057,0.017
0.057,0.019
0.058,0.024
0.063,0.024
0.071,0.025
0.074,0.029
0.081,0.031
0.083,0.038
0.092,0.041
0.100,0.044
0.106,0.047
0.108,0.048
0.113,0.053
0.111,0.055
0.113,0.055
0.115,0.055
0.119,0.056
0.117,0.061
0.119,0.059
0.123,0.062
0.128,0.060
0.135,0.068
0.143,0.071
0.150,0.072
0.155,0.076
0.159,0.080
0.164,0.082
0.163,0.084
0.161,0.084
0.164,0.083
0.159,0.084
0.159,0.085
0.157,0.088
0.156,0.089
0.157,0.090
0.164,0.096
0.174,0.096
0.181,0.102
0.183,0.104
0.185,0.104
0.191,0.105
0.189,0.108
0.186,0.105
0.188,0.108
0.179,0.103
0.178,0.102
0.172,0.105
0.167,0.100
0.167,0.101
0.163,0.102
0.162,0.100
0.161,0.097
0.156,0.094
0.155,0.094
0.153,0.092
0.152,0.092
0.149,0.093
0.145,0.090
0.145,0.091
0.138,0.086
0.136,0.084
0.132,0.083
0.127,0.081
0.124,0.080
0.121,0.080
0.115,0.080
0.113,0.073
0.108,0.074
0.104,0.073
0.103,0.069
0.098,0.068
0.091,0.064
0.087,0.062
0.081,0.058
0.069,0.054
0.063,0.052
0.057,0.047
0.048,0.041
0.037,0.040
0.027,0.035
0.021,0.028
0.017,0.025
0.014,0.023
0.008,0.026
0.007,0.023
0.005,0.019
0.006,0.018
-0.002,0.014
-0.011,0.016
-0.012,0.011
-0.019,0.002
-0.024,0.000
-0.032,-0.003
-0.037,-0.005
-0.042,-0.009
-0.044,-0.012
-0.045,-0.009
-0.049,-0.010
-0.051,-0.011
-0.051,-0.014
-0.049,-0.017
-0.052,-0.020
-0.058,-0.019
-0.059,-0.028
-0.064,-0.030
-0.075,-0.032
-0.083,-0.034
-0.091,-0.040
-0.095,-0.044
-0.098,-0.045
-0.102,-0.044
-0.098,-0.044
-0.095,-0.044
-0.095,-0.042
-0.092,-0.044
-0.092,-0.046
-0.096,-0.043
-0.096,-0.050
-0.097,-0.053
-0.108,-0.051
-0.102,-0.055
-0.105,-0.055
-0.107,-0.055
-0.105,-0.056
-0.102,-0.056
-0.099,-0.053
-0.098,-0.051
-0.095,-0.051
-0.087,-0.052
-0.086,-0.050
-0.084,-0.050
-0.079,-0.047
-0.079,-0.048
-0.075,-0.049
-0.074,-0.046
-0.075,-0.041
-0.073,-0.045
-0.068,-0.042
-0.062,-0.042
-0.062,-0.041
-0.062,-0.035
-0.059,-0.042
-0.052,-0.039
-0.053,-0.039
-0.049,-0.037
-0.044,-0.034
-0.044,-0.033
-0.037,-0.031
-0.039,-0.030
-0.033,-0.030
-0.029,-0.025
-0.029,-0.023
-0.023,-0.024
-0.023,-0.023
-0.016,-0.023
-0.013,-0.018
-0.009,-0.015
-0.002,-0.013
0.001,-0.011
0.012,-0.002
0.017,-0.000
0.029,0.003
0.034,0.008
0.045,0.010
0.050,0.017
0.055,0.017
0.056,0.017
0.060,0.022
0.059,0.021
0.062,0.025
0.068,0.025
0.073,0.029
0.072,0.033
0.081,0.038
0.092,0.039
0.098,0.042
0.102,0.049
0.106,0.048
0.110,0.050
0.114,0.050
0.113,0.051
0.119,0.056
0.118,0.056
0.119,0.058
0.119,0.059
0.121,0.060
0.122,0.064
0.130,0.068
0.141,0.070
0.145,0.074
0.156,0.076
0.159,0.082
0.161,0.084
0.165,0.082
0.164,0.083
0.166,0.083
0.164,0.083
0.156,0.087
0.159,0.084
0.161,0.086
0.162,0.090
0.164,0.093
0.169,0.095
0.174,0.097
0.183,0.098
0.185,0.106
0.190,0.103
0.194,0.103
0.192,0.104
0.186,0.103
0.185,0.103
0.178,0.104
0.180,0.102
0.178,0.102
0.169,0.101
0.171,0.097
0.168,0.097
0.163,0.098
0.163,0.096
0.160,0.097
0.156,0.093
0.151,0.097
0.151,0.093
0.149,0.089
0.145,0.089
0.141,0.090
0.139,0.088
0.136,0.085
0.135,0.086
0.129,0.083
0.123,0.082
0.122,0.077
0.117,0.078
0.111,0.074
0.111,0.072
0.109,0.069
0.101,0.069
0.098,0.068
0.091,0.064
0.089,0.060
0.079,0.058
0.071,0.054
0.065,0.052
0.057,0.048
0.041,0.044
0.033,0.038
0.031,0.034
0.020,0.028
0.017,0.028
0.011,0.025
0.011,0.025
0.011,0.025
0.004,0.023
-0.001,0.021
-0.003,0.016
-0.003,0.010
-0.013,0.007
-0.016,0.007
-0.022,0.001
-0.031,-0.004
-0.037,-0.005
-0.045,-0.006
-0.050,-0.008
-0.048,-0.011
-0.047,-0.013
-0.053,-0.013
-0.052,-0.015
-0.052,-0.017
-0.051,-0.018
-0.054,-0.021
-0.060,-0.023
-0.066,-0.024
-0.078,-0.033
-0.083,-0.034
-0.094,-0.038
-0.094,-0.041
-0.095,-0.046
-0.096,-0.045
-0.099,-0.045
-0.095,-0.044
-0.094,-0.041
-0.094,-0.044
-0.093,-0.046
-0.092,-0.048
-0.100,-0.049
-0.101,-0.051
-0.105,-0.051
-0.105,-0.052
-0.107,-0.053
-0.106,-0.056
-0.105,-0.054
-0.103,-0.055
-0.096,-0.051
-0.094,-0.048
-0.093,-0.049
-0.087,-0.051
-0.086,-0.051
-0.079,-0.050
-0.079,-0.050
-0.074,-0.044
-0.076,-0.044
-0.073,-0.046
-0.074,-0.043
-0.071,-0.044
-0.067,-0.041
-0.069,-0.039
-0.063,-0.040
-0.062,-0.038
-0.057,-0.039
-0.053,-0.036
-0.051,-0.036
-0.044,-0.035
-0.041,-0.034
-0.042,-0.033
-0.037,-0.031
-0.036,-0.029
-0.033,-0.025
-0.030,-0.026
-0.024,-0.025
-0.023,-0.021
-0.019,-0.019
-0.020,-0.017
-0.012,-0.019
-0.011,-0.014
-0.003,-0.009
0.003,-0.005
0.018,-0.004
0.026,-0.000
0.037,0.006
0.044,0.011
0.051,0.013
0.052,0.017
0.053,0.019
0.063,0.022
0.063,0.016
0.059,0.024
0.065,0.024
0.069,0.027
0.074,0.028
0.079,0.033
0.086,0.036
0.092,0.041
0.096,0.044
0.106,0.048
0.107,0.051
0.110,0.051
0.116,0.053
0.115,0.054
0.116,0.054
0.118,0.058
0.117,0.057
0.119,0.060
0.122,0.063
0.128,0.064
0.136,0.069
0.145,0.072
0.147,0.080
0.158,0.083
0.157,0.081
0.166,0.083
0.164,0.084
0.166,0.084
0.166,0.085
0.159,0.083
0.158,0.084
0.157,0.085
0.157,0.084
0.160,0.089
0.162,0.092
0.173,0.096
0.176,0.100
0.184,0.103
0.191,0.103
0.190,0.107
0.190,0.106
0.191,0.103
0.185,0.106
0.182,0.102
0.180,0.100
0.174,0.101
0.173,0.098
0.170,0.100
0.167,0.100
0.170,0.097
0.165,0.097
0.158,0.097
0.159,0.095
0.155,0.094
0.155,0.092
0.149,0.094
0.150,0.093
0.147,0.090
0.141,0.091
0.140,0.087
0.131,0.089
0.127,0.084
0.125,0.080
0.120,0.081
0.119,0.078
0.116,0.076
0.114,0.077
0.110,0.076
0.099,0.077
0.099,0.072
0.094,0.068
0.086,0.065
0.086,0.063
0.079,0.058
0.074,0.056
0.057,0.053
0.049,0.045
0.040,0.039
0.032,0.034
0.027,0.031
0.022,0.030
0.014,0.029
0.010,0.027
0.007,0.025
0.009,0.020
0.003,0.019
0.002,0.018
-0.005,0.014
-0.006,0.011
-0.013,0.007
-0.020,0.006
-0.029,0.001
-0.037,-0.003
-0.038,-0.008
-0.040,-0.010
-0.048,-0.011
-0.051,-0.012
-0.049,-0.014
-0.050,-0.017
-0.048,-0.016
-0.047,-0.018
-0.054,-0.017
-0.060,-0.021
-0.062,-0.026
-0.072,-0.031
-0.080,-0.035
-0.087,-0.040
-0.096,-0.042
-0.093,-0.043
-0.100,-0.044
-0.100,-0.044
-0.097,-0.045
-0.097,-0.048
-0.099,-0.044
-0.096,-0.046
-0.089,-0.047
-0.097,-0.051
-0.101,-0.049
-0.103,-0.052
-0.106,-0.055
-0.106,-0.058
-0.107,-0.057
-0.103,-0.060
-0.102,-0.055
-0.104,-0.053
-0.099,-0.054
-0.093,-0.052
-0.091,-0.050
-0.088,-0.051
-0.082,-0.050
-0.081,-0.048
-0.085,-0.044
-0.081,-0.047
-0.076,-0.048
-0.073,-0.045
-0.072,-0.045
-0.069,-0.043
-0.065,-0.043
-0.066,-0.043
-0.062,-0.040
-0.058,-0.040
-0.053,-0.036
-0.055,-0.036
-0.053,-0.036
-0.048,-0.034
-0.045,-0.036
-0.035,-0.029
-0.038,-0.029
-0.036,-0.028
-0.035,-0.027
-0.034,-0.026
-0.028,-0.025
-0.026,-0.021
-0.021,-0.021
-0.016,-0.021
-0.016,-0.017
-0.006,-0.014
0.002,-0.011
0.008,-0.005
0.017,-0.004
0.027,0.002
0.034,0.006
0.043,0.007
0.052,0.011
0.055,0.017
0.056,0.016
0.063,0.020
0.061,0.018
0.067,0.022
0.067,0.020
0.067,0.024
0.073,0.026
0.081,0.031
0.086,0.036
0.095,0.035
0.099,0.041
0.104,0.042
0.111,0.048
0.110,0.050
0.112,0.047
0.118,0.052
0.112,0.053
0.116,0.054
0.113,0.054
0.117,0.055
0.120,0.059
0.130,0.062
0.138,0.064
0.140,0.073
0.148,0.073
0.159,0.076
0.159,0.080
0.164,0.080
0.165,0.082
0.158,0.085
0.162,0.081
0.158,0.083
0.160,0.080
0.158,0.083
0.157,0.087
0.162,0.087
0.167,0.091
0.172,0.093
0.176,0.098
0.185,0.102
0.186,0.103
0.190,0.101
0.190,0.102
0.192,0.102
0.186,0.102
0.180,0.106
0.177,0.100
0.173,0.098
0.169,0.097
0.171,0.094
0.167,0.097
0.161,0.097
0.163,0.096
0.158,0.095
0.157,0.094
0.155,0.091
0.151,0.089
0.147,0.090
0.146,0.089
0.139,0.090
0.139,0.086
0.140,0.085
0.127,0.082
0.128,0.080
0.125,0.076
0.119,0.077
0.118,0.074
0.111,0.074
0.112,0.068
0.103,0.069
0.097,0.067
0.095,0.063
0.089,0.062
0.085,0.058
0.080,0.057
0.074,0.052
0.065,0.047
0.053,0.044
0.049,0.036
0.037,0.034
0.027,0.031
0.024,0.028
0.014,0.023
0.012,0.020
0.011,0.019
0.006,0.020
0.003,0.017
0.004,0.014
-0.001,0.014
-0.007,0.010
-0.012,0.009
-0.019,0.005
-0.026,-0.002
-0.034,-0.002
-0.039,-0.007
-0.043,-0.009
-0.048,-0.012
-0.044,-0.016
-0.047,-0.016
-0.051,-0.014
-0.050,-0.017
-0.051,-0.023
-0.050,-0.021
-0.056,-0.021
-0.064,-0.028
-0.067,-0.031
-0.074,-0.037
-0.081,-0.040
-0.092,-0.043
-0.098,-0.047
-0.098,-0.050
-0.102,-0.048
-0.099,-0.047
-0.099,-0.049
-0.094,-0.048
-0.091,-0.049
-0.094,-0.050
-0.094,-0.048
-0.098,-0.052
-0.098,-0.057
-0.108,-0.058
-0.107,-0.059
-0.107,-0.058
-0.106,-0.059
-0.106,-0.061
-0.106,-0.061
-0.104,-0.059
-0.098,-0.058
-0.096,-0.057
-0.090,-0.055
-0.088,-0.050
-0.084,-0.051
-0.081,-0.054
-0.079,-0.053
-0.075,-0.053
-0.075,-0.050
-0.075,-0.050
-0.072,-0.051
-0.066,-0.048
-0.064,-0.047
-0.063,-0.046
-0.065,-0.044
-0.057,-0.046
-0.056,-0.045
-0.054,-0.040
-0.052,-0.039
-0.050,-0.038
-0.043,-0.036
-0.040,-0.037
-0.039,-0.033
-0.032,-0.032
-0.032,-0.033
-0.026,-0.030
-0.023,-0.032
-0.018,-0.027
-0.016,-0.027
-0.015,-0.023
-0.006,-0.020
-0.002,-0.018
0.004,-0.013
0.015,-0.006
0.022,-0.001
0.027,0.000
0.035,0.005
0.044,0.008
0.050,0.010
0.056,0.011
0.056,0.015
0.064,0.015
0.063,0.019
0.067,0.018
0.067,0.022
0.076,0.027
0.074,0.028
0.083,0.028
0.088,0.035
0.097,0.038
0.102,0.044
0.106,0.046
0.115,0.045
0.113,0.046
0.115,0.046
0.119,0.049
0.118,0.051
0.118,0.052
0.117,0.053
0.125,0.055
0.128,0.059
0.130,0.066
0.140,0.064
0.146,0.070
0.153,0.074
0.161,0.077
0.166,0.081
0.164,0.081
0.167,0.077
0.166,0.081
0.161,0.079
0.160,0.081
0.155,0.081
0.162,0.083
0.160,0.085
0.164,0.088
0.172,0.089
0.176,0.096
0.186,0.097
0.189,0.099
0.188,0.100
0.192,0.103
0.190,0.105
0.187,0.104
0.183,0.099
0.179,0.101
0.178,0.097
0.174,0.099
0.168,0.102
0.167,0.099
0.165,0.096
0.161,0.097
0.161,0.092
0.161,0.094
0.159,0.092
0.151,0.091
0.149,0.092
0.151,0.086
0.146,0.084
0.139,0.087
0.137,0.083
0.134,0.082
0.132,0.080
0.126,0.081
0.123,0.077
0.121,0.075
0.115,0.072
0.113,0.074
0.108,0.072
0.104,0.068
0.095,0.069
0.093,0.065
0.092,0.059
0.085,0.058
0.079,0.056
0.071,0.051
0.062,0.047
0.055,0.045
0.042,0.041
0.038,0.035
0.029,0.028
0.022,0.029
0.016,0.026
0.012,0.021
0.011,0.021
0.010,0.022
0.009,0.018
-0.001,0.018
-0.004,0.011
-0.007,0.006
-0.014,0.004
-0.021,0.004
-0.024,-0.003
-0.034,-0.007
-0.038,-0.007
-0.043,-0.009
-0.048,-0.009
-0.049,-0.014
-0.045,-0.015
-0.048,-0.016
-0.051,-0.017
-0.052,-0.019
-0.052,-0.021
-0.055,-0.023
-0.060,-0.026
-0.072,-0.029
-0.081,-0.036
-0.086,-0.039
-0.094,-0.042
-0.096,-0.043
-0.099,-0.046
-0.102,-0.042
-0.099,-0.044
-0.095,-0.044
-0.100,-0.041
-0.096,-0.043
-0.094,-0.047
-0.096,-0.050
-0.096,-0.052
-0.099,-0.056
-0.104,-0.057
-0.105,-0.056
-0.107,-0.057
-0.105,-0.061
-0.102,-0.056
-0.106,-0.057
-0.098,-0.059
-0.096,-0.057
-0.094,-0.054
-0.093,-0.056
-0.087,-0.056
-0.084,-0.053
-0.083,-0.053
-0.077,-0.050
-0.079,-0.051
-0.079,-0.049
-0.073,-0.049
-0.070,-0.049
-0.068,-0.048
-0.068,-0.046
-0.065,-0.046
-0.057,-0.043
-0.058,-0.041
-0.055,-0.041
-0.052,-0.041
-0.051,-0.038
-0.046,-0.035
-0.044,-0.037
-0.039,-0.036
-0.037,-0.034
-0.032,-0.031
-0.030,-0.032
-0.027,-0.028
-0.024,-0.027
-0.022,-0.024
-0.020,-0.022
-0.014,-0.022
-0.011,-0.016
-0.000,-0.017
0.006,-0.009
0.011,-0.006
0.020,-0.002
0.032,0.000
0.041,0.007
0.043,0.011
0.048,0.013
0.059,0.012
0.059,0.019
0.060,0.018
0.061,0.019
0.063,0.020
0.069,0.024
0.074,0.025
0.078,0.031
0.085,0.031
0.095,0.039
0.100,0.043
0.104,0.040
0.110,0.046
0.112,0.047
0.115,0.047
0.117,0.052
0.115,0.050
0.117,0.052
0.118,0.053
0.122,0.056
0.122,0.060
0.128,0.060
0.133,0.065
0.144,0.068
0.150,0.075
0.155,0.078
0.157,0.082
0.160,0.078
0.163,0.081
0.163,0.083
0.165,0.083
0.161,0.086
0.159,0.083
0.157,0.085
0.155,0.084
0.164,0.085
0.166,0.090
0.170,0.094
0.179,0.094
0.184,0.099
0.191,0.101
0.188,0.104
0.185,0.105
0.188,0.102
0.186,0.099
0.181,0.100
0.177,0.099
0.176,0.097
0.171,0.097
0.168,0.095
0.162,0.098
0.161,0.095
0.166,0.094
0.164,0.096
0.157,0.093
0.154,0.092
0.154,0.088
0.151,0.087
0.147,0.088
0.146,0.084
0.141,0.086
0.136,0.084
0.131,0.082
0.129,0.080
0.121,0.077
0.117,0.076
0.114,0.075
0.114,0.074
0.110,0.073
0.107,0.069
0.102,0.069
0.098,0.065
0.094,0.061
0.091,0.060
0.085,0.054
0.080,0.053
0.069,0.050
0.058,0.046
0.047,0.040
0.044,0.034
0.031,0.035
0.024,0.029
0.019,0.025
0.016,0.022
0.011,0.022
0.006,0.022
0.007,0.016
0.006,0.012
0.001,0.012
-0.004,0.010
-0.008,0.007
-0.016,0.003
-0.020,-0.001
-0.027,-0.004
-0.037,-0.006
-0.038,-0.012
-0.042,-0.012
-0.044,-0.014
-0.050,-0.016
-0.049,-0.015
-0.049,-0.020
-0.047,-0.019
-0.049,-0.016
-0.053,-0.019
-0.062,-0.024
-0.063,-0.031
-0.070,-0.033
-0.082,-0.036
-0.086,-0.043
-0.094,-0.046
-0.097,-0.047
-0.097,-0.047
-0.099,-0.046
-0.098,-0.047
-0.092,-0.050
-0.094,-0.048
-0.093,-0.046
-0.094,-0.052
-0.094,-0.052
-0.099,-0.052
-0.104,-0.054
-0.103,-0.058
-0.105,-0.059
-0.109,-0.058
-0.104,-0.059
-0.102,-0.060
-0.099,-0.057
-0.097,-0.055
-0.090,-0.056
-0.086,-0.054
-0.083,-0.050
-0.080,-0.052
-0.077,-0.052
-0.077,-0.050
-0.077,-0.052
-0.073,-0.052
-0.071,-0.049
-0.069,-0.049
-0.066,-0.046
-0.067,-0.046
-0.064,-0.045
-0.062,-0.046
-0.055,-0.044
-0.052,-0.042
-0.054,-0.041
-0.048,-0.039
-0.045,-0.038
-0.043,-0.039
-0.039,-0.033
-0.033,-0.034
-0.033,-0.032
-0.031,-0.032
-0.029,-0.030
-0.026,-0.027
-0.023,-0.023
-0.019,-0.022
-0.015,-0.024
-0.008,-0.021
-0.004,-0.017
-0.001,-0.014
0.011,-0.011
0.019,-0.005
0.027,0.001
0.035,0.006
0.042,0.006
0.047,0.010
0.055,0.011
0.056,0.015
0.061,0.013
0.060,0.015
0.064,0.020
0.063,0.022
0.069,0.025
0.071,0.028
0.084,0.029
0.088,0.035
0.091,0.035
0.098,0.040
0.105,0.043
0.110,0.042
0.111,0.047
0.114,0.047
0.117,0.047
0.113,0.051
0.121,0.052
0.118,0.056
0.119,0.056
0.126,0.056
0.131,0.061
0.138,0.067
0.144,0.071
0.150,0.079
0.158,0.075
0.159,0.079
0.165,0.081
0.170,0.083
0.161,0.083
0.163,0.082
0.158,0.081
0.160,0.081
0.158,0.081
0.157,0.086
0.162,0.087
0.168,0.090
0.175,0.094
0.182,0.096
0.193,0.101
0.189,0.106
0.187,0.103
0.191,0.103
0.186,0.101
0.186,0.101
0.181,0.104
0.176,0.097
0.176,0.101
0.171,0.098
0.170,0.098
0.167,0.098
0.165,0.099
0.162,0.099
0.163,0.095
0.156,0.096
0.155,0.093
0.156,0.090
0.151,0.090
0.146,0.089
0.149,0.089
0.140,0.088
0.141,0.086
0.136,0.085
0.127,0.082
0.127,0.080
0.120,0.077
0.117,0.078
0.117,0.076
0.107,0.073
0.108,0.066
0.100,0.067
0.095,0.068
0.092,0.063
0.088,0.060
0.084,0.058
0.071,0.056
0.067,0.048
0.054,0.044
0.047,0.041
0.038,0.035
0.029,0.033
0.020,0.030
0.015,0.027
0.013,0.026
0.010,0.023
0.010,0.019
0.006,0.018
0.005,0.016
-0.001,0.011
-0.004,0.010
-0.007,0.006
-0.015,0.001
-0.027,-0.001
-0.029,-0.003
-0.037,-0.006
-0.039,-0.009
-0.044,-0.013
-0.042,-0.013
-0.041,-0.014
-0.046,-0.017
-0.053,-0.014
-0.053,-0.018
-0.052,-0.023
-0.055,-0.025
-0.059,-0.028
-0.069,-0.032
-0.075,-0.036
-0.081,-0.039
-0.084,-0.041
-0.096,-0.041
-0.096,-0.045
-0.096,-0.048
-0.097,-0.051
-0.096,-0.049
-0.096,-0.046
-0.092,-0.047
-0.093,-0.050
-0.093,-0.050
-0.092,-0.052
-0.099,-0.052
-0.101,-0.058
-0.101,-0.058
-0.103,-0.060
-0.104,-0.059
-0.102,-0.056
-0.100,-0.056
-0.099,-0.059
-0.093,-0.059
-0.092,-0.055
-0.085,-0.055
-0.086,-0.053
-0.083,-0.048
-0.082,-0.051
-0.079,-0.052
-0.080,-0.050
-0.074,-0.052
-0.071,-0.050
-0.070,-0.047
-0.068,-0.049
-0.064,-0.046
-0.063,-0.044
-0.061,-0.042
-0.056,-0.041
-0.054,-0.045
-0.049,-0.042
-0.047,-0.040
-0.047,-0.038
-0.044,-0.033
-0.040,-0.036
-0.032,-0.034
-0.036,-0.033
-0.034,-0.031
-0.026,-0.028
-0.028,-0.027
-0.023,-0.029
-0.019,-0.021
-0.014,-0.023
-0.010,-0.019
-0.005,-0.017
0.006,-0.013
0.015,-0.009
0.023,-0.004
0.032,0.003
0.039,0.003
0.045,0.007
0.051,0.013
0.054,0.011
0.057,0.014
0.061,0.017
0.063,0.020
0.067,0.019
0.070,0.025
0.072,0.025
0.076,0.029
0.083,0.032
0.089,0.033
0.094,0.039
0.101,0.041
0.107,0.045
0.106,0.050
0.111,0.048
0.113,0.052
0.113,0.052
0.117,0.052
0.116,0.055
0.123,0.054
0.120,0.058
0.125,0.060
0.135,0.065
0.141,0.073
0.144,0.072
0.152,0.072
0.159,0.076
0.162,0.079
0.163,0.085
0.165,0.081
0.165,0.078
0.159,0.080
0.163,0.080
0.161,0.084
0.157,0.088
0.160,0.084
0.162,0.090
0.168,0.091
0.175,0.095
0.185,0.100
0.188,0.103
0.189,0.103
0.188,0.105
0.187,0.101
0.186,0.101
0.181,0.101
0.181,0.096
0.174,0.099
0.167,0.100
0.170,0.099
0.168,0.096
0.165,0.095
0.160,0.094
0.160,0.093
0.157,0.095
0.153,0.093
0.152,0.092
0.149,0.090
0.146,0.089
0.145,0.092
0.140,0.083
0.140,0.083
0.130,0.084
0.127,0.080
0.127,0.078
0.117,0.076
0.116,0.075
0.110,0.075
0.109,0.069
0.107,0.069
0.099,0.066
0.098,0.064
0.094,0.063
0.092,0.060
0.082,0.060
0.078,0.052
0.070,0.048
0.059,0.046
0.051,0.040
0.040,0.037
0.030,0.034
0.025,0.030
0.014,0.026
0.011,0.023
0.004,0.025
0.006,0.021
0.007,0.018
0.008,0.016
0.003,0.016
-0.003,0.012
-0.010,0.010
-0.017,0.006
-0.022,0.000
-0.029,-0.001
-0.036,-0.006
-0.038,-0.013
-0.040,-0.013
-0.046,-0.012
-0.047,-0.011
-0.055,-0.014
-0.050,-0.015
-0.050,-0.017
-0.050,-0.021
-0.055,-0.019
-0.063,-0.025
-0.063,-0.026
-0.072,-0.031
-0.083,-0.033
-0.093,-0.036
-0.094,-0.044
-0.095,-0.045
-0.100,-0.043
-0.101,-0.045
-0.102,-0.047
-0.099,-0.046
-0.094,-0.046
-0.092,-0.046
-0.095,-0.048
-0.099,-0.050
-0.099,-0.053
-0.099,-0.052
-0.104,-0.056
-0.104,-0.055
-0.104,-0.056
-0.103,-0.057
-0.107,-0.058
-0.103,-0.056
-0.103,-0.056
-0.099,-0.058
-0.091,-0.054
-0.085,-0.053
-0.087,-0.054
-0.086,-0.056
-0.082,-0.051
-0.080,-0.052
-0.078,-0.050
-0.075,-0.049
-0.072,-0.051
-0.070,-0.049
-0.066,-0.046
-0.064,-0.044
-0.060,-0.045
-0.062,-0.044
-0.060,-0.044
-0.056,-0.041
-0.054,-0.038
-0.049,-0.035
-0.047,-0.032
-0.041,-0.034
-0.042,-0.034
-0.035,-0.032
-0.035,-0.032
-0.032,-0.030
-0.030,-0.027
-0.023,-0.028
-0.022,-0.026
-0.017,-0.022
-0.013,-0.021
-0.008,-0.021
-0.004,-0.015
0.005,-0.011
0.015,-0.006
0.025,-0.004
0.033,-0.000
0.043,0.006
0.045,0.010
0.052,0.011
0.052,0.013
0.058,0.014
0.060,0.021
0.061,0.017
0.060,0.022
0.067,0.024
0.069,0.029
0.076,0.028
0.080,0.032
0.095,0.036
0.101,0.041
0.101,0.045
0.106,0.044
0.111,0.044
0.113,0.048
0.115,0.050
0.119,0.055
0.117,0.052
0.116,0.054
0.117,0.056
0.124,0.055
0.126,0.063
0.131,0.068
0.146,0.069
0.150,0.074
0.158,0.077
0.163,0.080
0.163,0.083
0.164,0.080
0.164,0.081
0.162,0.083
0.163,0.083
0.157,0.085
0.157,0.084
0.163,0.081
0.162,0.087
0.169,0.088
0.176,0.094
0.180,0.099
0.183,0.099
0.188,0.103
0.190,0.101
0.193,0.102
0.187,0.104
0.183,0.101
0.185,0.099
0.177,0.097
0.174,0.097
0.173,0.099
0.169,0.097
0.170,0.095
0.164,0.094
0.161,0.094
0.157,0.092
0.158,0.092
0.161,0.092
0.153,0.092
0.149,0.092
0.143,0.087
0.144,0.086
0.140,0.084
0.136,0.082
0.133,0.080
0.133,0.080
0.126,0.078
0.115,0.081
0.117,0.075
0.112,0.073
0.108,0.071
0.110,0.069
0.104,0.065
0.099,0.068
0.093,0.064
0.088,0.059
0.085,0.052
0.076,0.051
0.070,0.050
0.060,0.042
0.051,0.042
0.038,0.038
0.030,0.032
0.021,0.028
0.017,0.025
0.017,0.024
0.011,0.021
0.010,0.018
0.009,0.017
0.006,0.016
0.001,0.015
-0.007,0.014
-0.010,0.007
-0.016,0.001
-0.025,-0.001
-0.029,-0.006
-0.032,-0.008
-0.038,-0.007
-0.039,-0.009
-0.046,-0.012
-0.047,-0.014
-0.049,-0.019
-0.048,-0.020
-0.050,-0.019
-0.051,-0.019
-0.054,-0.022
-0.053,-0.026
-0.062,-0.029
-0.075,-0.032
-0.080,-0.035
-0.088,-0.041
-0.094,-0.045
-0.094,-0.049
-0.094,-0.049
-0.096,-0.049
-0.097,-0.048
-0.093,-0.045
-0.092,-0.047
-0.095,-0.049
-0.095,-0.055
-0.099,-0.056
-0.101,-0.056
-0.103,-0.058
-0.103,-0.058
-0.103,-0.060
-0.103,-0.060
-0.105,-0.059
-0.102,-0.058
-0.099,-0.061
-0.098,-0.059
-0.094,-0.055
-0.092,-0.056
-0.086,-0.056
-0.089,-0.055
-0.083,-0.056
-0.077,-0.053
-0.081,-0.052
-0.077,-0.051
-0.073,-0.053
-0.071,-0.048
-0.071,-0.049
-0.065,-0.047
-0.062,-0.046
-0.060,-0.049
-0.060,-0.043
-0.058,-0.044
-0.053,-0.043
-0.052,-0.039
-0.049,-0.042
-0.045,-0.040
-0.046,-0.037
-0.038,-0.037
-0.035,-0.033
-0.036,-0.030
-0.028,-0.031
-0.023,-0.029
-0.020,-0.028
-0.018,-0.021
-0.019,-0.023
-0.008,-0.021
-0.006,-0.018
0.003,-0.014
0.008,-0.010
0.020,-0.010
0.028,-0.001
0.037,0.004
0.043,0.008
0.049,0.008
0.057,0.012
0.059,0.013
0.060,0.016
0.063,0.014
0.064,0.018
0.068,0.021
0.067,0.024
0.077,0.024
0.085,0.030
0.093,0.034
0.092,0.039
0.101,0.044
0.107,0.042
0.107,0.045
0.115,0.044
0.118,0.050
0.114,0.052
0.118,0.048
0.119,0.054
0.119,0.052
0.123,0.055
0.121,0.060
0.131,0.060
0.136,0.066
0.145,0.073
0.155,0.077
0.159,0.080
0.161,0.081
0.166,0.081
0.167,0.083
0.168,0.079
0.164,0.083
0.160,0.082
0.162,0.080
0.159,0.082
0.160,0.083
0.167,0.085
0.169,0.091
0.175,0.090
0.183,0.097
0.184,0.099
0.192,0.100
0.192,0.103
0.190,0.106
0.189,0.100
0.182,0.102
0.182,0.099
0.181,0.098
0.168,0.099
0.169,0.095
0.169,0.096
0.165,0.094
0.163,0.097
0.162,0.098
0.161,0.099
0.156,0.092
0.154,0.091
0.151,0.089
0.150,0.090
0.144,0.090
0.143,0.084
0.139,0.085
0.139,0.085
0.133,0.082
0.129,0.079
0.126,0.079
0.119,0.078
0.115,0.076
0.114,0.071
0.114,0.073
0.104,0.071
0.100,0.070
0.096,0.066
0.093,0.063
0.085,0.062
0.083,0.057
0.076,0.054
0.066,0.049
0.055,0.048
0.046,0.039
0.039,0.037
0.028,0.034
0.023,0.029
0.019,0.023
0.016,0.024
0.012,0.021
0.007,0.023
0.000,0.019
0.003,0.014
0.002,0.009
-0.004,0.009
-0.013,0.006
-0.020,0.001
-0.020,0.001
-0.032,-0.005
-0.039,-0.006
-0.042,-0.012
-0.041,-0.013
-0.041,-0.012
-0.050,-0.013
-0.047,-0.016
-0.052,-0.019
-0.050,-0.018
-0.049,-0.021
-0.053,-0.022
-0.062,-0.022
-0.070,-0.030
-0.076,-0.038
-0.084,-0.039
-0.092,-0.043
-0.093,-0.046
-0.095,-0.046
-0.098,-0.046
-0.098,-0.046
-0.097,-0.047
-0.094,-0.051
-0.093,-0.049
-0.091,-0.049
-0.097,-0.053
-0.097,-0.053
-0.101,-0.055
-0.104,-0.055
-0.104,-0.057
-0.104,-0.060
-0.101,-0.060
-0.101,-0.058
-0.102,-0.057
-0.098,-0.057
-0.097,-0.055
-0.094,-0.055
-0.087,-0.054
-0.085,-0.052
-0.079,-0.052
-0.077,-0.050
-0.078,-0.050
-0.076,-0.053
-0.072,-0.051
-0.074,-0.052
-0.068,-0.048
-0.067,-0.047
-0.065,-0.045
-0.062,-0.045
-0.061,-0.041
-0.060,-0.043
-0.054,-0.043
-0.052,-0.042
-0.046,-0.043
-0.045,-0.034
-0.042,-0.034
-0.037,-0.038
-0.041,-0.036
-0.032,-0.035
-0.030,-0.032
-0.028,-0.031
-0.023,-0.027
-0.023,-0.024
-0.019,-0.024
-0.015,-0.022
-0.010,-0.022
-0.003,-0.015
0.004,-0.013
0.011,-0.006
0.021,-0.004
0.030,0.001
0.035,0.007
0.045,0.007
0.052,0.010
0.056,0.015
0.058,0.018
0.060,0.018
0.065,0.018
0.067,0.022
0.065,0.021
0.069,0.025
0.074,0.026
0.082,0.034
0.092,0.038
0.096,0.034
0.104,0.043
0.103,0.043
0.109,0.047
0.114,0.050
0.113,0.049
0.113,0.051
0.114,0.050
0.117,0.054
0.117,0.058
0.120,0.057
0.125,0.060
0.130,0.064
0.142,0.068
0.145,0.072
0.153,0.075
0.157,0.077
0.163,0.083
0.164,0.081
0.164,0.082
0.161,0.084
0.161,0.081
0.159,0.083
0.157,0.082
0.158,0.084
0.159,0.088
0.164,0.089
0.169,0.092
0.180,0.094
0.186,0.098
0.187,0.102
0.188,0.103
0.194,0.099
0.189,0.102
0.186,0.100
0.185,0.099
0.179,0.101
0.175,0.096
0.172,0.100
0.167,0.098
0.171,0.097
0.165,0.100
0.162,0.101
0.161,0.096
0.160,0.095
0.153,0.094
0.156,0.094
0.151,0.091
0.149,0.091
0.146,0.090
0.139,0.090
0.136,0.088
0.135,0.086
0.132,0.084
0.124,0.079
0.120,0.080
0.119,0.076
0.118,0.076
0.107,0.077
0.109,0.072
0.103,0.070
0.095,0.068
0.095,0.065
0.089,0.062
0.086,0.059
0.078,0.060
0.067,0.055
0.062,0.047
0.051,0.043
0.042,0.039
0.034,0.035
0.028,0.029
0.021,0.027
0.015,0.029
0.013,0.026
0.013,0.020
0.010,0.019
0.010,0.020
0.003,0.018
-0.001,0.014
-0.006,0.011
-0.010,0.008
-0.021,0.003
-0.030,0.000
-0.030,-0.006
-0.036,-0.008
-0.042,-0.010
-0.044,-0.009
-0.045,-0.014
-0.045,-0.013
-0.048,-0.014
-0.050,-0.014
-0.052,-0.015
-0.055,-0.016
-0.059,-0.021
-0.064,-0.026
-0.071,-0.029
-0.073,-0.034
-0.082,-0.039
-0.092,-0.039
-0.099,-0.042
-0.100,-0.045
-0.097,-0.048
-0.099,-0.046
-0.096,-0.043
-0.094,-0.049
-0.091,-0.047
-0.092,-0.047
-0.092,-0.046
-0.097,-0.050
-0.102,-0.054
-0.105,-0.057
-0.106,-0.058
-0.103,-0.058
-0.104,-0.058
-0.105,-0.058
-0.102,-0.056
-0.102,-0.058
-0.095,-0.057
-0.089,-0.055
-0.086,-0.054
-0.083,-0.051
-0.084,-0.050
-0.079,-0.053
-0.081,-0.050
-0.077,-0.049
-0.077,-0.051
-0.073,-0.049
-0.072,-0.046
-0.066,-0.047
-0.064,-0.044
-0.063,-0.044
-0.057,-0.040
-0.057,-0.040
-0.056,-0.041
-0.051,-0.038
-0.049,-0.038
-0.040,-0.037
-0.044,-0.032
-0.042,-0.031
-0.037,-0.034
-0.034,-0.031
-0.030,-0.032
-0.028,-0.028
-0.025,-0.025
-0.019,-0.026
-0.018,-0.023
-0.011,-0.019
-0.011,-0.017
0.000,-0.015
0.007,-0.010
0.019,-0.005
0.027,0.002
0.034,0.005
0.041,0.005
0.049,0.009
0.059,0.013
0.055,0.016
0.057,0.018
0.062,0.018
0.063,0.021
0.066,0.019
0.068,0.023
0.072,0.026
0.082,0.031
0.088,0.033
0.091,0.037
0.100,0.041
0.108,0.043
0.111,0.050
0.110,0.049
0.117,0.049
0.117,0.051
0.113,0.051
0.117,0.056
0.114,0.054
0.121,0.055
0.122,0.061
0.126,0.062
0.137,0.067
0.141,0.071
0.149,0.074
0.155,0.076
0.160,0.080
0.165,0.084
0.163,0.086
0.163,0.082
0.161,0.082
0.163,0.080
0.162,0.083
0.154,0.085
0.158,0.086
0.163,0.086
0.167,0.090
0.174,0.094
0.179,0.100
0.186,0.101
0.192,0.100
0.190,0.103
0.188,0.105
0.188,0.102
0.184,0.103
0.179,0.102
0.181,0.101
0.173,0.099
0.172,0.096
0.175,0.099
0.164,0.101
0.163,0.098
0.161,0.095
0.157,0.096
0.153,0.095
0.155,0.092
0.155,0.091
0.150,0.093
0.146,0.092
0.144,0.089
0.140,0.086
0.141,0.085
0.132,0.083
0.129,0.080
0.125,0.078
0.119,0.080
0.116,0.078
0.118,0.072
0.111,0.071
0.106,0.073
0.100,0.068
0.099,0.068
0.095,0.067
0.087,0.063
0.081,0.059
0.080,0.053
0.067,0.049
0.058,0.044
0.054,0.039
0.042,0.036
0.030,0.034
0.024,0.031
0.016,0.026
0.017,0.022
0.011,0.020
0.008,0.018
0.008,0.017
0.005,0.018
0.005,0.014
-0.000,0.011
-0.008,0.010
-0.015,0.004
-0.020,-0.002
-0.028,-0.001
-0.038,-0.006
-0.038,-0.010
-0.042,-0.012
-0.043,-0.010
-0.047,-0.011
-0.046,-0.014
-0.049,-0.016
-0.053,-0.016
-0.051,-0.020
-0.058,-0.022
-0.061,-0.025
-0.065,-0.032
-0.075,-0.033
-0.080,-0.036
-0.091,-0.038
-0.095,-0.044
-0.098,-0.045
-0.100,-0.045
-0.095,-0.047
-0.097,-0.046
-0.094,-0.045
-0.091,-0.046
-0.089,-0.046
-0.093,-0.047
-0.096,-0.049
-0.096,-0.053
-0.104,-0.055
-0.103,-0.056
-0.102,-0.055
-0.103,-0.056
-0.107,-0.055
-0.102,-0.059
-0.096,-0.058
-0.094,-0.054
-0.090,-0.055
-0.085,-0.051
-0.082,-0.050
-0.083,-0.052
-0.079,-0.053
-0.078,-0.053
-0.072,-0.051
-0.072,-0.049
-0.071,-0.047
-0.067,-0.051
-0.064,-0.049
-0.065,-0.046
-0.064,-0.041
-0.058,-0.039
-0.056,-0.042
-0.053,-0.039
-0.053,-0.039
-0.048,-0.038
-0.044,-0.035
-0.045,-0.034
-0.040,-0.036
-0.036,-0.034
-0.033,-0.034
-0.027,-0.032
-0.027,-0.028
-0.024,-0.028
-0.019,-0.025
-0.019,-0.026
-0.011,-0.020
-0.006,-0.020
0.001,-0.016
0.009,-0.014
0.018,-0.007
0.022,-0.002
0.032,-0.003
0.038,0.004
0.047,0.008
0.054,0.015
0.059,0.013
0.062,0.016
0.067,0.019
0.063,0.021
0.065,0.020
0.068,0.023
0.077,0.028
0.080,0.033
0.083,0.034
0.091,0.036
0.098,0.040
0.105,0.046
0.108,0.049
0.113,0.046
0.113,0.051
0.116,0.053
0.119,0.054
0.119,0.058
0.121,0.054
0.119,0.059
0.123,0.060
0.131,0.064
0.128,0.066
0.142,0.066
0.151,0.071
0.156,0.077
0.162,0.080
0.167,0.084
0.166,0.085
0.166,0.083
0.167,0.083
0.169,0.084
0.165,0.084
0.161,0.085
0.165,0.083
0.165,0.086
0.167,0.089
0.175,0.094
0.179,0.097
0.185,0.097
0.192,0.100
0.190,0.103
0.195,0.101
0.195,0.104
0.187,0.104
0.188,0.102
0.184,0.102
0.179,0.097
0.176,0.100
0.174,0.100
0.168,0.099
0.172,0.099
0.169,0.097
0.166,0.095
0.160,0.093
0.161,0.094
0.159,0.095
0.152,0.094
0.148,0.093
0.145,0.087
0.145,0.087
0.139,0.088
0.139,0.086
0.134,0.081
0.129,0.083
0.125,0.081
0.123,0.080
0.120,0.075
0.113,0.076
0.108,0.073
0.108,0.069
0.102,0.069
0.103,0.067
0.093,0.065
0.088,0.059
0.083,0.055
0.074,0.054
0.066,0.048
0.055,0.043
0.048,0.039
0.041,0.036
0.033,0.033
0.027,0.028
0.019,0.027
0.016,0.024
0.014,0.023
0.012,0.019
0.008,0.018
0.008,0.015
0.002,0.013
-0.005,0.011
-0.010,0.006
-0.016,0.003
-0.022,-0.002
-0.030,-0.006
-0.033,-0.007
-0.040,-0.010
-0.040,-0.010
-0.046,-0.015
-0.047,-0.016
-0.046,-0.018
-0.047,-0.019
-0.047,-0.018
-0.053,-0.017
-0.052,-0.022
-0.059,-0.027
-0.064,-0.030
-0.072,-0.032
-0.081,-0.037
-0.088,-0.042
-0.092,-0.050
-0.098,-0.048
-0.094,-0.047
-0.095,-0.049
-0.093,-0.047
-0.089,-0.050
-0.091,-0.047
-0.094,-0.049
-0.091,-0.053
-0.094,-0.055
-0.101,-0.053
-0.103,-0.056
-0.104,-0.057
-0.103,-0.059
-0.107,-0.056
-0.101,-0.057
-0.098,-0.053
-0.099,-0.053
-0.094,-0.054
-0.087,-0.054
-0.088,-0.053
-0.086,-0.052
-0.082,-0.056
-0.082,-0.055
-0.079,-0.052
-0.080,-0.050
-0.072,-0.050
-0.071,-0.050
-0.068,-0.050
-0.067,-0.048
-0.062,-0.047
-0.061,-0.043
-0.063,-0.044
-0.054,-0.046
-0.055,-0.042
-0.052,-0.042
-0.046,-0.038
-0.043,-0.035
-0.041,-0.038
-0.036,-0.035
-0.036,-0.036
-0.033,-0.031
-0.031,-0.030
-0.025,-0.030
-0.022,-0.026
-0.020,-0.027
-0.014,-0.024
-0.013,-0.020
-0.005,-0.022
-0.000,-0.017
0.007,-0.014
0.018,-0.008
0.021,-0.007
0.030,0.004
0.040,0.002
0.047,0.007
0.052,0.010
0.063,0.012
0.058,0.013
0.063,0.017
0.063,0.018
0.064,0.022
0.070,0.021
0.074,0.027
0.080,0.029
0.087,0.031
0.094,0.036
0.100,0.039
0.105,0.044
0.105,0.045
0.113,0.045
0.115,0.047
0.118,0.052
0.121,0.052
0.116,0.054
0.119,0.052
0.116,0.056
0.123,0.059
0.128,0.061
0.133,0.066
0.141,0.069
0.147,0.072
0.154,0.073
0.163,0.077
0.161,0.080
0.164,0.081
0.163,0.078
0.163,0.080
0.161,0.085
0.159,0.086
0.159,0.082
0.159,0.085
0.161,0.087
0.166,0.090
0.173,0.095
0.179,0.099
0.185,0.099
0.187,0.101
0.190,0.102
0.188,0.103
0.190,0.104
0.188,0.106
0.183,0.101
0.179,0.102
0.174,0.100
0.171,0.100
0.170,0.101
0.167,0.095
0.167,0.096
0.158,0.096
0.159,0.094
0.161,0.094
0.156,0.094
0.154,0.094
0.150,0.093
0.149,0.089
0.143,0.088
0.138,0.088
0.142,0.085
0.135,0.083
0.130,0.084
0.125,0.083
0.120,0.080
0.117,0.077
0.115,0.075
0.113,0.077
0.105,0.072
0.102,0.071
0.097,0.070
0.092,0.065
0.091,0.062
0.085,0.061
0.080,0.057
0.071,0.052
0.064,0.049
0.051,0.046
0.040,0.040
0.034,0.033
0.025,0.030
0.020,0.030
0.015,0.026
0.011,0.022
0.012,0.021
0.007,0.021
0.002,0.021
0.002,0.018
0.001,0.014
-0.007,0.008
-0.015,0.008
-0.016,0.002
-0.023,-0.004
-0.033,-0.004
-0.035,-0.005
-0.044,-0.006
-0.045,-0.009
-0.046,-0.010
-0.052,-0.013
-0.051,-0.014
-0.051,-0.017
-0.047,-0.019
-0.052,-0.020
-0.058,-0.023
-0.065,-0.024
-0.073,-0.029
-0.085,-0.034
-0.084,-0.040
-0.094,-0.039
-0.095,-0.043
-0.097,-0.043
-0.099,-0.044
-0.096,-0.044
-0.098,-0.043
-0.095,-0.043
-0.091,-0.047
-0.093,-0.050
-0.097,-0.050
-0.099,-0.054
-0.102,-0.054
-0.106,-0.054
-0.104,-0.054
-0.105,-0.058
-0.102,-0.058
-0.106,-0.057
-0.104,-0.057
-0.097,-0.056
-0.098,-0.055
-0.094,-0.051
-0.086,-0.055
-0.085,-0.050
-0.082,-0.053
-0.083,-0.050
-0.078,-0.049
-0.079,-0.048
-0.076,-0.051
-0.073,-0.048
-0.072,-0.049
-0.068,-0.044
-0.067,-0.042
-0.057,-0.041
-0.062,-0.043
-0.058,-0.042
-0.054,-0.041
-0.053,-0.036
-0.051,-0.035
-0.045,-0.032
-0.041,-0.035
-0.037,-0.033
-0.039,-0.029
-0.034,-0.028
-0.033,-0.027
-0.028,-0.028
-0.025,-0.025
-0.019,-0.023
-0.021,-0.021
-0.015,-0.023
-0.004,-0.016
-0.001,-0.013
0.007,-0.006
0.018,-0.007
0.028,0.000
0.034,0.006
0.041,0.010
0.049,0.010
0.051,0.015
0.056,0.014
0.058,0.018
0.064,0.016
0.062,0.018
0.066,0.019
0.070,0.025
0.073,0.025
0.079,0.031
0.086,0.034
0.094,0.039
0.099,0.044
0.105,0.045
0.108,0.049
0.109,0.050
0.113,0.053
0.116,0.054
0.117,0.052
0.118,0.052
0.118,0.055
0.120,0.058
0.125,0.059
0.130,0.062
0.135,0.070
0.145,0.074
0.152,0.079
0.156,0.079
0.160,0.082
0.164,0.083
0.165,0.084
0.163,0.084
0.164,0.085
0.160,0.083
0.158,0.081
0.155,0.084
0.159,0.087
0.163,0.091
0.165,0.095
0.174,0.095
0.180,0.097
0.183,0.100
0.188,0.103
0.194,0.103
0.191,0.104
0.188,0.105
0.182,0.103
0.182,0.101
0.179,0.099
0.171,0.101
0.171,0.099
0.167,0.099
0.168,0.100
0.164,0.097
0.163,0.097
0.157,0.097
0.155,0.095
0.157,0.092
0.153,0.092
0.149,0.093
0.143,0.089
0.146,0.088
0.141,0.089
0.138,0.087
0.134,0.088
0.129,0.081
0.127,0.080
0.121,0.079
0.119,0.076
0.117,0.075
0.112,0.073
0.107,0.070
0.097,0.071
0.097,0.065
0.092,0.063
0.086,0.061
0.084,0.057
0.078,0.054
0.067,0.051
0.058,0.049
0.047,0.042
0.041,0.035
0.032,0.032
0.023,0.024
0.018,0.022
0.012,0.023
0.012,0.024
0.010,0.020
0.012,0.021
0.003,0.016
0.002,0.013
0.001,0.012
-0.009,0.008
-0.016,0.006
-0.026,0.003
-0.031,-0.002
-0.038,-0.005
-0.045,-0.008
-0.040,-0.013
-0.047,-0.012
-0.049,-0.013
-0.047,-0.015
-0.047,-0.016
-0.048,-0.015
-0.050,-0.015
-0.052,-0.018
-0.063,-0.020
-0.072,-0.028
-0.072,-0.033
-0.081,-0.034
-0.086,-0.038
-0.096,-0.042
-0.095,-0.042
-0.095,-0.045
-0.101,-0.045
-0.097,-0.045
-0.093,-0.048
-0.092,-0.050
-0.092,-0.046
-0.092,-0.048
-0.093,-0.049
-0.097,-0.053
-0.102,-0.054
-0.105,-0.055
-0.102,-0.061
-0.105,-0.057
-0.105,-0.060
-0.097,-0.059
-0.101,-0.057
-0.097,-0.058
-0.092,-0.057
-0.087,-0.055
-0.084,-0.053
-0.082,-0.056
-0.080,-0.052
-0.079,-0.051
-0.079,-0.051
-0.072,-0.051
-0.072,-0.050
-0.071,-0.050
-0.069,-0.050
-0.070,-0.046
-0.060,-0.047
-0.061,-0.043
-0.055,-0.043
-0.057,-0.041
-0.055,-0.040
-0.050,-0.042
-0.051,-0.037
-0.044,-0.038
-0.042,-0.034
-0.035,-0.033
-0.037,-0.032
-0.033,-0.033
-0.030,-0.033
-0.028,-0.030
-0.022,-0.026
-0.019,-0.025
-0.014,-0.022
-0.012,-0.019
-0.006,-0.017
-0.001,-0.012
0.009,-0.008
0.015,-0.002
0.027,0.001
0.036,0.003
0.043,0.006
0.047,0.011
0.052,0.009
0.058,0.014
0.058,0.013
0.059,0.018
0.063,0.018
0.070,0.022
0.071,0.025
0.073,0.030
0.085,0.030
0.090,0.038
0.094,0.042
0.105,0.042
0.111,0.046
0.109,0.047
0.111,0.050
0.118,0.053
0.119,0.051
0.114,0.053
0.119,0.053
0.121,0.056
0.120,0.063
0.125,0.061
0.135,0.064
0.137,0.066
0.145,0.072
0.155,0.077
0.157,0.079
0.164,0.081
0.160,0.084
0.163,0.083
0.163,0.084
0.158,0.084
0.160,0.081
0.156,0.085
0.157,0.086
0.162,0.089
0.163,0.092
0.173,0.091
0.175,0.097
0.181,0.099
0.191,0.100
0.189,0.103
0.188,0.104
0.188,0.100
0.188,0.102
0.184,0.100
0.180,0.100
0.178,0.101
0.175,0.097
0.171,0.099
0.169,0.098
0.168,0.098
0.166,0.098
0.163,0.101
0.161,0.096
0.157,0.092
0.155,0.093
0.147,0.095
0.148,0.092
0.147,0.089
0.142,0.087
0.145,0.087
0.137,0.088
0.130,0.083
0.127,0.081
0.124,0.080
0.119,0.075
0.117,0.073
0.116,0.074
0.109,0.075
0.103,0.072
0.101,0.066
0.095,0.066
0.090,0.062
0.085,0.060
0.080,0.058
0.073,0.053
0.063,0.052
0.056,0.045
0.048,0.038
0.033,0.035
0.031,0.029
0.022,0.025
0.018,0.023
0.015,0.024
0.012,0.026
0.013,0.019
0.006,0.017
0.001,0.017
-0.000,0.013
-0.008,0.010
-0.009,0.008
-0.017,0.002
-0.027,0.002
-0.034,-0.002
-0.039,-0.008
-0.040,-0.009
-0.045,-0.011
-0.044,-0.012
-0.044,-0.014
-0.042,-0.015
-0.049,-0.015
-0.048,-0.016
-0.052,-0.017
-0.059,-0.020
-0.062,-0.024
-0.071,-0.031
-0.077,-0.034
-0.084,-0.037
-0.091,-0.042
-0.089,-0.040
-0.097,-0.044
-0.099,-0.043
-0.098,-0.044
-0.098,-0.047
-0.094,-0.044
-0.094,-0.046
-0.091,-0.048
-0.094,-0.048
-0.095,-0.051
-0.099,-0.050
-0.107,-0.054
-0.108,-0.057
-0.108,-0.055
-0.101,-0.058
-0.100,-0.056
-0.096,-0.054
-0.096,-0.054
-0.091,-0.057
-0.086,-0.055
-0.088,-0.053
-0.083,-0.052
-0.078,-0.050
-0.080,-0.048
-0.077,-0.050
-0.076,-0.049
-0.073,-0.049
-0.068,-0.048
-0.068,-0.047
-0.065,-0.045
-0.066,-0.047
-0.064,-0.045
-0.059,-0.043
-0.057,-0.042
-0.056,-0.039
-0.048,-0.043
-0.047,-0.038
-0.047,-0.037
-0.041,-0.034
-0.034,-0.031
-0.035,-0.030
-0.035,-0.028
-0.031,-0.027
-0.025,-0.025
-0.023,-0.020
-0.022,-0.021
-0.015,-0.020
-0.013,-0.019
-0.005,-0.014
-0.003,-0.012
0.006,-0.011
0.016,-0.005
0.023,0.001
0.038,0.005
0.037,0.008
0.047,0.013
0.055,0.014
0.055,0.018
0.058,0.018
0.058,0.019
0.065,0.019
0.064,0.023
0.070,0.021
0.074,0.026
0.079,0.029
0.085,0.034
0.090,0.039
0.101,0.039
0.104,0.043
0.107,0.045
0.112,0.048
0.114,0.051
0.116,0.051
0.118,0.055
0.122,0.055
0.124,0.057
0.119,0.062
0.124,0.059
0.131,0.066
0.136,0.068
0.143,0.073
0.151,0.077
0.152,0.077
0.161,0.080
0.163,0.084
0.165,0.085
0.166,0.084
0.164,0.084
0.163,0.082
0.159,0.087
0.160,0.088
0.159,0.087
0.164,0.090
0.168,0.092
0.171,0.096
0.179,0.101
0.185,0.101
0.191,0.106
0.189,0.107
0.192,0.104
0.191,0.105
0.184,0.103
0.183,0.104
0.179,0.101
0.174,0.102
0.174,0.100
0.170,0.099
0.169,0.100
0.163,0.101
0.166,0.099
0.162,0.098
0.156,0.094
0.158,0.092
0.155,0.094
0.151,0.092
0.149,0.089
0.146,0.091
0.143,0.088
0.138,0.086
0.132,0.086
0.129,0.081
0.129,0.079
0.119,0.079
0.114,0.077
0.116,0.076
0.109,0.077
0.106,0.073
0.103,0.069
0.101,0.065
0.095,0.068
0.089,0.063
0.088,0.061
0.077,0.058
0.070,0.058
0.062,0.050
0.052,0.045
0.043,0.040
0.034,0.033
0.028,0.034
0.021,0.031
0.013,0.029
0.010,0.027
0.010,0.023
0.010,0.022
0.006,0.020
0.006,0.020
-0.003,0.015
-0.010,0.011
-0.015,0.007
-0.019,0.002
-0.027,0.001
-0.036,0.000
-0.038,-0.005
-0.040,-0.010
-0.045,-0.009
-0.043,-0.012
-0.047,-0.012
-0.047,-0.013
-0.049,-0.015
-0.054,-0.015
-0.055,-0.017
-0.061,-0.021
-0.063,-0.025
-0.071,-0.028
-0.080,-0.031
-0.087,-0.034
-0.090,-0.038
-0.096,-0.041
-0.099,-0.041
-0.100,-0.044
-0.097,-0.042
-0.099,-0.044
-0.098,-0.043
-0.094,-0.044
-0.092,-0.046
-0.098,-0.045
-0.099,-0.047
-0.103,-0.050
-0.107,-0.053
-0.104,-0.056
-0.104,-0.056
-0.106,-0.057
-0.100,-0.053
-0.101,-0.050
-0.097,-0.052
-0.096,-0.051
-0.092,-0.049
-0.088,-0.050
-0.083,-0.049
-0.085,-0.046
-0.085,-0.047
-0.075,-0.048
-0.079,-0.046
-0.073,-0.049
-0.069,-0.046
-0.072,-0.043
-0.069,-0.044
-0.067,-0.040
-0.060,-0.043
-0.056,-0.040
-0.057,-0.036
-0.053,-0.040
-0.050,-0.037
-0.050,-0.037
-0.045,-0.037
-0.040,-0.031
-0.039,-0.030
-0.038,-0.032
-0.033,-0.028
-0.034,-0.028
-0.027,-0.026
-0.027,-0.022
-0.021,-0.023
-0.020,-0.017
-0.016,-0.017
-0.007,-0.015
-0.000,-0.012
0.006,-0.007
0.015,-0.002
0.025,0.004
0.032,0.008
0.042,0.006
0.046,0.013
0.057,0.013
0.057,0.018
0.057,0.020
0.059,0.020
0.060,0.021
0.063,0.022
0.066,0.027
0.071,0.026
0.083,0.033
0.083,0.035
0.093,0.039
0.096,0.042
0.103,0.043
0.107,0.047
0.109,0.050
0.114,0.050
0.110,0.050
0.112,0.053
0.116,0.055
0.114,0.055
0.114,0.054
0.118,0.060
0.125,0.062
0.132,0.068
0.140,0.072
0.147,0.074
0.151,0.074
0.155,0.082
0.162,0.081
0.164,0.085
0.157,0.083
0.164,0.081
0.159,0.082
0.160,0.080
0.156,0.085
0.155,0.086
0.160,0.086
0.163,0.089
0.169,0.093
0.175,0.097
0.184,0.100
0.183,0.103
0.186,0.101
0.188,0.103
0.186,0.101
0.180,0.102
0.178,0.105
0.174,0.100
0.172,0.098
0.167,0.097
0.171,0.097
0.167,0.101
0.159,0.097
0.160,0.098
0.157,0.094
0.156,0.096
0.150,0.093
0.154,0.092
0.149,0.091
0.146,0.090
0.143,0.091
0.139,0.090
0.137,0.083
0.129,0.085
0.127,0.083
0.123,0.079
0.117,0.078
0.115,0.079
0.112,0.075
0.110,0.073
0.106,0.073
0.098,0.070
0.097,0.067
0.090,0.066
0.088,0.064
0.081,0.062
0.073,0.057
0.065,0.052
0.055,0.048
0.047,0.044
0.036,0.037
0.030,0.033
0.023,0.033
0.015,0.030
0.009,0.024
0.008,0.022
0.009,0.020
0.003,0.022
-0.001,0.016
-0.001,0.015
-0.004,0.012
-0.012,0.012
-0.022,0.009
-0.026,0.000
-0.034,-0.003
-0.040,-0.006
-0.041,-0.008
-0.043,-0.012
-0.045,-0.016
-0.048,-0.012
-0.051,-0.011
-0.052,-0.013
-0.055,-0.013
-0.049,-0.019
-0.055,-0.018
-0.064,-0.020
-0.068,-0.027
-0.078,-0.033
-0.084,-0.035
-0.092,-0.038
-0.099,-0.040
-0.100,-0.044
-0.099,-0.045
-0.102,-0.045
-0.096,-0.047
-0.097,-0.046
-0.092,-0.046
-0.092,-0.046
-0.094,-0.046
-0.099,-0.051
-0.103,-0.055
-0.106,-0.059
-0.108,-0.058
-0.108,-0.057
-0.106,-0.056
-0.103,-0.058
-0.104,-0.058
-0.099,-0.056
-0.097,-0.057
-0.097,-0.057
-0.090,-0.057
-0.086,-0.053
-0.089,-0.051
-0.082,-0.053
-0.082,-0.051
-0.083,-0.050
-0.076,-0.049
-0.074,-0.046
-0.075,-0.045
-0.070,-0.049
-0.067,-0.047
-0.063,-0.044
-0.066,-0.044
-0.062,-0.040
-0.056,-0.040
-0.057,-0.040
-0.050,-0.039
-0.047,-0.036
-0.048,-0.035
-0.045,-0.032
-0.040,-0.035
-0.040,-0.033
-0.037,-0.032
-0.030,-0.030
-0.026,-0.026
-0.025,-0.026
-0.019,-0.023
-0.017,-0.021
-0.007,-0.017
-0.009,-0.016
0.002,-0.013
0.012,-0.010
0.018,-0.004
0.023,0.001
0.032,0.005
0.039,0.009
0.052,0.011
0.049,0.013
0.059,0.014
0.055,0.016
0.059,0.019
0.062,0.019
0.063,0.021
0.069,0.022
0.075,0.028
0.078,0.030
0.084,0.036
0.089,0.040
0.103,0.040
0.106,0.044
0.105,0.047
0.110,0.045
0.109,0.049
0.113,0.049
0.113,0.050
0.114,0.055
0.112,0.054
0.114,0.056
0.122,0.057
0.125,0.063
0.129,0.068
0.140,0.071
0.148,0.073
0.153,0.077
0.161,0.077
0.163,0.080
0.157,0.079
0.160,0.080
0.158,0.080
0.158,0.081
0.158,0.083
0.155,0.086
0.155,0.085
0.162,0.088
0.165,0.091
0.175,0.096
0.180,0.098
0.186,0.103
0.188,0.100
0.188,0.102
0.189,0.104
0.184,0.102
0.183,0.104
0.179,0.101
0.176,0.099
0.172,0.098
0.170,0.097
0.169,0.096
0.161,0.097
0.160,0.097
0.162,0.094
0.158,0.095
0.152,0.093
0.148,0.089
0.151,0.090
0.147,0.091
0.141,0.093
0.138,0.090
0.139,0.084
0.134,0.085
0.128,0.082
0.126,0.080
0.125,0.081
0.116,0.080
0.111,0.078
0.109,0.074
0.104,0.072
0.098,0.071
0.097,0.066
0.095,0.063
0.090,0.066
0.086,0.060
0.079,0.056
0.071,0.050
0.062,0.049
0.053,0.045
0.043,0.038
0.034,0.032
0.030,0.032
0.019,0.026
0.012,0.022
0.012,0.024
0.010,0.021
0.005,0.018
0.001,0.017
0.002,0.013
-0.001,0.014
-0.011,0.010
-0.014,0.007
-0.019,-0.000
-0.023,-0.001
-0.037,-0.005
-0.044,-0.009
-0.039,-0.011
-0.047,-0.013
-0.046,-0.013
-0.050,-0.016
-0.052,-0.016
-0.052,-0.016
-0.050,-0.019
-0.055,-0.019
-0.058,-0.025
-0.060,-0.030
-0.070,-0.033
-0.075,-0.034
-0.088,-0.037
-0.091,-0.042
-0.094,-0.046
-0.101,-0.047
-0.099,-0.050
-0.098,-0.051
-0.096,-0.051
-0.093,-0.050
-0.094,-0.050
-0.090,-0.049
-0.095,-0.050
-0.097,-0.054
-0.098,-0.056
-0.107,-0.054
-0.105,-0.058
-0.104,-0.060
-0.106,-0.054
-0.107,-0.054
-0.103,-0.055
-0.096,-0.054
-0.096,-0.054
-0.094,-0.057
-0.087,-0.054
-0.086,-0.052
-0.085,-0.053
-0.080,-0.051
-0.079,-0.052
-0.079,-0.052
-0.076,-0.050
-0.074,-0.047
-0.073,-0.050
-0.070,-0.047
-0.065,-0.049
-0.065,-0.044
-0.062,-0.042
-0.058,-0.046
-0.056,-0.041
-0.053,-0.042
-0.053,-0.039
-0.048,-0.036
-0.043,-0.034
-0.042,-0.037
-0.040,-0.030
-0.036,-0.030
-0.033,-0.028
-0.036,-0.025
-0.025,-0.029
-0.024,-0.027
-0.019,-0.026
-0.014,-0.017
-0.010,-0.018
-0.004,-0.014
0.004,-0.012
0.015,-0.006
0.020,-0.000
0.034,0.002
0.039,0.007
0.045,0.010
0.052,0.015
0.055,0.013
0.058,0.015
0.062,0.018
0.061,0.018
0.062,0.020
0.067,0.023
0.070,0.027
0.074,0.031
0.080,0.031
0.088,0.037
0.100,0.040
0.104,0.043
0.106,0.047
0.112,0.046
0.113,0.048
0.115,0.048
0.116,0.053
0.115,0.054
0.114,0.053
0.117,0.055
0.124,0.057
0.130,0.059
0.130,0.067
0.138,0.069
0.149,0.073
0.154,0.076
0.157,0.079
0.161,0.082
0.162,0.082
0.163,0.080
0.157,0.083
0.159,0.084
0.156,0.084
0.156,0.084
0.155,0.083
0.157,0.086
0.160,0.089
0.172,0.093
0.176,0.098
0.180,0.097
0.185,0.103
0.186,0.103
0.188,0.103
0.189,0.103
0.181,0.103
0.181,0.098
0.176,0.097
0.174,0.099
0.171,0.100
0.167,0.098
0.164,0.097
0.163,0.095
0.159,0.096
0.157,0.094
0.157,0.091
0.155,0.095
0.150,0.092
0.145,0.090
0.145,0.090
0.143,0.085
0.142,0.087
0.134,0.085
0.134,0.081
0.131,0.082
0.124,0.079
0.118,0.079
0.114,0.075
0.112,0.073
0.105,0.074
0.102,0.071
0.099,0.069
0.096,0.070
0.087,0.067
0.084,0.064
0.081,0.058
0.074,0.060
0.065,0.053
0.056,0.048
0.053,0.044
0.040,0.040
0.029,0.035
0.023,0.028
0.015,0.027
0.011,0.028
0.011,0.024
0.007,0.023
0.006,0.020
0.006,0.020
-0.003,0.019
-0.009,0.016
-0.010,0.009
-0.015,0.006
-0.026,0.003
-0.035,-0.001
-0.037,-0.005
-0.041,-0.005
-0.045,-0.008
-0.047,-0.010
-0.050,-0.014
-0.048,-0.015
-0.049,-0.016
-0.048,-0.016
-0.051,-0.019
-0.056,-0.024
-0.060,-0.025
-0.064,-0.027
-0.069,-0.032
-0.083,-0.033
-0.090,-0.038
-0.093,-0.041
-0.101,-0.044
-0.101,-0.044
-0.100,-0.046
-0.097,-0.045
-0.093,-0.045
-0.093,-0.045
-0.096,-0.046
-0.093,-0.048
-0.096,-0.050
-0.099,-0.055
-0.101,-0.052
-0.105,-0.055
-0.105,-0.057
-0.104,-0.055
-0.106,-0.059
-0.104,-0.055
-0.102,-0.055
-0.099,-0.057
-0.095,-0.053
-0.093,-0.051
-0.089,-0.051
-0.085,-0.052
-0.084,-0.050
-0.081,-0.048
-0.078,-0.050
-0.077,-0.048
-0.077,-0.048
-0.071,-0.048
-0.069,-0.046
-0.066,-0.045
-0.065,-0.043
-0.063,-0.045
-0.056,-0.041
-0.057,-0.042
-0.054,-0.042
-0.050,-0.037
-0.051,-0.036
-0.048,-0.037
-0.039,-0.035
-0.037,-0.034
-0.036,-0.031
-0.033,-0.029
-0.031,-0.027
-0.029,-0.026
-0.022,-0.026
-0.019,-0.023
-0.016,-0.019
-0.014,-0.019
-0.010,-0.014
0.003,-0.012
0.009,-0.005
0.018,-0.002
0.026,0.001
0.036,0.005
0.039,0.013
0.044,0.012
0.053,0.014
0.056,0.015
0.059,0.020
0.062,0.019
0.059,0.019
0.065,0.022
0.069,0.024
0.076,0.026
0.077,0.032
0.081,0.034
0.098,0.038
0.095,0.043
0.107,0.044
0.110,0.047
0.111,0.049
0.113,0.049
0.113,0.051
0.114,0.052
0.118,0.052
0.118,0.053
0.119,0.059
0.123,0.061
0.128,0.062
0.137,0.064
0.141,0.072
0.150,0.076
0.159,0.081
0.162,0.083
0.166,0.080
0.166,0.084
0.162,0.083
0.163,0.086
0.157,0.084
0.156,0.083
0.158,0.084
0.159,0.085
0.163,0.092
0.165,0.094
0.172,0.095
0.181,0.100
0.183,0.102
0.192,0.101
0.192,0.101
0.194,0.103
0.185,0.106
0.185,0.100
0.179,0.102
0.176,0.100
0.175,0.101
0.167,0.101
0.166,0.096
0.165,0.097
0.162,0.097
0.159,0.093
0.157,0.093
0.156,0.093
0.159,0.090
0.157,0.088
0.152,0.089
0.145,0.089
0.145,0.087
0.140,0.084
0.136,0.086
0.131,0.083
0.124,0.080
0.122,0.077
0.119,0.078
0.117,0.076
0.109,0.072
0.108,0.070
0.108,0.069
0.101,0.070
0.096,0.066
0.092,0.063
0.088,0.062
0.082,0.058
0.076,0.055
0.066,0.051
0.059,0.046
0.044,0.040
0.038,0.035
0.028,0.029
0.022,0.029
0.017,0.025
0.016,0.025
0.014,0.024
0.011,0.019
0.007,0.019
0.007,0.015
0.008,0.014
-0.003,0.011
-0.010,0.007
-0.018,0.003
-0.023,-0.001
-0.030,-0.004
-0.034,-0.007
-0.042,-0.009
-0.042,-0.009
-0.044,-0.012
-0.040,-0.013
-0.047,-0.018
-0.051,-0.020
-0.048,-0.019
-0.052,-0.018
-0.053,-0.017
-0.059,-0.022
-0.065,-0.027
-0.074,-0.036
-0.086,-0.037
-0.091,-0.041
-0.093,-0.045
-0.095,-0.044
-0.100,-0.043
-0.103,-0.046
-0.096,-0.047
-0.095,-0.047
-0.090,-0.047
-0.096,-0.047
-0.097,-0.048
-0.097,-0.051
-0.101,-0.054
-0.103,-0.055
-0.108,-0.054
-0.103,-0.057
-0.104,-0.057
-0.108,-0.055
-0.100,-0.056
-0.099,-0.055
-0.096,-0.055
-0.091,-0.060
-0.086,-0.056
-0.086,-0.054
-0.082,-0.056
-0.081,-0.053
-0.078,-0.054
-0.080,-0.052
-0.075,-0.052
-0.072,-0.052
-0.069,-0.052
-0.069,-0.048
-0.066,-0.045
-0.064,-0.048
-0.062,-0.046
-0.062,-0.044
-0.055,-0.041
-0.054,-0.040
-0.051,-0.041
-0.044,-0.039
-0.042,-0.036
-0.039,-0.037
-0.035,-0.033
-0.040,-0.031
-0.034,-0.031
-0.032,-0.030
-0.025,-0.032
-0.022,-0.027
-0.018,-0.024
-0.014,-0.022
-0.013,-0.020
-0.004,-0.017
-0.001,-0.011
0.006,-0.010
0.018,-0.004
0.027,-0.001
0.036,0.003
0.041,0.005
0.048,0.009
0.056,0.009
0.056,0.014
0.056,0.013
0.056,0.015
0.061,0.015
0.064,0.023
0.068,0.022
0.075,0.029
0.082,0.031
0.090,0.037
0.093,0.039
0.101,0.039
0.106,0.043
0.111,0.045
0.113,0.048
0.109,0.052
0.117,0.049
0.119,0.053
0.116,0.052
0.119,0.055
0.117,0.056
0.124,0.057
0.130,0.062
0.137,0.066
0.144,0.071
0.152,0.076
0.154,0.076
0.162,0.077
0.162,0.080
0.161,0.079
0.163,0.080
0.159,0.079
0.155,0.077
0.158,0.078
0.159,0.079
0.157,0.082
0.162,0.085
0.169,0.090
0.175,0.091
0.182,0.094
0.186,0.098
0.188,0.100
0.185,0.099
0.187,0.099
0.183,0.100
0.185,0.097
0.178,0.097
0.173,0.096
0.171,0.096
0.169,0.096
0.167,0.094
0.166,0.097
0.160,0.096
0.156,0.095
0.161,0.091
0.153,0.089
0.150,0.093
0.148,0.088
0.148,0.090
0.145,0.087
0.139,0.088
0.134,0.086
0.132,0.083
0.129,0.081
0.122,0.081
0.121,0.074
0.116,0.073
0.115,0.073
0.110,0.072
0.104,0.071
0.102,0.064
0.095,0.064
0.095,0.065
0.091,0.061
0.083,0.058
0.076,0.058
0.068,0.053
0.058,0.050
0.051,0.044
0.037,0.039
0.033,0.034
0.025,0.030
0.023,0.031
0.014,0.028
0.009,0.024
0.009,0.021
0.004,0.021
0.005,0.017
-0.000,0.019
-0.004,0.010
-0.009,0.011
-0.016,0.006
-0.020,0.003
-0.030,0.001
-0.031,-0.004
-0.039,-0.010
-0.044,-0.009
-0.045,-0.010
-0.049,-0.013
-0.050,-0.014
-0.052,-0.018
-0.054,-0.016
-0.053,-0.017
-0.056,-0.023
-0.059,-0.025
-0.064,-0.027
-0.072,-0.029
-0.079,-0.037
-0.085,-0.042
-0.091,-0.043
-0.099,-0.044
-0.098,-0.046
-0.100,-0.048
-0.100,-0.047
-0.095,-0.045
-0.097,-0.046
-0.095,-0.049
-0.093,-0.051
-0.091,-0.053
-0.098,-0.050
-0.106,-0.054
-0.106,-0.058
-0.104,-0.059
-0.107,-0.055
-0.108,-0.058
-0.103,-0.058
-0.104,-0.054
-0.101,-0.058
-0.093,-0.059
-0.095,-0.057
-0.087,-0.060
-0.085,-0.054
-0.086,-0.051
-0.083,-0.052
-0.082,-0.055
-0.079,-0.054
-0.074,-0.051
-0.072,-0.050
-0.070,-0.048
-0.066,-0.050
-0.065,-0.048
-0.065,-0.049
-0.061,-0.048
-0.061,-0.044
-0.056,-0.044
-0.053,-0.040
-0.047,-0.042
-0.043,-0.040
-0.042,-0.034
-0.038,-0.034
-0.033,-0.037
-0.030,-0.034
-0.031,-0.033
-0.028,-0.029
-0.026,-0.026
-0.021,-0.026
-0.019,-0.024
-0.009,-0.021
-0.003,-0.017
-0.004,-0.014
0.007,-0.012
0.015,-0.008
0.026,-0.002
0.032,0.004
0.042,0.006
0.046,0.012
0.052,0.015
0.053,0.018
0.060,0.017
0.061,0.019
0.060,0.024
0.062,0.022
0.066,0.028
0.072,0.030
0.077,0.034
0.081,0.034
0.091,0.036
0.097,0.045
0.102,0.045
0.110,0.047
0.109,0.049
0.111,0.049
0.114,0.051
0.111,0.054
0.115,0.052
0.115,0.055
0.117,0.056
0.120,0.059
0.125,0.063
0.132,0.066
0.139,0.073
0.147,0.075
0.156,0.075
0.157,0.080
0.158,0.081
0.161,0.083
0.163,0.085
0.163,0.082
0.156,0.084
0.154,0.084
0.159,0.086
0.157,0.088
0.160,0.085
0.164,0.088
0.170,0.093
0.177,0.096
0.186,0.102
0.185,0.103
0.189,0.102
0.189,0.103
0.184,0.103
0.184,0.103
0.180,0.104
0.176,0.104
0.176,0.099
0.172,0.098
0.166,0.098
0.163,0.099
0.163,0.099
0.158,0.096
0.159,0.097
0.155,0.095
0.153,0.093
0.150,0.093
0.147,0.094
0.147,0.094
0.138,0.090
0.137,0.090
0.133,0.083
0.128,0.083
0.126,0.084
0.121,0.081
0.121,0.079
0.116,0.079
0.108,0.076
0.109,0.074
0.105,0.069
0.099,0.071
0.094,0.069
0.091,0.062
0.088,0.064
0.079,0.060
0.072,0.057
0.064,0.049
0.056,0.045
0.045,0.043
0.040,0.037
0.033,0.036
0.023,0.034
0.020,0.030
0.014,0.024
0.012,0.022
0.010,0.022
0.006,0.019
0.003,0.018
0.000,0.015
-0.002,0.013
-0.008,0.008
-0.017,0.006
-0.024,0.004
-0.029,-0.002
-0.039,-0.005
-0.043,-0.007
-0.042,-0.012
-0.045,-0.012
-0.046,-0.012
-0.047,-0.015
-0.051,-0.014
-0.054,-0.014
-0.049,-0.018
-0.053,-0.021
-0.056,-0.022
-0.064,-0.024
-0.073,-0.032
-0.080,-0.036
-0.089,-0.038
-0.095,-0.040
-0.098,-0.046
-0.097,-0.049
-0.099,-0.047
-0.098,-0.047
-0.093,-0.045
-0.092,-0.046
-0.091,-0.047
-0.095,-0.047
-0.099,-0.047
-0.102,-0.049
-0.101,-0.058
-0.105,-0.057
-0.106,-0.055
-0.104,-0.058
-0.103,-0.058
-0.106,-0.058
-0.099,-0.059
-0.096,-0.056
-0.095,-0.055
-0.092,-0.053
-0.088,-0.051
-0.080,-0.051
-0.082,-0.049
-0.079,-0.053
-0.075,-0.050
-0.074,-0.050
-0.071,-0.048
-0.071,-0.047
-0.064,-0.047
-0.061,-0.043
-0.067,-0.042
-0.063,-0.041
-0.062,-0.042
-0.058,-0.042
-0.057,-0.040
-0.050,-0.040
-0.047,-0.039
-0.046,-0.034
-0.042,-0.033
-0.041,-0.034
-0.038,-0.033
-0.032,-0.030
-0.029,-0.031
-0.025,-0.026
-0.026,-0.024
-0.021,-0.023
-0.015,-0.022
-0.011,-0.019
-0.006,-0.014
-0.001,-0.013
0.009,-0.006
0.020,-0.002
0.024,0.004
0.035,0.004
0.040,0.008
0.050,0.012
0.052,0.016
0.061,0.013
0.059,0.019
0.060,0.020
0.063,0.024
0.067,0.021
0.070,0.024
0.075,0.029
0.077,0.033
0.088,0.034
0.093,0.039
0.102,0.041
0.107,0.043
0.109,0.048
0.111,0.053
0.114,0.051
0.114,0.052
0.117,0.050
0.118,0.053
0.117,0.053
0.120,0.058
0.121,0.061
0.127,0.062
0.135,0.067
0.139,0.073
0.153,0.075
0.157,0.079
0.161,0.079
0.166,0.082
0.164,0.082
0.164,0.082
0.163,0.082
0.160,0.082
0.162,0.081
0.159,0.085
0.159,0.086
0.163,0.088
0.164,0.090
0.176,0.091
0.178,0.095
0.185,0.103
0.189,0.102
0.191,0.102
0.191,0.101
0.190,0.098
0.186,0.102
0.181,0.101
0.180,0.095
0.172,0.097
0.171,0.096
0.170,0.098
0.166,0.098
0.164,0.096
0.163,0.094
0.162,0.095
0.159,0.093
0.151,0.092
0.155,0.091
0.147,0.091
0.145,0.091
0.143,0.087
0.144,0.084
0.139,0.083
0.132,0.083
0.126,0.079
0.125,0.078
0.120,0.080
0.117,0.076
0.114,0.072
0.109,0.071
0.106,0.071
0.102,0.066
0.098,0.063
0.090,0.063
0.091,0.063
0.078,0.059
0.071,0.053
0.067,0.047
0.055,0.044
0.045,0.041
0.034,0.037
0.030,0.033
0.020,0.032
0.014,0.029
0.014,0.023
0.010,0.020
0.007,0.020
0.006,0.018
0.005,0.013
0.003,0.012
-0.003,0.010
-0.011,0.008
-0.015,0.005
-0.025,-0.002
-0.030,-0.004
-0.035,-0.008
-0.042,-0.011
-0.045,-0.014
-0.046,-0.014
-0.050,-0.013
-0.052,-0.013
-0.050,-0.013
-0.053,-0.019
-0.052,-0.019
-0.056,-0.021
-0.066,-0.026
-0.065,-0.030
-0.076,-0.035
-0.081,-0.034
-0.088,-0.040
-0.097,-0.046
-0.098,-0.047
-0.103,-0.050
-0.099,-0.047
-0.100,-0.048
-0.097,-0.048
-0.089,-0.045
-0.094,-0.048
-0.098,-0.048
-0.100,-0.053
-0.100,-0.055
-0.107,-0.053
-0.106,-0.055
-0.105,-0.057
-0.106,-0.056
-0.106,-0.057
-0.101,-0.059
-0.101,-0.057
-0.099,-0.055
-0.093,-0.057
-0.087,-0.056
-0.089,-0.054
-0.088,-0.055
-0.079,-0.058
-0.084,-0.053
-0.077,-0.054
-0.076,-0.051
-0.075,-0.050
-0.072,-0.049
-0.071,-0.048
-0.069,-0.044
-0.065,-0.047
-0.062,-0.042
-0.058,-0.046
-0.057,-0.044
-0.056,-0.042
-0.051,-0.041
-0.044,-0.038
-0.045,-0.037
-0.043,-0.038
-0.040,-0.032
-0.038,-0.033
-0.035,-0.030
-0.031,-0.030
-0.027,-0.031
-0.026,-0.025
-0.023,-0.025
-0.017,-0.022
-0.013,-0.018
-0.005,-0.017
0.000,-0.009
0.008,-0.007
0.017,0.004
0.028,0.004
0.032,0.008
0.045,0.010
0.050,0.013
0.051,0.013
0.050,0.014
0.057,0.015
0.053,0.020
0.058,0.022
0.065,0.023
0.066,0.027
0.071,0.032
0.080,0.033
0.088,0.038
0.094,0.039
0.102,0.045
0.107,0.046
0.107,0.046
0.108,0.047
0.113,0.051
0.117,0.051
0.112,0.056
0.114,0.055
0.115,0.056
0.119,0.058
0.125,0.060
0.131,0.067
0.139,0.068
0.146,0.074
0.149,0.079
0.155,0.079
0.162,0.086
0.158,0.084
0.163,0.082
0.159,0.081
0.157,0.080
0.157,0.081
0.154,0.081
0.158,0.082
0.155,0.088
0.161,0.087
0.169,0.089
0.172,0.095
0.175,0.099
0.182,0.098
0.187,0.103
0.187,0.105
0.184,0.104
0.183,0.105
0.180,0.099
0.179,0.100
0.173,0.098
0.170,0.098
0.166,0.099
0.161,0.099
0.162,0.096
0.156,0.095
0.156,0.095
0.156,0.095
0.154,0.094
0.149,0.092
0.148,0.092
0.146,0.089
0.142,0.088
0.137,0.087
0.133,0.087
0.128,0.083
0.129,0.080
0.122,0.082
0.116,0.080
0.113,0.079
0.114,0.074
0.112,0.073
0.103,0.071
0.099,0.068
0.098,0.066
0.095,0.063
0.085,0.064
0.081,0.057
0.073,0.055
0.065,0.054
0.059,0.048
0.053,0.042
0.039,0.039
0.028,0.035
0.023,0.032
0.017,0.024
0.013,0.025
0.006,0.023
0.009,0.021
0.008,0.019
0.003,0.020
-0.002,0.017
-0.008,0.015
-0.012,0.009
-0.018,0.006
-0.021,0.001
-0.028,-0.003
-0.035,-0.006
-0.037,-0.008
-0.042,-0.009
-0.050,-0.011
-0.051,-0.011
-0.053,-0.014
-0.050,-0.017
-0.052,-0.017
-0.050,-0.020
-0.054,-0.021
-0.059,-0.024
-0.064,-0.028
-0.071,-0.031
-0.084,-0.036
-0.087,-0.041
-0.092,-0.046
-0.096,-0.045
-0.101,-0.045
-0.100,-0.048
-0.097,-0.049
-0.097,-0.047
-0.092,-0.048
-0.093,-0.046
-0.094,-0.046
-0.098,-0.050
-0.099,-0.054
-0.103,-0.053
-0.104,-0.058
-0.106,-0.056
-0.103,-0.057
-0.108,-0.057
-0.105,-0.057
-0.106,-0.055
-0.100,-0.055
-0.096,-0.057
-0.092,-0.053
-0.089,-0.049
-0.087,-0.053
-0.085,-0.049
-0.083,-0.052
-0.075,-0.052
-0.079,-0.048
-0.075,-0.047
-0.070,-0.052
-0.072,-0.048
-0.062,-0.046
-0.065,-0.045
-0.065,-0.042
-0.058,-0.042
-0.057,-0.042
-0.053,-0.041
-0.054,-0.042
-0.046,-0.036
-0.041,-0.036
-0.042,-0.037
-0.039,-0.035
-0.038,-0.038
-0.032,-0.032
-0.035,-0.030
-0.028,-0.033
-0.026,-0.027
-0.022,-0.028
-0.017,-0.023
-0.017,-0.019
-0.010,-0.019
-0.001,-0.014
0.002,-0.012
0.011,-0.004
0.023,-0.005
0.028,0.001
0.040,0.006
0.046,0.011
0.051,0.010
0.053,0.014
0.057,0.014
0.059,0.016
0.062,0.016
0.062,0.020
0.070,0.022
0.071,0.028
0.074,0.028
0.083,0.032
0.091,0.034
0.100,0.041
0.101,0.046
0.109,0.044
0.112,0.044
0.109,0.049
0.117,0.050
0.120,0.052
0.114,0.051
0.117,0.051
0.120,0.057
0.125,0.057
0.124,0.062
0.130,0.067
0.139,0.069
0.146,0.074
0.154,0.075
0.160,0.078
0.160,0.082
0.160,0.082
0.162,0.083
0.163,0.082
0.158,0.082
0.156,0.086
0.158,0.082
0.157,0.086
0.162,0.086
0.164,0.091
0.172,0.095
0.181,0.097
0.184,0.098
0.187,0.100
0.190,0.101
0.189,0.101
0.189,0.102
0.183,0.101
0.183,0.098
0.178,0.099
0.173,0.098
0.171,0.100
0.165,0.097
0.163,0.097
0.165,0.097
0.160,0.097
0.159,0.096
0.160,0.094
0.156,0.091
0.154,0.091
0.150,0.090
0.144,0.088
0.139,0.083
0.140,0.083
0.135,0.082
0.132,0.082
0.127,0.082
0.124,0.081
0.119,0.079
0.115,0.076
0.114,0.071
0.110,0.071
0.104,0.069
0.098,0.069
0.095,0.067
0.095,0.066
0.085,0.062
0.081,0.059
0.073,0.055
0.066,0.050
0.057,0.046
0.044,0.041
0.040,0.035
0.028,0.032
0.023,0.027
0.018,0.022
0.012,0.021
0.010,0.021
0.005,0.020
0.005,0.016
0.004,0.016
0.000,0.013
-0.004,0.013
-0.013,0.009
-0.018,0.005
-0.026,0.003
-0.033,0.000
-0.038,-0.002
-0.045,-0.006
-0.045,-0.009
-0.050,-0.011
-0.051,-0.011
-0.052,-0.013
-0.052,-0.015
-0.054,-0.014
-0.056,-0.016
-0.056,-0.019
-0.066,-0.024
-0.067,-0.026
-0.075,-0.033
-0.088,-0.036
-0.089,-0.044
-0.095,-0.045
-0.098,-0.045
-0.100,-0.048
-0.102,-0.048
-0.098,-0.048
-0.099,-0.045
-0.095,-0.047
-0.093,-0.048
-0.099,-0.048
-0.097,-0.050
-0.102,-0.052
-0.106,-0.054
-0.108,-0.056
-0.106,-0.057
-0.108,-0.056
-0.107,-0.058
-0.107,-0.058
-0.106,-0.056
-0.097,-0.060
-0.097,-0.058
-0.093,-0.056
-0.090,-0.055
-0.085,-0.055
-0.085,-0.052
-0.084,-0.052
-0.080,-0.050
-0.075,-0.048
-0.079,-0.049
-0.073,-0.050
-0.067,-0.046
-0.069,-0.047
-0.064,-0.043
-0.064,-0.042
-0.062,-0.044
-0.059,-0.042
-0.054,-0.041
-0.049,-0.039
-0.050,-0.035
-0.048,-0.032
-0.042,-0.033
-0.042,-0.031
-0.038,-0.030
-0.034,-0.030
-0.032,-0.025
-0.027,-0.029
-0.024,-0.026
-0.019,-0.024
-0.015,-0.024
-0.011,-0.018
-0.005,-0.016
0.002,-0.013
0.009,-0.008
0.014,-0.004
0.029,-0.002
0.029,0.006
0.042,0.007
0.042,0.013
0.054,0.011
0.050,0.014
0.057,0.016
0.058,0.020
0.062,0.019
0.065,0.022
0.070,0.027
0.071,0.029
0.081,0.030
0.082,0.036
0.094,0.036
0.098,0.043
0.105,0.046
0.106,0.046
0.108,0.048
0.111,0.048
0.111,0.051
0.115,0.054
0.113,0.053
0.115,0.055
0.117,0.057
0.123,0.062
0.128,0.064
0.132,0.067
0.144,0.073
0.151,0.077
0.156,0.080
0.158,0.084
0.161,0.085
0.160,0.080
0.161,0.085
0.160,0.080
0.162,0.085
0.152,0.086
0.157,0.083
0.156,0.086
0.158,0.088
0.167,0.094
0.171,0.097
0.177,0.098
0.183,0.097
0.183,0.100
0.187,0.101
0.186,0.103
0.185,0.105
0.179,0.100
0.177,0.099
0.174,0.101
0.171,0.098
0.167,0.098
0.164,0.095
0.165,0.095
0.160,0.097
0.157,0.095
0.160,0.092
0.155,0.092
0.153,0.091
0.151,0.091
0.147,0.090
0.143,0.085
0.142,0.085
0.136,0.086
0.129,0.083
0.129,0.080
0.129,0.078
0.121,0.078
0.119,0.077
0.114,0.073
0.109,0.074
0.105,0.072
0.102,0.067
0.102,0.065
0.096,0.066
0.091,0.061
0.086,0.058
0.079,0.054
0.072,0.052
0.066,0.048
0.055,0.041
0.045,0.039
0.034,0.034
0.027,0.031
0.022,0.024
0.015,0.023
0.013,0.022
0.009,0.019
0.006,0.019
0.008,0.018
0.005,0.015
-0.000,0.013
-0.009,0.012
-0.011,0.008
-0.017,0.001
-0.026,0.002
-0.033,-0.004
-0.040,-0.009
-0.041,-0.008
-0.046,-0.008
-0.049,-0.008
-0.050,-0.012
-0.046,-0.017
-0.049,-0.015
-0.049,-0.020
-0.052,-0.018
-0.056,-0.025
-0.059,-0.027
-0.068,-0.029
-0.078,-0.031
-0.086,-0.035
-0.094,-0.042
-0.097,-0.045
-0.100,-0.046
-0.101,-0.044
-0.099,-0.046
-0.101,-0.046
-0.095,-0.046
-0.097,-0.045
-0.097,-0.047
-0.097,-0.052
-0.100,-0.053
-0.105,-0.054
-0.105,-0.057
-0.103,-0.056
-0.105,-0.054
-0.111,-0.055
-0.108,-0.059
-0.105,-0.056
-0.104,-0.055
-0.098,-0.057
-0.094,-0.054
-0.092,-0.052
-0.090,-0.053
-0.084,-0.053
-0.084,-0.052
-0.079,-0.054
-0.078,-0.053
-0.079,-0.051
-0.075,-0.051
-0.072,-0.048
-0.070,-0.048
-0.066,-0.048
-0.064,-0.041
-0.062,-0.041
-0.059,-0.042
-0.059,-0.041
-0.055,-0.042
-0.049,-0.041
-0.049,-0.038
-0.044,-0.039
-0.042,-0.034
-0.038,-0.035
-0.036,-0.034
-0.034,-0.029
-0.032,-0.028
-0.028,-0.028
-0.026,-0.025
-0.020,-0.023
-0.021,-0.023
-0.012,-0.021
-0.009,-0.015
0.001,-0.011
0.009,-0.005
0.018,-0.000
0.029,0.002
0.038,0.005
0.044,0.010
0.048,0.015
0.051,0.012
0.056,0.015
0.057,0.019
0.056,0.017
0.063,0.019
0.066,0.020
0.069,0.026
0.074,0.027
0.079,0.033
0.088,0.036
0.095,0.041
0.101,0.044
0.103,0.046
0.105,0.049
0.109,0.046
0.113,0.049
0.115,0.055
0.113,0.053
0.116,0.052
0.119,0.053
0.118,0.058
0.123,0.064
0.131,0.065
0.134,0.070
0.146,0.076
0.152,0.077
0.159,0.082
0.158,0.083
0.163,0.080
0.162,0.082
0.162,0.081
0.160,0.083
0.157,0.083
0.158,0.081
0.154,0.085
0.156,0.085
0.164,0.089
0.165,0.094
0.177,0.095
0.182,0.098
0.182,0.101
0.190,0.100
0.188,0.102
0.188,0.101
0.182,0.101
0.181,0.102
0.181,0.097
0.173,0.095
0.173,0.099
0.169,0.099
0.165,0.096
0.161,0.098
0.160,0.094
0.161,0.095
0.155,0.093
0.155,0.094
0.147,0.092
0.150,0.088
0.144,0.089
0.140,0.089
0.140,0.087
0.135,0.085
0.134,0.083
0.130,0.082
0.120,0.080
0.124,0.078
0.114,0.077
0.115,0.075
0.110,0.073
0.104,0.072
0.102,0.071
0.098,0.068
0.092,0.066
0.088,0.063
0.083,0.060
0.078,0.057
0.067,0.053
0.057,0.048
0.049,0.044
0.039,0.038
0.031,0.035
0.026,0.030
0.022,0.028
0.014,0.026
0.013,0.021
0.010,0.021
0.006,0.019
0.001,0.020
0.002,0.016
-0.003,0.010
-0.008,0.010
-0.014,0.008
-0.022,0.001
-0.027,-0.002
-0.034,-0.006
-0.042,-0.006
-0.044,-0.007
-0.045,-0.012
-0.044,-0.014
-0.049,-0.012
-0.053,-0.014
-0.052,-0.017
-0.051,-0.018
-0.056,-0.020
-0.056,-0.023
-0.067,-0.023
-0.071,-0.031
-0.080,-0.035
-0.085,-0.041
-0.090,-0.042
-0.093,-0.044
-0.096,-0.046
-0.097,-0.045
-0.100,-0.048
-0.097,-0.047
-0.096,-0.048
-0.091,-0.048
-0.093,-0.050
-0.096,-0.052
-0.097,-0.055
-0.102,-0.055
-0.104,-0.054
-0.104,-0.053
-0.106,-0.057
-0.105,-0.057
-0.103,-0.058
-0.099,-0.058
-0.094,-0.056
-0.094,-0.054
-0.089,-0.053
-0.085,-0.053
-0.086,-0.052
-0.081,-0.054
-0.078,-0.052
-0.079,-0.050
-0.077,-0.052
-0.072,-0.050
-0.074,-0.049
-0.066,-0.049
-0.066,-0.045
-0.064,-0.045
-0.058,-0.046
-0.063,-0.042
-0.056,-0.041
-0.056,-0.041
-0.053,-0.040
-0.048,-0.039
-0.048,-0.038
-0.042,-0.036
-0.038,-0.036
-0.036,-0.032
-0.037,-0.031
-0.032,-0.030
-0.028,-0.027
-0.023,-0.026
-0.020,-0.025
-0.016,-0.024
-0.011,-0.022
-0.006,-0.020
-0.003,-0.014
0.006,-0.005
0.015,-0.004
0.027,0.002
0.035,0.007
0.035,0.012
0.047,0.010
0.052,0.012
0.060,0.014
0.060,0.019
0.060,0.020
0.064,0.021
0.068,0.021
0.070,0.025
0.072,0.026
0.077,0.027
0.089,0.033
0.094,0.037
0.094,0.040
0.099,0.043
0.105,0.046
0.107,0.046
0.113,0.053
0.113,0.054
0.116,0.052
0.114,0.055
0.116,0.055
0.119,0.057
0.119,0.059
0.126,0.060
0.131,0.067
0.142,0.072
0.151,0.076
0.153,0.082
0.159,0.080
0.159,0.084
0.161,0.083
0.164,0.082
0.159,0.083
0.156,0.079
0.154,0.080
0.154,0.082
0.158,0.084
0.157,0.086
0.162,0.089
0.170,0.093
0.174,0.097
0.182,0.099
0.188,0.102
0.187,0.104
0.188,0.103
0.185,0.102
0.185,0.101
0.178,0.099
0.171,0.099
0.170,0.098
0.170,0.097
0.163,0.098
0.162,0.094
0.163,0.097
0.156,0.096
0.153,0.095
0.155,0.091
0.151,0.089
0.150,0.092
0.148,0.090
0.146,0.087
0.142,0.084
0.140,0.086
0.133,0.086
0.126,0.083
0.127,0.079
0.120,0.077
0.116,0.075
0.114,0.074
0.109,0.074
0.108,0.072
0.099,0.069
0.096,0.064
0.096,0.062
0.089,0.060
0.088,0.058
0.077,0.058
0.075,0.055
0.066,0.054
0.056,0.046
0.047,0.041
0.040,0.039
0.031,0.034
0.020,0.029
0.018,0.030
0.012,0.027
0.007,0.025
0.009,0.022
0.006,0.020
0.001,0.019
-0.003,0.017
-0.009,0.012
-0.010,0.007
-0.020,0.004
-0.026,0.002
-0.032,-0.002
-0.039,-0.005
-0.042,-0.008
-0.046,-0.012
-0.052,-0.012
-0.052,-0.015
-0.053,-0.018
-0.048,-0.016
-0.051,-0.018
-0.056,-0.016
-0.055,-0.020
-0.062,-0.026
-0.071,-0.028
-0.075,-0.031
-0.083,-0.036
-0.093,-0.039
-0.093,-0.042
-0.098,-0.046
-0.101,-0.044
-0.099,-0.045
-0.099,-0.047
-0.094,-0.045
-0.097,-0.046
-0.097,-0.047
-0.093,-0.049
-0.096,-0.050
-0.100,-0.049
-0.104,-0.052
-0.106,-0.058
-0.109,-0.060
-0.111,-0.056
-0.106,-0.058
-0.104,-0.057
-0.100,-0.057
-0.099,-0.054
-0.093,-0.055
-0.092,-0.052
-0.086,-0.052
-0.085,-0.054
-0.079,-0.050
-0.084,-0.048
-0.080,-0.052
-0.078,-0.051
-0.072,-0.051
-0.070,-0.049
-0.069,-0.047
-0.064,-0.045
-0.068,-0.044
-0.061,-0.044
-0.057,-0.042
-0.052,-0.040
-0.055,-0.040
-0.051,-0.039
-0.048,-0.038
-0.044,-0.038
-0.040,-0.032
-0.036,-0.030
-0.040,-0.032
-0.035,-0.030
-0.028,-0.031
-0.023,-0.027
-0.025,-0.025
-0.020,-0.027
-0.015,-0.020
-0.010,-0.022
-0.004,-0.014
-0.001,-0.009
0.010,-0.005
0.020,-0.001
0.026,0.002
0.038,0.008
0.047,0.010
0.049,0.015
0.053,0.018
0.054,0.018
0.057,0.021
0.060,0.017
0.066,0.022
0.066,0.022
0.072,0.026
0.074,0.029
0.083,0.033
0.091,0.037
0.092,0.039
0.101,0.045
0.102,0.048
0.109,0.047
0.111,0.050
0.116,0.052
0.118,0.052
0.116,0.053
0.119,0.054
0.120,0.058
0.117,0.058
0.122,0.062
0.129,0.064
0.138,0.067
0.145,0.074
0.148,0.078
0.158,0.079
0.162,0.084
0.166,0.083
0.168,0.083
0.165,0.083
0.160,0.084
0.157,0.084
0.158,0.083
0.160,0.084
0.159,0.087
0.164,0.088
0.169,0.092
0.171,0.096
0.181,0.095
0.188,0.102
0.191,0.102
0.191,0.103
0.189,0.103
0.186,0.101
0.185,0.101
0.180,0.102
0.178,0.101
0.174,0.098
0.167,0.099
0.166,0.099
0.163,0.099
0.162,0.098
0.159,0.097
0.160,0.094
0.157,0.094
0.152,0.094
0.153,0.092
0.151,0.089
0.148,0.091
0.141,0.091
0.134,0.089
0.136,0.087
0.127,0.086
0.125,0.086
0.121,0.079
0.121,0.078
0.119,0.078
0.107,0.077
0.105,0.076
0.105,0.072
0.099,0.069
0.094,0.067
0.088,0.062
0.083,0.062
0.082,0.058
0.077,0.057
0.063,0.049
0.055,0.042
0.044,0.042
0.032,0.036
0.027,0.033
0.025,0.028
0.015,0.027
0.009,0.025
0.007,0.022
0.010,0.019
0.005,0.016
0.001,0.018
0.000,0.011
-0.005,0.007
-0.011,0.008
-0.017,0.006
-0.028,0.002
-0.031,-0.005
-0.038,-0.006
-0.042,-0.008
-0.049,-0.011
-0.047,-0.013
-0.049,-0.014
-0.048,-0.014
-0.051,-0.013
-0.051,-0.012
-0.054,-0.018
-0.056,-0.023
-0.060,-0.023
-0.071,-0.029
-0.080,-0.034
-0.084,-0.038
-0.088,-0.041
-0.096,-0.043
-0.097,-0.045
-0.096,-0.048
-0.100,-0.048
-0.096,-0.047
-0.096,-0.044
-0.094,-0.049
-0.091,-0.050
-0.089,-0.050
-0.097,-0.049
-0.100,-0.052
-0.102,-0.056
-0.103,-0.059
-0.107,-0.057
-0.102,-0.062
-0.100,-0.059
-0.104,-0.056
-0.098,-0.058
-0.093,-0.058
-0.093,-0.055
-0.086,-0.055
-0.084,-0.054
-0.083,-0.051
-0.083,-0.055
-0.079,-0.052
-0.074,-0.052
-0.071,-0.051
-0.070,-0.048
-0.069,-0.046
-0.065,-0.049
-0.065,-0.045
-0.059,-0.047
-0.056,-0.041
-0.058,-0.039
-0.053,-0.043
-0.055,-0.041
-0.048,-0.040
-0.043,-0.037
-0.042,-0.032
-0.039,-0.032
-0.037,-0.034
-0.036,-0.030
-0.031,-0.033
-0.026,-0.027
-0.024,-0.025
-0.023,-0.027
-0.018,-0.021
-0.011,-0.020
-0.008,-0.016
-0.004,-0.014
0.004,-0.013
0.012,-0.008
0.022,-0.001
0.030,-0.000
0.043,0.006
0.046,0.007
0.052,0.011
0.054,0.010
0.054,0.013
0.059,0.016
0.060,0.018
0.064,0.018
0.065,0.021
0.068,0.024
0.078,0.029
0.079,0.031
0.092,0.034
0.096,0.037
0.102,0.040
0.106,0.042
0.111,0.046
0.113,0.046
0.117,0.047
0.117,0.052
0.119,0.052
0.118,0.052
0.116,0.052
0.123,0.054
0.128,0.058
0.133,0.066
0.141,0.071
0.144,0.071
0.154,0.075
0.161,0.077
0.161,0.082
0.166,0.081
0.161,0.080
0.163,0.079
0.158,0.081
0.158,0.079
0.161,0.083
0.158,0.083
0.160,0.085
0.167,0.088
0.170,0.090
0.178,0.097
0.183,0.099
0.186,0.100
0.188,0.101
0.189,0.103
0.191,0.101
0.184,0.104
0.183,0.101
0.181,0.099
0.173,0.100
0.172,0.095
0.170,0.096
0.171,0.096
0.165,0.095
0.164,0.095
0.158,0.095
0.158,0.093
0.156,0.090
0.155,0.091
0.151,0.090
0.147,0.089
0.140,0.089
0.140,0.085
0.139,0.083
0.131,0.083
0.129,0.080
0.126,0.076
0.120,0.077
0.116,0.077
0.118,0.071
0.109,0.070
0.109,0.071
0.100,0.068
0.100,0.064
0.095,0.064
0.089,0.061
0.084,0.058
0.080,0.052
0.070,0.050
0.058,0.046
0.052,0.038
0.043,0.036
0.033,0.031
0.023,0.032
0.016,0.027
0.014,0.021
0.011,0.021
0.009,0.022
0.004,0.019
0.004,0.016
0.004,0.015
-0.000,0.012
-0.011,0.011
-0.013,0.005
-0.021,0.001
-0.026,-0.002
-0.039,-0.005
-0.041,-0.008
-0.041,-0.011
-0.042,-0.012
-0.043,-0.012
-0.051,-0.013
-0.054,-0.014
-0.050,-0.017
-0.053,-0.022
-0.057,-0.021
-0.062,-0.024
-0.063,-0.030
-0.070,-0.030
-0.086,-0.033
-0.091,-0.035
-0.094,-0.044
-0.095,-0.046
-0.102,-0.045
-0.104,-0.045
-0.096,-0.047
-0.097,-0.047
-0.092,-0.048
-0.093,-0.047
-0.096,-0.048
-0.099,-0.051
-0.098,-0.053
-0.108,-0.057
-0.110,-0.057
-0.108,-0.060
-0.106,-0.058
-0.107,-0.054
-0.106,-0.055
-0.104,-0.060
-0.102,-0.059
-0.098,-0.058
-0.095,-0.056
-0.091,-0.052
-0.089,-0.053
-0.084,-0.052
-0.084,-0.050
-0.084,-0.053
-0.077,-0.050
-0.077,-0.051
-0.073,-0.048
-0.073,-0.045
-0.072,-0.046
-0.066,-0.044
-0.064,-0.044
-0.065,-0.042
-0.058,-0.042
-0.056,-0.041
-0.053,-0.039
-0.050,-0.038
-0.046,-0.032
-0.043,-0.036
-0.042,-0.035
-0.038,-0.031
-0.033,-0.032
-0.034,-0.026
-0.030,-0.026
-0.026,-0.026
-0.028,-0.023
-0.020,-0.020
-0.015,-0.015
-0.010,-0.017
-0.004,-0.012
0.003,-0.008
0.020,-0.002
0.025,-0.001
0.030,0.005
0.040,0.008
0.045,0.013
0.050,0.016
0.054,0.017
0.058,0.016
0.059,0.019
0.062,0.021
0.063,0.024
0.063,0.025
0.070,0.031
0.073,0.031
0.085,0.033
0.094,0.038
0.096,0.040
0.098,0.044
0.105,0.047
0.111,0.046
0.110,0.049
0.114,0.049
0.113,0.052
0.110,0.054
0.114,0.054
0.116,0.056
0.121,0.062
0.127,0.065
0.129,0.071
0.144,0.070
0.146,0.076
0.153,0.078
0.158,0.081
0.160,0.083
0.159,0.083
0.162,0.085
0.157,0.084
0.159,0.085
0.151,0.086
0.155,0.084
0.155,0.085
0.158,0.088
0.166,0.089
0.172,0.097
0.177,0.097
0.179,0.100
0.184,0.100
0.188,0.103
0.186,0.101
0.189,0.101
0.183,0.104
0.180,0.099
0.175,0.099
0.172,0.094
0.170,0.095
0.165,0.096
0.164,0.093
0.160,0.094
0.156,0.095
0.158,0.095
0.157,0.093
0.156,0.091
0.152,0.092
0.146,0.090
0.147,0.088
0.141,0.086
0.139,0.086
0.137,0.084
0.129,0.081
0.128,0.081
0.121,0.080
0.118,0.078
0.115,0.074
0.109,0.073
0.109,0.070
0.102,0.068
0.101,0.067
0.096,0.063
0.093,0.063
0.088,0.058
0.078,0.056
0.073,0.052
0.064,0.044
0.058,0.043
0.048,0.040
0.035,0.038
0.026,0.033
0.022,0.026
0.015,0.025
0.011,0.022
0.007,0.020
0.009,0.019
0.009,0.018
0.001,0.018
-0.004,0.014
-0.008,0.011
-0.012,0.007
-0.018,0.004
-0.022,0.000
-0.031,-0.004
-0.035,-0.008
-0.041,-0.011
-0.046,-0.009
-0.050,-0.013
-0.051,-0.014
-0.048,-0.015
-0.054,-0.019
-0.054,-0.018
-0.050,-0.023
-0.053,-0.026
-0.058,-0.025
-0.066,-0.030
-0.072,-0.032
-0.084,-0.036
-0.088,-0.041
-0.094,-0.043
-0.099,-0.045
-0.097,-0.050
-0.095,-0.047
-0.094,-0.046
-0.092,-0.045
-0.095,-0.046
-0.092,-0.047
-0.094,-0.052
-0.098,-0.053
-0.099,-0.054
-0.105,-0.055
-0.100,-0.055
-0.103,-0.056
-0.102,-0.057
-0.101,-0.060
-0.101,-0.057
-0.099,-0.055
-0.091,-0.058
-0.090,-0.053
-0.090,-0.052
-0.087,-0.053
-0.085,-0.053
-0.083,-0.051
-0.075,-0.054
-0.075,-0.049
-0.078,-0.047
-0.071,-0.049
-0.067,-0.049
-0.066,-0.050
-0.064,-0.045
-0.064,-0.044
-0.058,-0.043
-0.059,-0.042
-0.058,-0.043
-0.054,-0.039
-0.047,-0.038
-0.045,-0.035
-0.040,-0.036
-0.038,-0.033
-0.032,-0.033
-0.032,-0.031
-0.029,-0.028
-0.029,-0.029
-0.025,-0.028
-0.020,-0.026
-0.018,-0.023
-0.014,-0.021
-0.008,-0.018
-0.005,-0.016
0.001,-0.014
0.015,-0.009
0.021,-0.004
0.033,-0.001
0.036,0.005
0.045,0.010
0.052,0.010
0.055,0.013
0.059,0.014
0.065,0.015
0.063,0.017
0.065,0.019
0.068,0.021
0.071,0.026
0.075,0.027
0.080,0.032
0.089,0.034
0.097,0.039
0.104,0.043
0.104,0.045
0.107,0.045
0.111,0.048
0.117,0.049
0.119,0.053
0.116,0.053
0.117,0.054
0.117,0.054
0.123,0.055
0.129,0.060
0.128,0.066
0.139,0.062
0.144,0.069
0.153,0.072
0.159,0.075
0.160,0.082
0.166,0.079
0.164,0.084
0.163,0.081
0.164,0.082
0.158,0.081
0.156,0.082
0.159,0.085
0.162,0.086
0.164,0.088
0.168,0.094
0.173,0.095
0.180,0.098
0.183,0.100
0.189,0.102
0.189,0.103
0.188,0.104
0.185,0.102
0.185,0.101
0.178,0.100
0.176,0.098
0.173,0.098
0.167,0.098
0.163,0.095
0.162,0.096
0.161,0.093
0.160,0.093
0.162,0.092
0.155,0.090
0.154,0.090
0.152,0.089
0.150,0.085
0.141,0.088
0.139,0.085
0.139,0.083
0.134,0.082
0.132,0.082
0.125,0.081
0.123,0.078
0.118,0.074
0.114,0.073
0.109,0.072
0.110,0.068
0.108,0.066
0.098,0.066
0.096,0.065
0.092,0.062
0.086,0.058
0.078,0.056
0.074,0.052
0.066,0.048
0.056,0.044
0.041,0.040
0.040,0.033
0.029,0.028
0.023,0.024
0.017,0.020
0.016,0.020
0.007,0.020
0.004,0.018
0.006,0.016
0.001,0.014
-0.003,0.012
-0.006,0.009
-0.014,0.005
-0.021,0.003
-0.026,-0.002
-0.030,-0.005
-0.036,-0.007
-0.043,-0.007
-0.042,-0.009
-0.044,-0.012
-0.050,-0.015
-0.053,-0.015
-0.054,-0.019
-0.054,-0.020
-0.056,-0.023
-0.055,-0.024
-0.061,-0.026
-0.072,-0.029
-0.080,-0.035
-0.086,-0.039
-0.095,-0.042
-0.097,-0.046
-0.098,-0.047
-0.099,-0.045
-0.098,-0.046
-0.098,-0.044
-0.099,-0.044
-0.095,-0.048
-0.096,-0.050
-0.096,-0.049
-0.101,-0.051
-0.105,-0.054
-0.105,-0.054
-0.106,-0.056
-0.109,-0.055
-0.106,-0.059
-0.108,-0.055
-0.105,-0.057
-0.101,-0.055
-0.095,-0.053
-0.092,-0.053
-0.090,-0.053
-0.090,-0.055
-0.085,-0.052
-0.083,-0.052
-0.081,-0.051
-0.080,-0.050
-0.076,-0.051
-0.072,-0.049
-0.072,-0.047
-0.070,-0.047
-0.063,-0.045
-0.067,-0.046
-0.060,-0.046
-0.056,-0.046
-0.053,-0.044
-0.051,-0.040
-0.051,-0.039
-0.047,-0.039
-0.042,-0.036
-0.040,-0.035
-0.034,-0.035
-0.036,-0.032
-0.034,-0.028
-0.031,-0.028
-0.028,-0.029
-0.021,-0.029
-0.019,-0.025
-0.016,-0.025
-0.015,-0.021
-0.005,-0.021
0.002,-0.012
0.007,-0.010
0.020,-0.005
0.028,-0.004
0.043,0.003
0.048,0.008
0.052,0.009
0.055,0.011
0.057,0.013
0.053,0.011
0.056,0.015
0.061,0.015
0.067,0.022
0.069,0.024
0.075,0.031
0.081,0.030
0.090,0.034
0.097,0.041
0.105,0.039
0.106,0.044
0.108,0.046
0.111,0.048
0.111,0.051
0.110,0.050
0.110,0.051
0.114,0.051
0.119,0.052
0.119,0.059
0.122,0.058
0.131,0.060
0.137,0.066
0.144,0.072
0.153,0.074
0.155,0.078
0.161,0.077
0.162,0.079
0.163,0.080
0.163,0.080
0.160,0.084
0.155,0.081
0.152,0.080
0.154,0.082
0.162,0.082
0.167,0.087
0.171,0.091
0.175,0.093
0.178,0.095
0.187,0.097
0.190,0.100
0.188,0.101
0.185,0.101
0.187,0.100
0.181,0.100
0.180,0.097
0.177,0.098
0.171,0.101
0.168,0.096
0.161,0.096
0.163,0.096
0.161,0.095
0.157,0.097
0.154,0.094
0.153,0.095
0.152,0.091
0.150,0.088
0.148,0.091
0.140,0.088
0.139,0.086
0.137,0.086
0.135,0.082
0.129,0.081
0.119,0.080
0.122,0.079
0.114,0.077
0.109,0.074
0.109,0.071
0.106,0.070
0.102,0.070
0.095,0.065
0.090,0.063
0.091,0.060
0.083,0.061
0.079,0.056
0.071,0.050
0.063,0.049
0.047,0.046
0.040,0.038
0.031,0.033
0.022,0.028
0.019,0.027
0.012,0.024
0.009,0.022
0.012,0.022
0.008,0.020
0.008,0.017
-0.001,0.014
-0.003,0.010
-0.008,0.011
-0.019,0.009
-0.021,0.002
-0.027,-0.001
-0.037,-0.004
-0.043,-0.007
-0.042,-0.010
-0.044,-0.014
-0.047,-0.015
-0.053,-0.014
-0.051,-0.017
-0.051,-0.020
-0.054,-0.021
-0.057,-0.021
-0.057,-0.020
-0.066,-0.025
-0.068,-0.031
-0.081,-0.036
-0.091,-0.040
-0.091,-0.045
-0.097,-0.046
-0.093,-0.045
-0.099,-0.044
-0.099,-0.044
-0.097,-0.048
-0.098,-0.047
-0.094,-0.046
-0.090,-0.047
-0.096,-0.048
-0.099,-0.051
-0.102,-0.053
-0.105,-0.052
-0.108,-0.056
-0.108,-0.057
-0.104,-0.058
-0.105,-0.060
-0.106,-0.056
-0.098,-0.056
-0.096,-0.053
-0.091,-0.054
-0.089,-0.050
-0.087,-0.052
-0.086,-0.054
-0.078,-0.051
-0.082,-0.046
-0.079,-0.050
-0.074,-0.049
-0.080,-0.049
-0.070,-0.047
-0.068,-0.044
-0.070,-0.045
-0.061,-0.045
-0.062,-0.045
-0.060,-0.042
-0.058,-0.042
-0.053,-0.041
-0.048,-0.040
-0.051,-0.036
-0.042,-0.035
-0.036,-0.032
-0.037,-0.027
-0.036,-0.027
-0.033,-0.030
-0.031,-0.026
-0.025,-0.027
-0.023,-0.021
-0.021,-0.020
-0.014,-0.020
-0.009,-0.016
-0.003,-0.013
0.004,-0.007
0.017,-0.007
0.023,-0.000
0.033,0.005
0.038,0.009
0.048,0.008
0.051,0.012
0.054,0.015
0.056,0.021
0.058,0.019
0.061,0.020
0.063,0.022
0.066,0.026
0.075,0.025
0.083,0.029
0.085,0.035
0.092,0.040
0.100,0.044
0.105,0.044
0.106,0.048
0.115,0.047
0.119,0.050
0.114,0.052
0.115,0.051
0.118,0.054
0.118,0.052
0.119,0.059
0.122,0.062
0.128,0.060
0.135,0.068
0.146,0.072
0.155,0.077
0.157,0.081
0.161,0.082
0.164,0.085
0.164,0.084
0.165,0.086
0.160,0.087
0.159,0.084
0.159,0.087
0.160,0.085
0.160,0.089
0.160,0.091
0.166,0.092
0.170,0.094
0.178,0.101
0.185,0.103
0.183,0.107
0.188,0.108
0.187,0.105
0.188,0.106
0.182,0.104
0.180,0.102
0.179,0.101
0.172,0.102
0.171,0.100
0.169,0.102
0.168,0.098
0.164,0.099
0.160,0.101
0.156,0.098
0.156,0.099
0.152,0.093
0.152,0.092
0.148,0.092
0.143,0.091
0.141,0.090
0.138,0.087
0.137,0.086
0.130,0.086
0.126,0.083
0.122,0.081
0.117,0.080
0.117,0.078
0.113,0.075
0.108,0.073
0.102,0.073
0.101,0.070
0.097,0.064
0.092,0.066
0.089,0.063
0.083,0.057
0.074,0.057
0.070,0.053
0.057,0.049
0.049,0.043
0.044,0.038
0.030,0.033
0.024,0.030
0.019,0.029
0.013,0.026
0.013,0.022
0.009,0.022
0.005,0.022
0.006,0.017
0.002,0.014
-0.007,0.013
-0.008,0.004
-0.014,0.004
-0.021,0.001
-0.030,-0.002
-0.037,-0.005
-0.042,-0.010
-0.045,-0.013
-0.046,-0.014
-0.048,-0.013
-0.050,-0.016
-0.049,-0.018
-0.047,-0.019
-0.048,-0.019
-0.055,-0.021
-0.064,-0.026
-0.063,-0.030
-0.079,-0.036
-0.084,-0.039
-0.089,-0.044
-0.095,-0.046
-0.095,-0.048
-0.096,-0.046
-0.094,-0.050
-0.092,-0.048
-0.095,-0.050
-0.089,-0.050
-0.095,-0.050
-0.094,-0.051
-0.095,-0.053
-0.097,-0.054
-0.099,-0.053
-0.105,-0.056
-0.103,-0.059
-0.104,-0.062
-0.101,-0.061
-0.098,-0.061
-0.092,-0.058
-0.095,-0.053
-0.093,-0.057
-0.086,-0.058
-0.085,-0.053
-0.085,-0.056
-0.077,-0.054
-0.078,-0.053
-0.074,-0.054
-0.075,-0.052
-0.073,-0.050
-0.067,-0.048
-0.068,-0.045
-0.064,-0.045
-0.058,-0.044
-0.059,-0.043
-0.055,-0.044
-0.057,-0.041
-0.053,-0.038
-0.048,-0.039
-0.039,-0.036
-0.041,-0.036
-0.037,-0.033
-0.035,-0.033
-0.035,-0.032
-0.033,-0.030
-0.032,-0.027
-0.026,-0.028
-0.021,-0.023
-0.022,-0.023
-0.013,-0.019
-0.008,-0.019
-0.004,-0.015
0.003,-0.008
0.009,-0.008
0.020,-0.003
0.026,0.001
0.036,0.006
0.045,0.007
0.046,0.011
0.055,0.013
0.058,0.019
0.064,0.015
0.061,0.018
0.061,0.022
0.068,0.025
0.070,0.025
0.074,0.029
0.085,0.029
0.089,0.036
0.093,0.041
0.103,0.043
0.107,0.044
0.108,0.045
0.117,0.051
0.112,0.050
0.116,0.050
0.114,0.054
0.116,0.056
0.121,0.057
0.121,0.063
0.126,0.062
0.126,0.069
0.137,0.069
0.146,0.075
0.150,0.081
0.155,0.082
0.163,0.085
0.163,0.087
0.165,0.085
0.164,0.085
0.160,0.086
0.159,0.085
0.160,0.084
0.161,0.088
0.161,0.089
0.164,0.092
0.170,0.094
0.175,0.099
0.181,0.102
0.185,0.103
0.192,0.102
0.188,0.104
0.187,0.102
0.186,0.106
0.184,0.102
0.182,0.101
0.176,0.102
0.172,0.100
0.169,0.098
0.169,0.098
0.167,0.100
0.161,0.097
0.159,0.097
0.158,0.096
0.154,0.095
0.151,0.097
0.151,0.092
0.149,0.091
0.144,0.092
0.142,0.089
0.138,0.089
0.133,0.086
0.131,0.085
0.125,0.083
0.119,0.078
0.115,0.077
0.113,0.078
0.108,0.075
0.103,0.072
0.099,0.070
0.097,0.069
0.090,0.065
0.086,0.061
0.085,0.058
0.080,0.058
0.070,0.056
0.060,0.050
0.051,0.043
0.040,0.039
0.033,0.037
0.028,0.030
0.018,0.030
0.013,0.026
0.006,0.026
0.007,0.022
0.007,0.019
0.002,0.019
-0.004,0.020
-0.006,0.016
-0.009,0.011
-0.014,0.010
-0.020,0.005
-0.032,0.001
-0.038,-0.002
-0.041,-0.007
-0.046,-0.010
-0.051,-0.008
-0.048,-0.012
-0.049,-0.016
-0.049,-0.015
-0.050,-0.015
-0.055,-0.016
-0.055,-0.017
-0.059,-0.020
-0.062,-0.027
-0.070,-0.031
-0.078,-0.031
-0.085,-0.036
-0.091,-0.038
-0.095,-0.040
-0.097,-0.043
-0.099,-0.041
-0.102,-0.043
-0.096,-0.047
-0.096,-0.044
-0.095,-0.045
-0.094,-0.049
-0.090,-0.050
-0.097,-0.049
-0.102,-0.052
-0.106,-0.052
-0.105,-0.058
-0.107,-0.056
-0.104,-0.056
-0.104,-0.057
-0.101,-0.054
-0.100,-0.054
-0.094,-0.054
-0.091,-0.053
-0.091,-0.049
-0.086,-0.053
-0.082,-0.049
-0.079,-0.049
-0.080,-0.047
-0.077,-0.050
-0.075,-0.048
-0.075,-0.046
-0.067,-0.045
-0.070,-0.045
-0.064,-0.048
-0.062,-0.043
-0.060,-0.044
-0.060,-0.038
-0.057,-0.038
-0.054,-0.040
-0.051,-0.038
-0.048,-0.037
-0.041,-0.034
-0.040,-0.034
-0.037,-0.031
-0.037,-0.029
-0.033,-0.028
-0.028,-0.029
-0.026,-0.024
-0.022,-0.023
-0.020,-0.023
-0.017,-0.021
-0.007,-0.018
-0.005,-0.016
0.005,-0.014
0.009,-0.005
0.022,-0.001
0.032,0.004
0.037,0.005
0.046,0.012
0.051,0.011
0.056,0.018
0.055,0.014
0.058,0.017
0.062,0.019
0.063,0.022
0.067,0.023
0.067,0.024
0.076,0.027
0.080,0.034
0.088,0.037
0.098,0.038
0.104,0.042
0.107,0.044
0.109,0.048
0.108,0.049
0.113,0.048
0.111,0.052
0.118,0.054
0.118,0.055
0.119,0.057
0.120,0.056
0.123,0.059
0.132,0.062
0.141,0.069
0.148,0.077
0.154,0.075
0.161,0.078
0.161,0.078
0.165,0.077
0.165,0.082
0.159,0.080
0.157,0.083
0.159,0.083
0.157,0.084
0.160,0.086
0.158,0.087
0.167,0.087
0.171,0.091
0.182,0.095
0.185,0.097
0.189,0.101
0.190,0.104
0.189,0.100
0.188,0.103
0.181,0.099
0.183,0.102
0.178,0.103
0.173,0.098
0.171,0.099
0.169,0.097
0.172,0.096
0.165,0.098
0.162,0.101
0.162,0.096
0.159,0.097
0.155,0.097
0.151,0.094
0.150,0.093
0.149,0.092
0.145,0.090
0.141,0.092
0.136,0.086
0.134,0.084
0.130,0.080
0.126,0.081
0.122,0.078
0.120,0.077
0.119,0.079
0.109,0.078
0.102,0.073
0.101,0.068
0.098,0.067
0.094,0.062
0.086,0.060
0.087,0.059
0.080,0.056
0.070,0.052
0.061,0.045
0.053,0.039
0.043,0.037
0.035,0.033
0.025,0.029
0.022,0.026
0.011,0.027
0.014,0.024
0.011,0.020
0.008,0.018
0.000,0.019
0.002,0.014
0.000,0.012
-0.006,0.010
-0.013,0.007
-0.021,0.003
-0.027,-0.002
-0.030,-0.007
-0.037,-0.008
-0.040,-0.008
-0.045,-0.009
-0.045,-0.014
-0.043,-0.015
-0.049,-0.014
-0.050,-0.014
-0.048,-0.018
-0.052,-0.020
-0.056,-0.022
-0.063,-0.025
-0.070,-0.032
-0.079,-0.038
-0.085,-0.038
-0.090,-0.041
-0.098,-0.046
-0.096,-0.047
-0.096,-0.047
-0.099,-0.046
-0.097,-0.046
-0.094,-0.048
-0.091,-0.048
-0.089,-0.047
-0.098,-0.050
-0.100,-0.053
-0.101,-0.055
-0.104,-0.058
-0.106,-0.057
-0.103,-0.059
-0.103,-0.056
-0.102,-0.055
-0.103,-0.055
-0.096,-0.058
-0.092,-0.053
-0.090,-0.055
-0.085,-0.054
-0.078,-0.050
-0.080,-0.050
-0.081,-0.051
-0.075,-0.051
-0.076,-0.051
-0.071,-0.050
-0.070,-0.047
-0.066,-0.046
-0.065,-0.048
-0.065,-0.044
-0.064,-0.043
-0.056,-0.042
-0.059,-0.040
-0.052,-0.042
-0.049,-0.038
-0.046,-0.038
-0.040,-0.034
-0.040,-0.031
-0.039,-0.031
-0.037,-0.031
-0.033,-0.030
-0.028,-0.028
-0.028,-0.027
-0.027,-0.027
-0.017,-0.026
-0.014,-0.026
-0.010,-0.018
-0.008,-0.017
0.003,-0.017
0.007,-0.008
0.018,-0.006
0.027,0.000
0.035,0.004
0.041,0.007
0.047,0.010
0.057,0.014
0.055,0.014
0.056,0.017
0.062,0.018
0.061,0.018
0.063,0.021
0.069,0.025
0.079,0.027
0.082,0.033
0.085,0.036
0.096,0.039
0.102,0.042
0.105,0.042
0.112,0.046
0.111,0.048
0.115,0.048
0.113,0.051
0.118,0.052
0.119,0.055
0.115,0.056
0.119,0.057
0.119,0.060
0.132,0.063
0.137,0.068
0.140,0.076
0.149,0.076
0.155,0.078
0.163,0.080
0.165,0.081
0.166,0.084
0.159,0.084
0.161,0.081
0.158,0.083
0.156,0.081
0.157,0.083
0.156,0.085
0.160,0.083
0.166,0.089
0.174,0.094
0.181,0.095
0.189,0.101
0.189,0.105
0.190,0.102
0.189,0.102
0.186,0.100
0.184,0.100
0.178,0.102
0.178,0.098
0.171,0.100
0.169,0.100
0.168,0.098
0.164,0.099
0.161,0.099
0.161,0.094
0.160,0.095
0.154,0.094
0.155,0.093
0.155,0.090
0.150,0.090
0.147,0.093
0.141,0.090
0.138,0.088
0.135,0.085
0.129,0.083
0.126,0.081
0.124,0.080
0.121,0.081
0.114,0.076
0.108,0.072
0.110,0.072
0.105,0.070
0.102,0.072
0.095,0.069
0.093,0.065
0.088,0.064
0.077,0.062
0.074,0.056
0.065,0.050
0.057,0.047
0.046,0.044
0.035,0.038
0.029,0.036
0.021,0.030
0.018,0.030
0.009,0.027
0.010,0.023
0.007,0.021
0.003,0.024
0.005,0.020
-0.002,0.017
-0.005,0.011
-0.009,0.012
-0.019,0.006
-0.028,0.004
-0.031,-0.002
-0.036,-0.004
-0.041,-0.008
-0.046,-0.009
-0.046,-0.010
-0.049,-0.011
-0.052,-0.011
-0.051,-0.012
-0.049,-0.013
-0.052,-0.017
-0.056,-0.020
-0.059,-0.024
-0.065,-0.027
-0.076,-0.031
-0.083,-0.036
-0.087,-0.039
-0.094,-0.041
-0.101,-0.042
-0.096,-0.044
-0.099,-0.046
-0.098,-0.047
-0.096,-0.045
-0.096,-0.048
-0.094,-0.048
-0.095,-0.050
-0.096,-0.051
-0.101,-0.051
-0.104,-0.058
-0.102,-0.058
-0.108,-0.059
-0.107,-0.058
-0.107,-0.055
-0.102,-0.058
-0.102,-0.056
-0.097,-0.056
-0.096,-0.054
-0.086,-0.053
-0.083,-0.054
-0.085,-0.051
-0.081,-0.052
-0.078,-0.054
-0.078,-0.050
-0.078,-0.049
-0.074,-0.048
-0.072,-0.045
-0.069,-0.047
-0.067,-0.045
-0.064,-0.043
-0.061,-0.044
-0.061,-0.039
-0.053,-0.043
-0.053,-0.040
-0.050,-0.038
-0.045,-0.037
-0.040,-0.035
-0.041,-0.033
-0.035,-0.035
-0.032,-0.031
-0.030,-0.030
-0.026,-0.027
-0.027,-0.022
-0.021,-0.027
-0.022,-0.022
-0.014,-0.023
-0.008,-0.017
-0.009,-0.016
0.000,-0.014
0.012,-0.008
0.018,-0.002
0.024,0.001
0.035,0.004
0.043,0.008
0.052,0.014
0.052,0.017
0.054,0.017
0.055,0.017
0.057,0.022
0.061,0.022
0.064,0.023
0.071,0.026
0.075,0.032
0.082,0.036
0.085,0.036
0.093,0.037
0.103,0.042
0.105,0.046
0.109,0.049
0.110,0.048
0.114,0.049
0.117,0.050
0.118,0.054
0.117,0.056
0.116,0.053
0.120,0.060
0.125,0.061
0.129,0.065
0.141,0.071
0.148,0.072
0.155,0.076
0.155,0.080
0.161,0.080
0.167,0.084
0.163,0.086
0.165,0.083
0.158,0.082
0.160,0.081
0.159,0.084
0.157,0.086
0.159,0.085
0.161,0.089
0.172,0.091
0.178,0.096
0.180,0.100
0.186,0.104
0.188,0.102
0.187,0.103
0.190,0.105
0.184,0.103
0.183,0.103
0.175,0.102
0.177,0.100
0.169,0.101
0.168,0.097
0.169,0.101
0.164,0.097
0.161,0.098
0.163,0.095
0.157,0.095
0.153,0.096
0.153,0.093
0.150,0.091
0.148,0.091
0.144,0.091
0.139,0.089
0.140,0.084
0.134,0.084
0.125,0.081
0.127,0.081
0.123,0.077
0.118,0.078
0.116,0.074
0.108,0.072
0.106,0.069
0.101,0.066
0.099,0.069
0.094,0.064
0.090,0.061
0.085,0.060
0.075,0.055
0.070,0.051
0.060,0.046
0.049,0.044
0.046,0.038
0.035,0.034
0.028,0.030
0.019,0.026
0.017,0.023
0.011,0.021
0.010,0.019
0.007,0.018
0.000,0.016
0.001,0.012
-0.002,0.010
-0.005,0.010
-0.013,0.008
-0.020,0.003
-0.026,-0.002
-0.036,-0.006
-0.045,-0.008
-0.040,-0.010
-0.045,-0.012
-0.046,-0.012
-0.051,-0.014
-0.053,-0.016
-0.056,-0.014
-0.054,-0.019
-0.053,-0.021
-0.060,-0.022
-0.067,-0.025
-0.073,-0.032
-0.080,-0.034
-0.090,-0.039
-0.095,-0.041
-0.094,-0.046
-0.096,-0.050
-0.102,-0.047
-0.100,-0.047
-0.100,-0.047
-0.094,-0.047
-0.093,-0.048
-0.089,-0.050
-0.096,-0.051
-0.101,-0.055
-0.101,-0.059
-0.104,-0.058
-0.104,-0.057
-0.106,-0.058
-0.101,-0.060
-0.104,-0.056
-0.103,-0.057
-0.100,-0.056
-0.096,-0.055
-0.090,-0.057
-0.088,-0.052
-0.086,-0.052
-0.086,-0.051
-0.080,-0.052
-0.078,-0.050
-0.074,-0.050
-0.073,-0.047
-0.076,-0.047
-0.070,-0.048
-0.066,-0.044
-0.068,-0.046
-0.061,-0.042
-0.058,-0.041
-0.060,-0.042
-0.057,-0.042
-0.054,-0.038
-0.050,-0.038
-0.046,-0.035
-0.042,-0.033
-0.037,-0.033
-0.032,-0.034
-0.036,-0.032
-0.031,-0.032
-0.022,-0.028
-0.024,-0.027
-0.022,-0.025
-0.014,-0.022
-0.013,-0.019
-0.013,-0.015
-0.003,-0.014
0.004,-0.009
0.013,-0.002
0.023,0.001
0.032,0.004
0.039,0.008
0.045,0.010
0.052,0.015
0.053,0.013
0.056,0.016
0.061,0.020
0.060,0.021
0.065,0.021
0.066,0.024
0.069,0.028
0.077,0.031
0.081,0.034
0.089,0.037
0.092,0.040
0.106,0.042
0.108,0.046
0.109,0.049
0.111,0.046
0.112,0.049
0.112,0.051
0.121,0.051
0.118,0.055
0.119,0.054
0.118,0.058
0.129,0.061
0.135,0.065
0.139,0.071
0.148,0.073
0.154,0.078
0.159,0.078
0.162,0.080
0.169,0.085
0.160,0.082
0.166,0.081
0.162,0.083
0.158,0.084
0.159,0.084
0.157,0.085
0.164,0.086
0.162,0.089
0.172,0.093
0.181,0.097
0.187,0.101
0.190,0.102
0.188,0.101
0.188,0.102
0.186,0.101
0.184,0.103
0.180,0.102
0.178,0.096
0.174,0.099
0.167,0.099
0.171,0.099
0.162,0.099
0.166,0.095
0.168,0.094
0.160,0.097
0.152,0.096
0.154,0.093
0.155,0.089
0.149,0.089
0.145,0.091
0.141,0.086
0.143,0.084
0.135,0.084
0.131,0.083
0.132,0.078
0.125,0.078
0.119,0.080
0.113,0.078
0.112,0.072
0.108,0.068
0.103,0.070
0.102,0.065
0.100,0.063
0.096,0.064
0.087,0.063
0.082,0.060
0.074,0.055
0.069,0.049
0.060,0.045
0.048,0.040
0.038,0.037
0.031,0.035
0.020,0.031
0.015,0.026
0.016,0.023
0.012,0.021
0.009,0.020
0.007,0.018
0.006,0.016
0.003,0.014
-0.002,0.014
-0.012,0.011
-0.018,0.005
-0.021,-0.001
-0.030,-0.004
-0.039,-0.005
-0.038,-0.013
-0.042,-0.014
-0.045,-0.012
-0.046,-0.015
-0.050,-0.015
-0.050,-0.018
-0.049,-0.017
-0.051,-0.020
-0.056,-0.021
-0.060,-0.024
-0.065,-0.031
-0.068,-0.032
-0.082,-0.035
-0.091,-0.040
-0.092,-0.046
-0.097,-0.047
-0.099,-0.047
-0.097,-0.049
-0.094,-0.049
-0.096,-0.047
-0.092,-0.050
-0.092,-0.052
-0.095,-0.053
-0.095,-0.054
-0.102,-0.058
-0.103,-0.057
-0.105,-0.057
-0.104,-0.059
-0.102,-0.059
-0.106,-0.058
-0.099,-0.058
-0.102,-0.057
-0.095,-0.057
-0.092,-0.056
-0.090,-0.054
-0.086,-0.052
-0.085,-0.052
-0.080,-0.052
-0.079,-0.053
-0.079,-0.053
-0.075,-0.050
-0.074,-0.049
-0.071,-0.049
-0.071,-0.050
-0.068,-0.049
-0.061,-0.046
-0.063,-0.044
-0.058,-0.044
-0.056,-0.043
-0.050,-0.043
-0.047,-0.040
-0.045,-0.037
-0.042,-0.039
-0.043,-0.037
-0.038,-0.036
-0.034,-0.035
-0.028,-0.032
-0.031,-0.031
-0.028,-0.031
-0.022,-0.028
-0.019,-0.027
-0.015,-0.022
-0.010,-0.020
-0.006,-0.016
0.001,-0.016
0.010,-0.009
0.016,-0.005
0.026,-0.001
0.033,0.001
0.044,0.005
0.047,0.011
0.054,0.008
0.055,0.012
0.063,0.016
0.060,0.016
0.060,0.019
0.067,0.022
0.073,0.025
0.075,0.028
0.085,0.027
0.084,0.036
0.092,0.040
0.099,0.040
0.104,0.043
0.108,0.040
0.112,0.044
0.115,0.048
0.113,0.051
0.117,0.052
0.115,0.051
0.116,0.052
0.119,0.054
0.126,0.058
0.129,0.061
0.132,0.063
0.145,0.067
0.153,0.071
0.158,0.076
0.163,0.079
0.163,0.079
0.163,0.077
0.160,0.080
0.162,0.080
0.158,0.084
0.158,0.081
0.159,0.081
0.158,0.081
0.161,0.083
0.167,0.090
0.172,0.091
0.181,0.094
0.186,0.098
0.185,0.099
0.188,0.099
0.187,0.100
0.186,0.101
0.184,0.100
0.181,0.095
0.177,0.095
0.171,0.096
0.170,0.096
0.165,0.096
0.167,0.095
0.161,0.095
0.156,0.091
0.160,0.091
0.159,0.090
0.157,0.092
0.148,0.089
0.146,0.086
0.148,0.086
0.142,0.083
0.138,0.082
0.135,0.080
0.133,0.079
0.128,0.080
0.122,0.078
0.117,0.077
0.117,0.070
0.109,0.071
0.107,0.070
0.101,0.065
0.097,0.065
0.096,0.062
0.091,0.060
0.085,0.057
0.080,0.054
0.073,0.051
0.066,0.046
0.056,0.042
0.047,0.036
0.037,0.033
0.026,0.027
0.020,0.023
0.016,0.021
0.011,0.016
0.009,0.015
0.006,0.016
0.007,0.013
0.002,0.014
0.001,0.011
-0.004,0.008
-0.008,0.003
-0.019,0.001
-0.027,-0.001
-0.034,-0.007
-0.038,-0.010
-0.043,-0.011
-0.045,-0.013
-0.049,-0.012
-0.052,-0.016
-0.050,-0.019
-0.051,-0.018
-0.052,-0.018
-0.054,-0.020
-0.052,-0.024
-0.057,-0.025
-0.068,-0.031
-0.074,-0.036
-0.080,-0.040
-0.088,-0.042
-0.092,-0.044
-0.096,-0.049
-0.099,-0.052
-0.098,-0.050
-0.095,-0.050
-0.094,-0.049
-0.097,-0.048
-0.095,-0.051
-0.093,-0.054
-0.095,-0.053
-0.103,-0.055
-0.105,-0.058
-0.104,-0.058
-0.107,-0.057
-0.105,-0.058
-0.103,-0.063
-0.102,-0.062
-0.099,-0.060
-0.097,-0.060
-0.096,-0.057
-0.092,-0.056
-0.086,-0.055
-0.082,-0.054
-0.081,-0.056
-0.080,-0.054
-0.077,-0.053
-0.073,-0.050
-0.071,-0.052
-0.071,-0.051
-0.065,-0.052
-0.065,-0.048
-0.064,-0.044
-0.062,-0.044
-0.059,-0.044
-0.052,-0.045
-0.053,-0.043
-0.050,-0.040
-0.048,-0.040
-0.044,-0.041
-0.042,-0.034
-0.039,-0.036
-0.035,-0.033
-0.038,-0.030
-0.027,-0.032
-0.027,-0.027
-0.022,-0.026
-0.020,-0.021
-0.016,-0.023
-0.013,-0.019
-0.007,-0.018
0.006,-0.011
0.009,-0.005
0.021,-0.004
0.028,0.001
0.036,0.005
0.043,0.009
0.050,0.009
0.052,0.012
0.060,0.014
0.059,0.017
0.062,0.019
0.063,0.017
0.066,0.023
0.071,0.027
0.077,0.025
0.081,0.032
0.090,0.035
0.097,0.040
0.101,0.043
0.108,0.041
0.106,0.047
0.110,0.048
0.119,0.052
0.114,0.051
0.117,0.050
0.114,0.054
0.118,0.052
0.121,0.058
0.124,0.059
0.132,0.060
0.136,0.069
0.145,0.072
0.150,0.077
0.159,0.078
0.158,0.080
0.163,0.079
0.165,0.079
0.165,0.081
0.157,0.082
0.153,0.086
0.157,0.082
0.155,0.083
0.160,0.083
0.163,0.086
0.169,0.091
0.173,0.092
0.181,0.096
0.185,0.096
0.191,0.098
0.191,0.102
0.189,0.103
0.188,0.099
0.180,0.100
0.181,0.099
0.180,0.101
0.169,0.099
0.172,0.095
0.164,0.095
0.167,0.097
0.161,0.095
0.161,0.094
0.157,0.095
0.153,0.093
0.150,0.089
0.146,0.092
0.148,0.088
0.142,0.087
0.143,0.087
0.141,0.086
0.131,0.085
0.128,0.084
0.126,0.080
0.121,0.077
0.116,0.080
0.112,0.073
0.114,0.074
0.110,0.074
0.103,0.073
0.101,0.068
0.094,0.065
0.093,0.063
0.084,0.061
0.079,0.058
0.072,0.051
0.061,0.047
0.053,0.044
0.044,0.039
0.035,0.034
0.026,0.030
0.021,0.028
0.018,0.024
0.012,0.024
0.012,0.023
0.010,0.020
0.004,0.017
-0.001,0.012
0.003,0.010
-0.007,0.006
-0.014,0.005
-0.020,0.001
-0.025,-0.000
-0.032,-0.006
-0.040,-0.006
-0.038,-0.010
-0.044,-0.015
-0.044,-0.017
-0.050,-0.018
-0.049,-0.016
-0.052,-0.019
-0.050,-0.018
-0.053,-0.021
-0.058,-0.022
-0.065,-0.025
-0.069,-0.031
-0.079,-0.035
-0.084,-0.036
-0.092,-0.042
-0.093,-0.043
-0.098,-0.046
-0.096,-0.045
-0.098,-0.044
-0.099,-0.049
-0.093,-0.050
-0.096,-0.050
-0.093,-0.050
-0.094,-0.048
-0.099,-0.053
-0.099,-0.055
-0.103,-0.054
-0.105,-0.057
-0.106,-0.062
-0.107,-0.060
-0.105,-0.060
-0.105,-0.058
-0.100,-0.056
-0.098,-0.056
-0.091,-0.057
-0.086,-0.057
-0.085,-0.057
-0.085,-0.054
-0.079,-0.052
-0.079,-0.051
-0.077,-0.052
-0.077,-0.054
-0.073,-0.050
-0.068,-0.049
-0.068,-0.043
-0.065,-0.044
-0.062,-0.042
-0.056,-0.043
-0.058,-0.042
-0.056,-0.042
-0.052,-0.040
-0.049,-0.036
-0.047,-0.037
-0.039,-0.038
-0.036,-0.033
-0.039,-0.032
-0.035,-0.031
-0.030,-0.029
-0.026,-0.029
-0.025,-0.025
-0.025,-0.022
-0.018,-0.023
-0.017,-0.019
-0.006,-0.020
-0.000,-0.012
0.005,-0.010
0.016,-0.002
0.023,-0.001
0.035,0.001
0.038,0.008
0.048,0.009
0.053,0.011
0.053,0.016
0.058,0.017
0.060,0.017
0.064,0.016
0.068,0.022
0.068,0.021
0.073,0.028
0.077,0.028
0.083,0.035
0.086,0.037
0.093,0.040
0.101,0.044
0.108,0.047
0.113,0.048
0.109,0.051
0.111,0.052
0.115,0.055
0.114,0.056
0.113,0.055
0.115,0.058
0.119,0.058
0.125,0.062
0.129,0.067
0.139,0.072
0.145,0.075
0.149,0.080
0.158,0.080
0.160,0.083
0.164,0.082
0.162,0.083
0.156,0.084
0.157,0.078
0.155,0.082
0.155,0.080
0.158,0.082
0.159,0.088
0.158,0.089
0.170,0.091
0.176,0.094
0.182,0.096
0.187,0.100
0.189,0.104
0.187,0.100
0.184,0.104
0.179,0.101
0.183,0.100
0.175,0.103
0.174,0.099
0.172,0.097
0.166,0.098
0.160,0.096
0.162,0.097
0.158,0.098
0.154,0.095
0.154,0.094
0.153,0.093
0.146,0.091
0.146,0.091
0.144,0.088
0.146,0.088
0.142,0.087
0.137,0.085
0.131,0.082
0.129,0.081
0.122,0.079
0.117,0.076
0.113,0.074
0.115,0.073
0.103,0.073
0.102,0.071
0.100,0.067
0.092,0.066
0.091,0.063
0.086,0.059
0.079,0.061
0.073,0.057
0.065,0.053
0.060,0.046
0.046,0.043
0.037,0.040
0.033,0.034
0.024,0.032
0.015,0.031
0.008,0.029
0.007,0.025
0.006,0.020
0.004,0.022
0.001,0.022
-0.002,0.015
-0.004,0.012
-0.009,0.012
-0.015,0.007
-0.025,0.006
-0.032,0.003
-0.037,-0.004
-0.044,-0.004
-0.045,-0.007
-0.048,-0.010
-0.047,-0.010
-0.053,-0.010
-0.050,-0.011
-0.050,-0.013
-0.054,-0.019
-0.051,-0.020
-0.062,-0.021
-0.069,-0.025
-0.075,-0.031
-0.082,-0.034
-0.085,-0.037
-0.097,-0.041
-0.100,-0.044
-0.100,-0.047
-0.101,-0.045
-0.099,-0.043
-0.100,-0.044
-0.095,-0.048
-0.094,-0.047
-0.096,-0.048
-0.096,-0.050
-0.101,-0.050
-0.104,-0.053
-0.107,-0.055
-0.110,-0.055
-0.108,-0.058
-0.106,-0.058
-0.105,-0.054
-0.102,-0.057
-0.098,-0.056
-0.099,-0.054
-0.089,-0.054
-0.087,-0.053
-0.087,-0.051
-0.080,-0.051
-0.078,-0.051
-0.081,-0.050
-0.077,-0.050
-0.070,-0.047
-0.076,-0.047
-0.072,-0.047
-0.067,-0.046
-0.063,-0.046
-0.060,-0.043
-0.061,-0.040
-0.056,-0.043
-0.053,-0.040
-0.053,-0.039
-0.050,-0.036
-0.044,-0.036
-0.041,-0.035
-0.037,-0.034
-0.037,-0.031
-0.031,-0.031
-0.029,-0.026
-0.030,-0.022
-0.023,-0.025
-0.026,-0.022
-0.019,-0.024
-0.012,-0.019
-0.008,-0.015
-0.001,-0.012
0.006,-0.008
0.016,-0.003
0.026,0.002
0.034,0.006
0.044,0.007
0.049,0.014
0.052,0.016
0.056,0.016
0.058,0.019
0.063,0.022
0.061,0.022
0.063,0.025
0.068,0.028
0.077,0.030
0.079,0.034
0.086,0.037
0.090,0.043
0.099,0.044
0.104,0.045
0.108,0.050
0.111,0.049
0.116,0.052
0.113,0.053
0.118,0.053
0.115,0.058
0.118,0.056
0.122,0.058
0.123,0.060
0.129,0.066
0.138,0.069
0.144,0.073
0.150,0.078
0.154,0.081
0.161,0.081
0.167,0.084
0.163,0.086
0.160,0.080
0.156,0.081
0.159,0.082
0.157,0.085
0.159,0.085
0.159,0.086
0.160,0.089
0.169,0.092
0.176,0.099
0.181,0.101
0.184,0.101
0.188,0.102
0.186,0.103
0.191,0.103
0.188,0.103
0.183,0.102
0.179,0.101
0.172,0.101
0.174,0.097
0.171,0.100
0.165,0.099
0.167,0.098
0.165,0.095
0.162,0.096
0.159,0.091
0.158,0.094
0.155,0.094
0.149,0.090
0.146,0.091
0.147,0.089
0.142,0.088
0.137,0.086
0.133,0.084
0.133,0.080
0.125,0.081
0.121,0.080
0.113,0.079
0.112,0.075
0.111,0.077
0.108,0.071
0.103,0.068
0.100,0.066
0.096,0.067
0.089,0.066
0.087,0.059
0.084,0.058
0.077,0.056
0.065,0.049
0.057,0.044
0.048,0.041
0.035,0.039
0.025,0.033
0.020,0.026
0.017,0.024
0.012,0.024
0.010,0.023
0.009,0.020
0.007,0.017
0.004,0.018
-0.003,0.016
-0.006,0.012
-0.009,0.007
-0.020,0.005
-0.025,-0.001
-0.032,-0.004
-0.034,-0.008
-0.038,-0.009
-0.044,-0.008
-0.048,-0.010
-0.046,-0.015
-0.049,-0.017
-0.049,-0.016
-0.051,-0.017
-0.055,-0.022
-0.058,-0.025
-0.062,-0.025
-0.070,-0.027
-0.075,-0.034
-0.083,-0.038
-0.088,-0.042
-0.099,-0.042
-0.098,-0.046
-0.096,-0.047
-0.098,-0.046
-0.096,-0.041
-0.095,-0.042
-0.098,-0.045
-0.093,-0.046
-0.092,-0.050
-0.094,-0.052
-0.102,-0.053
-0.104,-0.054
-0.106,-0.054
-0.106,-0.055
-0.105,-0.055
-0.103,-0.059
-0.104,-0.056
-0.103,-0.053
-0.099,-0.056
-0.092,-0.053
-0.090,-0.051
-0.087,-0.053
-0.086,-0.050
-0.084,-0.052
-0.080,-0.049
-0.079,-0.048
-0.077,-0.046
-0.074,-0.049
-0.074,-0.044
-0.071,-0.045
-0.069,-0.043
-0.068,-0.042
-0.064,-0.045
-0.059,-0.040
-0.059,-0.040
-0.055,-0.036
-0.053,-0.036
-0.047,-0.040
-0.045,-0.036
-0.041,-0.033
-0.039,-0.032
-0.038,-0.031
-0.036,-0.027
-0.026,-0.030
-0.027,-0.027
-0.018,-0.028
-0.017,-0.022
-0.015,-0.019
-0.008,-0.018
-0.003,-0.014
0.003,-0.010
0.010,-0.004
0.022,-0.005
0.032,0.003
0.042,0.006
0.045,0.012
0.049,0.011
0.053,0.014
0.058,0.017
0.056,0.022
0.065,0.019
0.061,0.021
0.065,0.024
0.070,0.030
0.073,0.029
0.081,0.035
0.090,0.036
0.095,0.040
0.100,0.046
0.105,0.046
0.111,0.048
0.112,0.046
0.117,0.049
0.112,0.055
0.112,0.053
0.113,0.055
0.113,0.054
0.122,0.058
0.123,0.062
0.134,0.064
0.139,0.070
0.147,0.074
0.155,0.078
0.158,0.081
0.160,0.083
0.165,0.081
0.168,0.082
0.160,0.083
0.157,0.085
0.157,0.086
0.155,0.081
0.158,0.084
0.163,0.086
0.167,0.090
0.170,0.094
0.175,0.097
0.182,0.098
0.185,0.102
0.190,0.102
0.193,0.104
0.188,0.106
0.183,0.104
0.182,0.103
0.178,0.101
0.174,0.101
0.167,0.103
0.168,0.097
0.168,0.099
0.162,0.100
0.160,0.097
0.162,0.098
0.158,0.094
0.154,0.097
0.150,0.094
0.153,0.092
0.147,0.089
0.141,0.088
0.141,0.088
0.137,0.086
0.136,0.086
0.131,0.084
0.123,0.082
0.123,0.080
0.116,0.076
0.115,0.078
0.109,0.071
0.104,0.072
0.102,0.070
0.097,0.072
0.093,0.068
0.090,0.063
0.086,0.062
0.078,0.058
0.070,0.051
0.063,0.048
0.052,0.044
0.041,0.040
0.034,0.034
0.027,0.029
0.020,0.029
0.017,0.027
0.013,0.024
0.008,0.024
0.009,0.021
0.005,0.019
-0.000,0.014
-0.000,0.010
-0.011,0.009
-0.013,0.004
-0.022,-0.000
-0.029,-0.002
-0.033,-0.006
-0.039,-0.007
-0.042,-0.008
-0.046,-0.011
-0.045,-0.014
-0.048,-0.014
-0.049,-0.015
-0.048,-0.018
-0.047,-0.020
-0.054,-0.020
-0.056,-0.022
-0.065,-0.026
-0.074,-0.030
-0.077,-0.037
-0.082,-0.037
-0.091,-0.040
-0.099,-0.044
-0.100,-0.043
-0.099,-0.046
-0.102,-0.045
-0.101,-0.045
-0.096,-0.050
-0.090,-0.050
-0.095,-0.052
-0.097,-0.050
-0.095,-0.056
-0.100,-0.058
-0.101,-0.055
-0.108,-0.058
-0.109,-0.061
-0.108,-0.059
-0.105,-0.063
-0.104,-0.062
-0.099,-0.060
-0.097,-0.055
-0.092,-0.056
-0.088,-0.054
-0.087,-0.051
-0.082,-0.055
-0.078,-0.053
-0.078,-0.050
-0.076,-0.048
-0.073,-0.051
-0.073,-0.049
-0.071,-0.049
-0.068,-0.047
-0.065,-0.042
-0.063,-0.047
-0.064,-0.044
-0.057,-0.044
-0.053,-0.041
-0.052,-0.036
-0.048,-0.041
-0.045,-0.037
-0.042,-0.037
-0.036,-0.034
-0.032,-0.033
-0.032,-0.030
-0.029,-0.030
-0.027,-0.028
-0.020,-0.027
-0.021,-0.023
-0.020,-0.020
-0.014,-0.021
-0.008,-0.019
-0.002,-0.014
0.003,-0.008
0.013,-0.007
0.023,-0.001
0.030,0.001
0.041,0.009
0.051,0.008
0.055,0.014
0.055,0.015
0.056,0.019
0.062,0.020
0.059,0.017
0.064,0.021
0.069,0.025
0.074,0.026
0.078,0.031
0.085,0.034
0.092,0.040
0.097,0.041
0.103,0.043
0.105,0.046
0.110,0.046
0.114,0.052
0.113,0.052
0.119,0.050
0.114,0.056
0.117,0.052
0.117,0.057
0.122,0.058
0.125,0.060
0.132,0.065
0.139,0.067
0.150,0.072
0.152,0.077
0.159,0.081
0.161,0.081
0.161,0.080
0.162,0.082
0.163,0.082
0.156,0.083
0.157,0.080
0.155,0.080
0.159,0.086
0.158,0.090
0.166,0.088
0.171,0.090
0.177,0.094
0.181,0.096
0.184,0.101
0.191,0.101
0.186,0.099
0.183,0.100
0.185,0.097
0.179,0.097
0.174,0.099
0.173,0.096
0.171,0.097
0.165,0.096
0.168,0.092
0.161,0.096
0.158,0.097
0.154,0.093
0.156,0.093
0.156,0.092
0.149,0.091
0.149,0.091
0.149,0.087
0.144,0.086
0.141,0.086
0.135,0.084
0.133,0.082
0.127,0.078
0.122,0.080
0.120,0.076
0.119,0.073
0.115,0.074
0.106,0.071
0.104,0.070
0.096,0.066
0.096,0.062
0.090,0.062
0.088,0.060
0.086,0.057
0.079,0.053
0.066,0.052
0.055,0.046
0.048,0.042
0.035,0.035
0.028,0.032
0.023,0.029
0.018,0.027
0.017,0.027
0.008,0.025
0.007,0.022
0.004,0.019
0.004,0.018
-0.003,0.016
-0.007,0.013
-0.011,0.007
-0.018,0.006
-0.024,0.003
-0.031,-0.002
-0.035,-0.002
-0.041,-0.009
-0.044,-0.008
-0.045,-0.006
-0.052,-0.011
-0.045,-0.015
-0.049,-0.014
-0.048,-0.014
-0.052,-0.014
-0.056,-0.019
-0.061,-0.021
-0.069,-0.027
-0.075,-0.028
-0.083,-0.034
-0.089,-0.040
-0.091,-0.041
-0.097,-0.041
-0.098,-0.043
-0.099,-0.044
-0.095,-0.045
-0.093,-0.045
-0.096,-0.045
-0.095,-0.047
-0.098,-0.050
-0.096,-0.050
-0.101,-0.051
-0.104,-0.055
-0.105,-0.054
-0.109,-0.056
-0.110,-0.058
-0.106,-0.059
-0.104,-0.061
-0.104,-0.056
-0.102,-0.056
-0.095,-0.056
-0.093,-0.056
-0.087,-0.053
-0.085,-0.055
-0.079,-0.053
-0.078,-0.052
-0.081,-0.051
-0.075,-0.053
-0.076,-0.051
-0.071,-0.051
-0.071,-0.050
-0.070,-0.048
-0.066,-0.046
-0.061,-0.044
-0.056,-0.043
-0.058,-0.037
-0.057,-0.038
-0.047,-0.041
-0.048,-0.038
-0.043,-0.038
-0.041,-0.035
-0.039,-0.032
-0.035,-0.035
-0.034,-0.030
-0.029,-0.029
-0.026,-0.029
-0.023,-0.025
-0.019,-0.025
-0.018,-0.024
-0.014,-0.021
-0.006,-0.018
0.000,-0.012
0.008,-0.009
0.012,-0.003
0.027,-0.001
0.034,0.003
0.044,0.004
0.047,0.011
0.053,0.013
0.055,0.019
0.057,0.016
0.062,0.017
0.063,0.022
0.065,0.021
0.069,0.023
0.074,0.025
0.079,0.031
0.084,0.034
0.093,0.036
0.101,0.039
0.106,0.043
0.105,0.045
0.110,0.048
0.114,0.049
0.113,0.049
0.113,0.049
0.118,0.051
0.117,0.053
0.118,0.055
0.122,0.058
0.128,0.062
0.136,0.064
0.143,0.070
0.150,0.074
0.157,0.076
0.161,0.076
0.162,0.080
0.168,0.081
0.162,0.082
0.160,0.079
0.163,0.080
0.159,0.082
0.156,0.082
0.159,0.084
0.161,0.088
0.170,0.089
0.171,0.095
0.178,0.095
0.188,0.098
0.187,0.101
0.190,0.103
0.192,0.100
0.182,0.099
0.184,0.101
0.185,0.100
0.179,0.101
0.173,0.098
0.171,0.097
0.171,0.095
0.167,0.095
0.167,0.097
0.163,0.095
0.160,0.091
0.158,0.092
0.151,0.093
0.151,0.089
0.148,0.087
0.145,0.086
0.145,0.084
0.140,0.087
0.134,0.085
0.135,0.079
0.129,0.080
0.118,0.079
0.119,0.074
0.121,0.073
0.113,0.072
0.106,0.071
0.102,0.068
0.101,0.069
0.091,0.065
0.093,0.060
0.089,0.059
0.082,0.057
0.072,0.054
0.068,0.045
0.057,0.041
0.046,0.038
0.035,0.033
0.031,0.030
0.023,0.028
0.012,0.025
0.009,0.022
0.010,0.019
0.011,0.018
0.006,0.018
0.005,0.013
0.001,0.011
-0.007,0.010
-0.011,0.008
-0.016,0.004
-0.028,0.001
-0.032,-0.003
-0.037,-0.009
-0.042,-0.009
-0.045,-0.012
-0.044,-0.013
-0.050,-0.018
-0.048,-0.019
-0.047,-0.018
-0.054,-0.020
-0.053,-0.016
-0.057,-0.022
-0.063,-0.026
-0.070,-0.029
-0.078,-0.033
-0.086,-0.040
-0.090,-0.043
-0.094,-0.042
-0.101,-0.042
-0.099,-0.044
-0.098,-0.049
-0.096,-0.047
-0.097,-0.045
-0.098,-0.048
-0.093,-0.051
-0.098,-0.052
-0.097,-0.051
-0.102,-0.052
-0.108,-0.056
-0.104,-0.058
-0.106,-0.061
-0.106,-0.058
-0.108,-0.057
-0.105,-0.054
-0.102,-0.059
-0.096,-0.058
-0.092,-0.059
-0.090,-0.057
-0.086,-0.053
-0.082,-0.050
-0.086,-0.049
-0.081,-0.051
-0.078,-0.050
-0.078,-0.050
-0.072,-0.047
-0.069,-0.047
-0.070,-0.047
-0.065,-0.044
-0.062,-0.045
-0.061,-0.043
-0.056,-0.043
-0.057,-0.040
-0.054,-0.041
-0.053,-0.039
-0.044,-0.040
-0.040,-0.034
-0.041,-0.031
-0.041,-0.031
-0.034,-0.031
-0.031,-0.031
-0.030,-0.028
-0.024,-0.025
-0.023,-0.024
-0.017,-0.023
-0.013,-0.019
-0.008,-0.017
-0.003,-0.012
0.004,-0.010
0.012,-0.006
0.027,-0.001
0.035,0.003
0.038,0.004
0.045,0.008
0.052,0.010
0.054,0.017
0.055,0.014
0.059,0.016
0.061,0.018
0.059,0.020
0.065,0.021
0.070,0.023
0.079,0.026
0.082,0.031
0.091,0.033
0.095,0.040
0.097,0.042
0.105,0.043
0.108,0.048
0.108,0.049
0.113,0.050
0.116,0.052
0.113,0.052
0.112,0.055
0.114,0.058
0.115,0.058
0.122,0.063
0.131,0.063
0.137,0.068
0.142,0.074
0.151,0.074
0.155,0.079
0.157,0.080
0.158,0.081
0.165,0.085
0.159,0.083
0.162,0.083
0.157,0.082
0.155,0.081
0.156,0.085
0.156,0.087
0.162,0.089
0.170,0.092
0.177,0.094
0.179,0.098
0.185,0.103
0.189,0.105
0.186,0.099
0.186,0.105
0.184,0.102
0.184,0.102
0.179,0.104
0.174,0.098
0.170,0.099
0.167,0.098
0.167,0.100
0.167,0.101
0.162,0.099
0.158,0.095
0.158,0.095
0.156,0.096
0.154,0.094
0.149,0.093
0.152,0.092
0.145,0.093
0.145,0.094
0.140,0.091
0.137,0.085
0.131,0.085
0.126,0.082
0.123,0.081
0.120,0.081
0.114,0.081
0.110,0.078
0.108,0.074
0.102,0.073
0.098,0.070
0.097,0.065
0.094,0.063
0.086,0.062
0.078,0.059
0.069,0.056
0.061,0.046
0.053,0.044
0.044,0.038
0.038,0.036
0.027,0.032
0.024,0.030
0.018,0.031
0.012,0.028
0.010,0.024
0.007,0.022
0.004,0.018
0.001,0.018
-0.001,0.013
-0.007,0.010
-0.015,0.007
-0.018,0.006
-0.030,0.001
-0.036,-0.003
-0.039,-0.007
-0.041,-0.009
-0.044,-0.011
-0.046,-0.015
-0.044,-0.015
-0.049,-0.014
-0.050,-0.015
-0.050,-0.016
-0.050,-0.023
-0.055,-0.027
-0.065,-0.028
-0.074,-0.032
-0.077,-0.038
-0.089,-0.039
-0.089,-0.042
-0.095,-0.044
-0.093,-0.046
-0.096,-0.049
-0.099,-0.048
-0.098,-0.046
-0.098,-0.048
-0.096,-0.047
-0.092,-0.047
-0.095,-0.046
-0.099,-0.051
-0.106,-0.054
-0.104,-0.059
-0.108,-0.059
-0.105,-0.060
-0.107,-0.057
-0.107,-0.057
-0.105,-0.055
-0.099,-0.057
-0.092,-0.056
-0.096,-0.054
-0.089,-0.054
-0.084,-0.052
-0.087,-0.052
-0.086,-0.051
-0.080,-0.053
-0.078,-0.052
-0.075,-0.051
-0.070,-0.048
-0.069,-0.049
-0.069,-0.050
-0.064,-0.049
-0.060,-0.048
-0.059,-0.044
-0.059,-0.038
-0.054,-0.041
-0.053,-0.040
-0.050,-0.036
-0.047,-0.036
-0.040,-0.033
-0.036,-0.033
-0.033,-0.031
-0.038,-0.029
-0.032,-0.032
-0.024,-0.028
-0.030,-0.026
-0.024,-0.024
-0.023,-0.021
-0.013,-0.018
-0.006,-0.015
-0.001,-0.011
0.007,-0.005
0.014,-0.004
0.028,0.001
0.035,0.005
0.038,0.006
0.046,0.012
0.054,0.012
0.054,0.014
0.055,0.017
0.060,0.014
0.064,0.019
0.063,0.021
0.069,0.023
0.077,0.025
0.083,0.032
0.087,0.036
0.094,0.038
0.100,0.041
0.104,0.041
0.110,0.044
0.114,0.046
0.114,0.047
0.118,0.050
0.114,0.050
0.117,0.051
0.118,0.052
0.122,0.054
0.126,0.056
0.129,0.062
0.134,0.065
0.142,0.071
0.145,0.074
0.154,0.075
0.159,0.077
0.166,0.078
0.166,0.085
0.162,0.086
0.162,0.081
0.160,0.079
0.162,0.079
0.157,0.081
0.159,0.083
0.165,0.083
0.164,0.090
0.173,0.090
0.182,0.093
0.187,0.099
0.185,0.102
0.189,0.099
0.189,0.100
0.185,0.098
0.185,0.098
0.179,0.100
0.180,0.098
0.175,0.100
0.173,0.099
0.170,0.097
0.165,0.097
0.162,0.095
0.163,0.095
0.160,0.094
0.156,0.094
0.154,0.090
0.154,0.090
0.149,0.090
0.143,0.089
0.141,0.089
0.136,0.085
0.136,0.083
0.131,0.085
0.125,0.083
0.125,0.078
0.120,0.077
0.115,0.077
0.108,0.075
0.108,0.070
0.106,0.070
0.102,0.067
0.097,0.066
0.090,0.063
0.091,0.060
0.079,0.061
0.071,0.054
0.066,0.050
0.055,0.045
0.047,0.041
0.036,0.037
0.031,0.033
0.023,0.027
0.015,0.028
0.013,0.023
0.012,0.021
0.008,0.021
0.005,0.019
0.004,0.018
0.002,0.014
-0.002,0.012
-0.006,0.009
-0.019,0.007
-0.024,0.000
-0.030,-0.002
-0.034,-0.008
-0.039,-0.008
-0.043,-0.010
-0.045,-0.013
-0.047,-0.011
-0.050,-0.013
-0.050,-0.013
-0.054,-0.014
-0.051,-0.021
-0.053,-0.022
-0.060,-0.025
-0.067,-0.028
-0.077,-0.031
-0.078,-0.036
-0.088,-0.039
-0.098,-0.039
-0.100,-0.046
-0.099,-0.046
-0.100,-0.047
-0.099,-0.046
-0.098,-0.049
-0.092,-0.047
-0.096,-0.049
-0.096,-0.049
-0.098,-0.048
-0.105,-0.053
-0.104,-0.055
-0.105,-0.057
-0.105,-0.057
-0.109,-0.057
-0.102,-0.056
-0.106,-0.056
-0.103,-0.057
-0.102,-0.057
-0.096,-0.055
-0.090,-0.057
-0.087,-0.053
-0.087,-0.052
-0.084,-0.053
-0.078,-0.055
-0.079,-0.051
-0.074,-0.051
-0.071,-0.048
-0.069,-0.047
-0.070,-0.050
-0.065,-0.048
-0.067,-0.045
-0.062,-0.042
-0.058,-0.041
-0.060,-0.042
-0.054,-0.039
-0.052,-0.039
-0.048,-0.041
-0.043,-0.035
-0.041,-0.035
-0.039,-0.036
-0.037,-0.033
-0.035,-0.034
-0.027,-0.030
-0.027,-0.026
-0.022,-0.028
-0.024,-0.026
-0.013,-0.022
-0.013,-0.020
-0.009,-0.014
0.003,-0.011
0.010,-0.009
0.020,-0.002
0.027,0.001
0.039,0.002
0.039,0.008
0.045,0.010
0.052,0.014
0.054,0.015
0.058,0.019
0.062,0.019
0.063,0.018
0.069,0.022
0.070,0.024
0.075,0.026
0.075,0.031
0.085,0.032
0.091,0.037
0.102,0.038
0.103,0.043
0.107,0.046
0.109,0.046
0.113,0.048
0.109,0.051
0.114,0.050
0.116,0.051
0.119,0.052
0.119,0.055
0.119,0.061
0.127,0.064
0.135,0.068
0.146,0.073
0.151,0.074
0.156,0.077
0.162,0.078
0.167,0.079
0.165,0.082
0.165,0.083
0.159,0.084
0.155,0.081
0.155,0.080
0.158,0.084
0.158,0.086
0.164,0.087
0.164,0.092
0.173,0.094
0.183,0.097
0.185,0.101
0.192,0.102
0.193,0.104
0.188,0.104
0.188,0.101
0.184,0.103
0.179,0.102
0.179,0.099
0.171,0.098
0.171,0.097
0.168,0.097
0.163,0.100
0.163,0.097
0.165,0.094
0.160,0.096
0.153,0.093
0.154,0.092
0.150,0.089
0.149,0.090
0.146,0.090
0.141,0.090
0.137,0.084
0.133,0.084
0.132,0.081
0.129,0.079
0.120,0.077
0.118,0.079
0.117,0.075
0.109,0.073
0.107,0.069
0.106,0.068
0.099,0.066
0.092,0.062
0.091,0.064
0.084,0.060
0.076,0.058
0.073,0.054
0.067,0.047
0.051,0.044
0.040,0.037
0.036,0.034
0.027,0.033
0.019,0.031
0.016,0.028
0.012,0.021
0.012,0.022
0.008,0.020
0.005,0.016
0.004,0.016
-0.001,0.013
-0.005,0.010
-0.014,0.007
-0.018,0.001
-0.024,-0.000
-0.033,-0.004
-0.036,-0.005
-0.044,-0.009
-0.045,-0.012
-0.044,-0.010
-0.044,-0.014
-0.049,-0.013
-0.055,-0.015
-0.050,-0.017
-0.055,-0.018
-0.058,-0.021
-0.061,-0.025
-0.070,-0.028
-0.076,-0.032
-0.084,-0.036
-0.089,-0.038
-0.095,-0.042
-0.101,-0.044
-0.101,-0.043
-0.104,-0.044
-0.097,-0.045
-0.093,-0.045
-0.095,-0.045
-0.093,-0.045
-0.096,-0.048
-0.098,-0.052
-0.100,-0.055
-0.105,-0.056
-0.104,-0.059
-0.105,-0.058
-0.105,-0.058
-0.105,-0.057
-0.100,-0.059
-0.098,-0.057
-0.095,-0.057
-0.091,-0.055
-0.090,-0.053
-0.085,-0.050
-0.080,-0.055
-0.081,-0.050
-0.080,-0.054
-0.079,-0.051
-0.073,-0.050
-0.074,-0.049
-0.070,-0.051
-0.071,-0.048
-0.066,-0.050
-0.063,-0.046
-0.062,-0.045
-0.059,-0.048
-0.054,-0.044
-0.054,-0.042
-0.050,-0.040
-0.047,-0.038
-0.038,-0.037
-0.043,-0.032
-0.038,-0.033
-0.032,-0.034
-0.031,-0.030
-0.033,-0.032
-0.026,-0.030
-0.026,-0.027
-0.019,-0.024
-0.016,-0.019
-0.011,-0.023
-0.004,-0.014
0.001,-0.013
0.014,-0.007
0.022,-0.002
0.030,0.001
0.037,0.003
0.044,0.008
0.049,0.011
0.056,0.012
0.057,0.014
0.061,0.016
0.059,0.019
0.062,0.020
0.066,0.021
0.074,0.026
0.076,0.028
0.086,0.029
0.087,0.036
0.094,0.039
0.104,0.040
0.102,0.045
0.108,0.042
0.108,0.046
0.112,0.049
0.113,0.050
0.117,0.051
0.116,0.052
0.117,0.053
0.118,0.057
0.125,0.058
0.132,0.065
0.135,0.070
0.147,0.070
0.151,0.073
0.158,0.075
0.162,0.082
0.162,0.084
0.161,0.080
0.159,0.079
0.156,0.081
0.157,0.080
0.153,0.082
0.157,0.081
0.155,0.084
0.162,0.089
0.166,0.091
0.174,0.094
0.180,0.098
0.186,0.099
0.184,0.102
0.184,0.104
0.184,0.103
0.180,0.103
0.178,0.099
0.175,0.099
0.172,0.096
0.171,0.097
0.164,0.098
0.165,0.097
0.163,0.094
0.163,0.095
0.158,0.094
0.159,0.092
0.154,0.092
0.148,0.092
0.144,0.092
0.139,0.092
0.138,0.085
0.137,0.085
0.134,0.085
0.129,0.085
0.125,0.081
0.122,0.079
0.113,0.077
0.113,0.074
0.109,0.075
0.106,0.070
0.103,0.069
0.100,0.067
0.093,0.066
0.086,0.066
0.084,0.061
0.083,0.057
0.077,0.055
0.069,0.051
0.060,0.044
0.050,0.039
0.040,0.037
0.029,0.034
0.024,0.026
0.020,0.024
0.008,0.023
0.008,0.022
0.007,0.019
0.006,0.017
0.004,0.018
-0.002,0.013
-0.005,0.010
-0.010,0.004
-0.014,0.002
-0.025,0.001
-0.037,-0.006
-0.035,-0.008
-0.042,-0.010
-0.044,-0.011
-0.050,-0.010
-0.050,-0.015
-0.052,-0.018
-0.053,-0.018
-0.054,-0.015
-0.055,-0.019
-0.055,-0.024
-0.060,-0.026
-0.065,-0.029
-0.074,-0.028
-0.082,-0.033
-0.086,-0.040
-0.093,-0.041
-0.102,-0.043
-0.099,-0.046
-0.103,-0.045
-0.099,-0.043
-0.099,-0.043
-0.096,-0.046
-0.094,-0.045
-0.096,-0.048
-0.098,-0.049
-0.098,-0.053
-0.104,-0.059
-0.103,-0.058
-0.107,-0.059
-0.108,-0.056
-0.109,-0.058
-0.105,-0.062
-0.105,-0.057
-0.099,-0.060
-0.094,-0.056
-0.088,-0.054
-0.090,-0.055
-0.086,-0.054
-0.083,-0.051
-0.082,-0.052
-0.080,-0.051
-0.076,-0.050
-0.076,-0.049
-0.075,-0.048
-0.071,-0.048
-0.067,-0.050
-0.063,-0.048
-0.065,-0.045
-0.064,-0.044
-0.059,-0.041
-0.056,-0.041
-0.051,-0.035
-0.051,-0.035
-0.044,-0.038
-0.045,-0.035
-0.040,-0.034
-0.036,-0.033
-0.033,-0.031
-0.035,-0.030
-0.028,-0.028
-0.025,-0.025
-0.020,-0.022
-0.017,-0.019
-0.011,-0.021
-0.010,-0.016
-0.003,-0.016
0.006,-0.012
0.015,-0.006
0.029,-0.002
0.034,0.005
0.040,0.006
0.048,0.008
0.052,0.011
0.055,0.011
0.060,0.016
0.058,0.015
0.067,0.020
0.068,0.018
0.069,0.022
0.074,0.024
0.078,0.030
0.086,0.031
0.089,0.037
0.095,0.043
0.104,0.043
0.107,0.047
0.109,0.047
0.113,0.046
0.116,0.052
0.113,0.051
0.115,0.053
0.116,0.053
0.116,0.054
0.119,0.058
0.125,0.060
0.135,0.062
0.136,0.068
0.146,0.074
0.157,0.077
0.157,0.079
0.160,0.083
0.162,0.083
0.160,0.082
0.159,0.081
0.155,0.082
0.158,0.082
0.158,0.081
0.159,0.083
0.162,0.086
0.168,0.091
0.167,0.095
0.180,0.096
0.187,0.099
0.192,0.100
0.192,0.104
0.189,0.104
0.185,0.102
0.185,0.099
0.182,0.101
0.179,0.098
0.176,0.099
0.168,0.099
0.172,0.099
0.165,0.099
0.163,0.095
0.162,0.093
0.164,0.093
0.157,0.093
0.152,0.093
0.153,0.091
0.154,0.090
0.148,0.088
0.142,0.089
0.140,0.087
0.138,0.083
0.135,0.083
0.129,0.081
0.120,0.080
0.121,0.075
0.116,0.075
0.113,0.076
0.108,0.073
0.106,0.069
0.102,0.066
0.096,0.065
0.093,0.061
0.087,0.058
