File Version,253.000000
# of Channels,2.000000
Samples/Channel,10510.000000
Scan Rate (Hz),10000.000000
Timestamp,3797943914.580424
Operating Mode,1.000000
Trial #,44.000000
Session #,47.000000
Subject code 1,67.000000
Subject code 2,48.000000
Feedback Window,0.000000
Feedback Ch,0.000000
Ch B,0.000000
Pre-Stim Acq. time (ms),1.000000
Post-Stim Acq. time (ms),1000.000000
EMG Hi Limit,50.000000
EMG Lo Limit,0.003000
Target Value (V),20.000000
Stimulus Value (V),2.000000
Stimulus duration (ms),0.100000
EMG conditions time limit (sec),0.200000
M-response Start (ms),0.000000
M-response Duration (ms),4.000000
H-response Duration (ms),6.000000
H-response Start (ms),4.000000
Proportioanl gain,0.003000
Channel to monitor,0.000000
SIU gain,20.000000
FB Monitor value,1.034362
Inter-Stim delay (sec),3.000000
M-Window Mean,1.097500
H-Window Mean,0.119569
Stimulus paradigm,2.000000
# of Pulses in cond train,1.000000
Cond duration (ms),0.100000
Cond Train pulse period (ms),50.000000
Cond Value (V),2.000000
Start Delay (ms),0.000000
# of Pulses in stim train,1.000000
Stim Train pulse period (ms),50.000000
EMG amp gain ch 1,1000.000000
EMG amp gain ch 2,10000.000000
EMG amp gain ch 3,500.000000
EMG amp gain ch 4,500.000000
EMG amp gain ch 5,500.000000
EMG amp gain ch 6,500.000000
Stim Type 1,2.000000
Stim/Cond 1,0.000000
Stim Type 2,3.000000
Stim/Cond 2,0.000000
Stim Type 3,3.000000
Stim/Cond 3,0.000000
Stim Type 4,3.000000
Stim/Cond 4,0.000000
Stim Value 1,2.000000
Stim Value 2,0.000000
Stim Value 3,0.000000
Stim Value 4,0.000000
1st PP Channel,-1.000000
Pressure (g),0.000000
Speed (mm/sec),0.000000
Dwell (ms),0.000000
Pressure limit (g),0.000000
Travel limit (mm),0.000000
Amp gain,0.000000
Wait Trig?,0.000000
Move Timeout (ms),0.000000
Time Taken (ms),0.000000
Actual Travel (mm),0.000000
Recorded Data (mV),
0.030,0.098
0.033,0.099
0.034,0.084
0.039,0.080
0.038,0.079
0.035,0.074
0.037,0.073
0.034,0.064
0.034,0.064
0.039,0.058
0.038,0.062
1.114,-0.267
0.486,-0.114
0.084,0.043
-0.079,0.087
-0.145,0.097
-0.792,0.107
-2.019,0.387
-2.848,0.786
-3.315,0.947
-4.003,0.646
-4.824,-0.157
-3.933,-1.022
-0.156,-1.546
3.283,-1.631
4.294,-1.287
3.523,-0.734
2.339,-0.374
1.411,-0.295
0.826,-0.347
0.448,-0.418
0.285,-0.527
0.316,-0.679
0.405,-0.782
0.493,-0.741
0.478,-0.538
0.392,-0.274
0.279,-0.022
0.211,0.138
0.175,0.201
0.170,0.193
0.164,0.173
0.171,0.137
0.174,0.102
0.172,0.087
0.165,0.073
0.163,0.063
0.141,0.065
0.144,0.066
0.147,0.066
0.142,0.056
0.146,0.053
0.150,0.047
0.147,0.053
0.135,0.052
0.137,0.059
0.125,0.064
0.131,0.047
0.133,0.038
0.136,0.034
0.136,0.024
0.145,0.026
0.143,0.023
0.150,0.033
0.154,0.034
0.151,0.041
0.148,0.037
0.149,0.027
0.137,0.040
0.134,0.039
0.132,0.046
0.148,0.037
0.138,0.028
0.145,0.028
0.144,0.028
0.143,0.034
0.156,0.027
0.162,0.032
0.161,0.040
0.161,0.038
0.171,0.038
0.170,0.044
0.170,0.046
0.171,0.047
0.176,0.044
0.169,0.042
0.171,0.045
0.167,0.046
0.175,0.046
0.177,0.046
0.169,0.050
0.170,0.052
0.173,0.057
0.171,0.067
0.169,0.068
0.168,0.066
0.166,0.079
0.164,0.080
0.165,0.083
0.158,0.085
0.156,0.075
0.155,0.082
0.162,0.084
0.159,0.086
0.165,0.079
0.163,0.076
0.158,0.079
0.153,0.086
0.156,0.095
0.160,0.102
0.168,0.102
0.167,0.104
0.167,0.113
0.161,0.120
0.163,0.121
0.153,0.126
0.138,0.123
0.136,0.127
0.127,0.132
0.134,0.133
0.135,0.126
0.135,0.121
0.134,0.132
0.136,0.130
0.127,0.128
0.119,0.128
0.129,0.125
0.133,0.127
0.117,0.138
0.104,0.141
0.108,0.136
0.105,0.132
0.113,0.137
0.104,0.129
0.098,0.130
0.099,0.129
0.096,0.133
0.097,0.131
0.104,0.140
0.106,0.132
0.117,0.141
0.108,0.136
0.115,0.150
0.101,0.151
0.097,0.153
0.080,0.149
0.069,0.150
0.068,0.143
0.065,0.143
0.071,0.138
0.071,0.136
0.073,0.137
0.076,0.131
0.087,0.130
0.082,0.141
0.078,0.140
0.070,0.150
0.067,0.150
0.062,0.136
0.053,0.132
0.041,0.127
0.040,0.135
0.050,0.138
0.051,0.137
0.045,0.131
0.041,0.122
0.035,0.116
0.039,0.119
0.040,0.111
0.036,0.114
0.038,0.105
0.041,0.104
0.040,0.093
0.039,0.097
0.037,0.107
0.044,0.097
0.037,0.088
0.036,0.091
0.035,0.082
0.039,0.068
0.026,0.068
0.032,0.069
0.027,0.074
0.040,0.071
0.027,0.064
0.034,0.057
0.016,0.056
0.023,0.054
0.030,0.052
0.022,0.052
0.024,0.052
0.017,0.043
0.016,0.044
0.006,0.046
0.007,0.028
0.006,0.022
-0.003,0.013
0.009,0.007
0.009,0.010
0.017,0.010
0.029,0.004
0.027,0.004
0.030,-0.004
0.037,-0.013
0.040,-0.014
0.041,-0.003
0.036,-0.007
0.036,-0.013
0.034,-0.013
0.040,-0.014
0.030,-0.011
0.040,-0.016
0.052,-0.010
0.057,-0.007
0.058,-0.009
0.068,-0.010
0.065,-0.008
0.058,-0.017
0.070,-0.024
0.077,-0.019
0.068,-0.020
0.070,-0.022
0.059,-0.021
0.054,-0.015
0.057,-0.009
0.066,-0.020
0.069,-0.024
0.081,-0.013
0.094,-0.026
0.115,-0.016
0.113,-0.012
0.120,-0.011
0.121,-0.010
0.121,-0.009
0.123,-0.006
0.102,-0.012
0.111,-0.014
0.103,-0.000
0.103,-0.001
0.113,-0.010
0.133,-0.010
0.125,0.001
0.124,-0.007
0.142,-0.003
0.145,-0.002
0.147,0.002
0.158,-0.001
0.154,0.002
0.160,0.011
0.163,0.015
0.153,0.017
0.159,0.016
0.171,0.011
0.161,0.018
0.164,0.022
0.171,0.028
0.161,0.031
0.165,0.040
0.165,0.038
0.164,0.043
0.162,0.052
0.174,0.050
0.177,0.049
0.174,0.057
0.176,0.060
0.170,0.057
0.163,0.060
0.168,0.058
0.154,0.066
0.164,0.055
0.157,0.060
0.163,0.065
0.168,0.065
0.167,0.078
0.171,0.075
0.172,0.068
0.181,0.075
0.173,0.091
0.178,0.089
0.172,0.089
0.176,0.103
0.168,0.108
0.157,0.112
0.148,0.111
0.146,0.116
0.140,0.115
0.140,0.119
0.138,0.124
0.137,0.133
0.142,0.125
0.142,0.133
0.144,0.135
0.140,0.132
0.134,0.133
0.128,0.140
0.127,0.140
0.125,0.141
0.126,0.144
0.127,0.155
0.101,0.145
0.114,0.139
0.102,0.138
0.095,0.150
0.095,0.144
0.104,0.145
0.102,0.158
0.113,0.151
0.105,0.151
0.116,0.164
0.111,0.162
0.097,0.160
0.082,0.174
0.074,0.161
0.065,0.162
0.073,0.150
0.068,0.155
0.067,0.155
0.064,0.149
0.071,0.136
0.074,0.142
0.071,0.139
0.072,0.148
0.064,0.149
0.047,0.154
0.050,0.151
0.048,0.143
0.047,0.143
0.036,0.143
0.033,0.139
0.026,0.139
0.027,0.125
0.027,0.131
0.029,0.121
0.026,0.117
0.024,0.108
0.031,0.098
0.027,0.103
0.031,0.090
0.032,0.091
0.029,0.084
0.028,0.088
0.033,0.084
0.022,0.091
0.016,0.076
0.020,0.077
0.020,0.078
0.015,0.067
0.014,0.067
0.023,0.067
0.020,0.067
0.029,0.062
0.032,0.057
0.026,0.045
0.017,0.043
0.021,0.039
0.021,0.044
0.028,0.045
0.025,0.033
0.014,0.040
0.015,0.034
0.015,0.038
0.015,0.022
0.019,0.013
0.018,0.002
0.021,-0.007
0.021,-0.006
0.031,-0.004
0.036,-0.011
0.040,-0.014
0.045,-0.015
0.046,-0.010
0.050,-0.011
0.053,-0.013
0.039,-0.017
0.041,-0.011
0.051,-0.014
0.050,-0.016
0.058,-0.020
0.063,-0.020
0.068,-0.024
0.073,-0.029
0.080,-0.029
0.072,-0.029
0.074,-0.028
0.095,-0.030
0.091,-0.030
0.083,-0.020
0.078,-0.035
0.077,-0.036
0.077,-0.036
0.068,-0.046
0.071,-0.047
0.080,-0.036
0.091,-0.043
0.098,-0.034
0.103,-0.034
0.114,-0.026
0.116,-0.024
0.124,-0.018
0.128,-0.013
0.124,-0.018
0.127,-0.020
0.129,-0.017
0.109,-0.019
0.118,-0.026
0.112,-0.026
0.130,-0.033
0.132,-0.036
0.135,-0.031
0.140,-0.025
0.143,-0.023
0.151,-0.028
0.159,-0.011
0.161,-0.002
0.161,0.001
0.166,-0.005
0.178,-0.003
0.158,0.007
0.170,0.005
0.172,0.009
0.166,0.017
0.167,0.017
0.173,0.027
0.165,0.022
0.173,0.026
0.178,0.025
0.170,0.036
0.166,0.028
0.170,0.025
0.184,0.034
0.176,0.036
0.174,0.050
0.164,0.053
0.173,0.046
0.170,0.055
0.171,0.055
0.175,0.053
0.166,0.066
0.170,0.069
0.169,0.055
0.167,0.069
0.165,0.069
0.164,0.078
0.170,0.094
0.176,0.091
0.171,0.101
0.169,0.104
0.155,0.104
0.153,0.107
0.146,0.114
0.142,0.119
0.136,0.111
0.134,0.108
0.126,0.109
0.128,0.104
0.126,0.107
0.135,0.106
0.136,0.114
0.128,0.117
0.118,0.129
0.119,0.128
0.115,0.125
0.111,0.120
0.116,0.131
0.101,0.139
0.103,0.133
0.096,0.136
0.095,0.129
0.096,0.127
0.082,0.128
0.083,0.135
0.091,0.128
0.093,0.138
0.097,0.130
0.096,0.137
0.093,0.138
0.094,0.141
0.083,0.149
0.072,0.145
0.066,0.144
0.063,0.144
0.064,0.137
0.052,0.139
0.057,0.139
0.062,0.144
0.064,0.137
0.065,0.143
0.063,0.154
0.060,0.145
0.047,0.150
0.047,0.147
0.039,0.136
0.046,0.136
0.031,0.132
0.035,0.127
0.031,0.119
0.040,0.108
0.032,0.104
0.032,0.101
0.033,0.105
0.029,0.104
0.036,0.106
0.038,0.104
0.043,0.087
0.042,0.094
0.027,0.092
0.020,0.077
0.026,0.081
0.020,0.087
0.022,0.082
0.024,0.081
0.038,0.063
0.029,0.072
0.031,0.071
0.032,0.067
0.035,0.066
0.032,0.061
0.027,0.068
0.027,0.062
0.039,0.055
0.036,0.048
0.033,0.045
0.032,0.041
0.021,0.044
0.020,0.039
0.022,0.034
0.020,0.029
0.021,0.017
0.013,0.018
0.016,0.007
0.025,0.000
0.021,-0.004
0.028,-0.020
0.045,-0.012
0.057,-0.020
0.049,-0.016
0.051,-0.024
0.056,-0.023
0.051,-0.025
0.049,-0.036
0.038,-0.021
0.046,-0.030
0.042,-0.029
0.055,-0.048
0.069,-0.042
0.071,-0.042
0.070,-0.044
0.065,-0.037
0.081,-0.038
0.078,-0.035
0.080,-0.030
0.080,-0.032
0.085,-0.037
0.090,-0.034
0.084,-0.043
0.086,-0.037
0.086,-0.044
0.081,-0.042
0.078,-0.053
0.084,-0.050
0.096,-0.049
0.107,-0.044
0.110,-0.028
0.114,-0.029
0.117,-0.030
0.128,-0.034
0.122,-0.037
0.126,-0.031
0.115,-0.019
0.108,-0.020
0.111,-0.016
0.107,-0.022
0.120,-0.018
0.135,-0.034
0.137,-0.031
0.134,-0.033
0.145,-0.026
0.139,-0.017
0.151,-0.019
0.152,-0.017
0.153,-0.011
0.155,-0.008
0.161,-0.009
0.164,-0.006
0.166,-0.000
0.161,0.003
0.154,0.011
0.159,0.025
0.164,0.010
0.162,0.013
0.161,0.018
0.162,0.021
0.169,0.013
0.163,0.024
0.170,0.022
0.172,0.025
0.174,0.037
0.172,0.044
0.175,0.037
0.167,0.040
0.162,0.048
0.160,0.048
0.162,0.049
0.161,0.054
0.159,0.053
0.154,0.056
0.161,0.047
0.159,0.058
0.161,0.057
0.162,0.078
0.164,0.076
0.175,0.085
0.177,0.098
0.160,0.098
0.152,0.102
0.146,0.110
0.149,0.111
0.127,0.117
0.122,0.105
0.119,0.108
0.122,0.104
0.134,0.102
0.132,0.109
0.127,0.117
0.127,0.115
0.130,0.132
0.131,0.125
0.118,0.129
0.110,0.126
0.105,0.129
0.106,0.129
0.100,0.128
0.101,0.125
0.095,0.128
0.091,0.122
0.092,0.117
0.094,0.125
0.092,0.123
0.097,0.125
0.106,0.134
0.095,0.147
0.104,0.139
0.088,0.148
0.090,0.150
0.084,0.142
0.078,0.153
0.066,0.152
0.072,0.142
0.066,0.133
0.060,0.135
0.065,0.132
0.077,0.136
0.074,0.131
0.077,0.120
0.067,0.137
0.060,0.139
0.058,0.141
0.053,0.142
0.039,0.140
0.033,0.134
0.038,0.130
0.034,0.117
0.030,0.118
0.039,0.118
0.033,0.114
0.035,0.104
0.027,0.104
0.030,0.100
0.037,0.096
0.032,0.100
0.041,0.088
0.040,0.097
0.030,0.100
0.034,0.092
0.034,0.088
0.036,0.093
0.027,0.083
0.034,0.076
0.028,0.068
0.025,0.074
0.020,0.074
0.023,0.066
0.034,0.063
0.033,0.060
0.040,0.053
0.035,0.049
0.036,0.044
0.031,0.045
0.030,0.047
0.030,0.047
0.025,0.046
0.028,0.041
0.028,0.030
0.024,0.025
0.013,0.028
0.013,0.006
0.015,-0.002
0.019,-0.002
0.023,-0.008
0.041,-0.014
0.044,-0.011
0.048,-0.012
0.048,-0.012
0.053,-0.014
0.058,-0.012
0.051,-0.006
0.051,-0.011
0.052,-0.016
0.056,-0.024
0.056,-0.029
0.058,-0.022
0.064,-0.021
0.068,-0.027
0.074,-0.036
0.072,-0.036
0.082,-0.031
0.073,-0.029
0.085,-0.027
0.088,-0.032
0.096,-0.037
0.082,-0.029
0.085,-0.026
0.083,-0.024
0.081,-0.038
0.077,-0.044
0.082,-0.050
0.089,-0.038
0.094,-0.041
0.108,-0.050
0.110,-0.043
0.113,-0.037
0.119,-0.036
0.113,-0.029
0.119,-0.033
0.118,-0.040
0.112,-0.045
0.105,-0.045
0.106,-0.032
0.116,-0.025
0.112,-0.034
0.129,-0.039
0.129,-0.040
0.131,-0.025
0.154,-0.037
0.153,-0.025
0.149,-0.016
0.151,-0.018
0.156,-0.006
0.160,-0.015
0.172,-0.013
0.156,-0.000
0.158,-0.006
0.159,0.000
0.154,0.016
0.158,0.006
0.155,0.011
0.153,0.020
0.156,0.013
0.162,0.020
0.162,0.032
0.161,0.028
0.162,0.026
0.161,0.040
0.166,0.037
0.156,0.040
0.153,0.053
0.150,0.043
0.147,0.049
0.149,0.047
0.158,0.047
0.161,0.066
0.156,0.058
0.164,0.066
0.163,0.060
0.154,0.059
0.158,0.071
0.163,0.072
0.158,0.081
0.163,0.091
0.159,0.099
0.159,0.105
0.150,0.102
0.138,0.109
0.133,0.112
0.119,0.110
0.119,0.111
0.118,0.115
0.124,0.114
0.119,0.123
0.118,0.123
0.129,0.122
0.117,0.130
0.120,0.132
0.126,0.137
0.120,0.137
0.113,0.125
0.110,0.133
0.106,0.125
0.102,0.134
0.094,0.139
0.087,0.138
0.090,0.136
0.088,0.140
0.095,0.125
0.095,0.127
0.101,0.128
0.093,0.137
0.104,0.134
0.101,0.141
0.091,0.151
0.079,0.156
0.068,0.167
0.064,0.146
0.056,0.148
0.060,0.144
0.054,0.135
0.063,0.137
0.056,0.139
0.067,0.135
0.062,0.139
0.060,0.139
0.062,0.135
0.058,0.139
0.057,0.145
0.038,0.138
0.044,0.137
0.046,0.132
0.037,0.131
0.030,0.137
0.031,0.131
0.028,0.123
0.031,0.121
0.032,0.112
0.020,0.120
0.028,0.118
0.038,0.104
0.028,0.104
0.039,0.101
0.035,0.096
0.040,0.096
0.028,0.102
0.029,0.083
0.026,0.083
0.032,0.085
0.032,0.090
0.018,0.082
0.025,0.064
0.027,0.055
0.032,0.057
0.037,0.055
0.039,0.056
0.026,0.051
0.028,0.050
0.025,0.044
0.031,0.041
0.028,0.034
0.035,0.040
0.029,0.039
0.034,0.034
0.026,0.025
0.021,0.022
0.018,0.015
0.019,0.005
0.028,0.008
0.032,0.008
0.036,-0.011
0.039,-0.013
0.043,-0.016
0.051,-0.019
0.057,-0.016
0.055,-0.011
0.052,-0.011
0.043,-0.015
0.053,-0.012
0.054,-0.019
0.053,-0.026
0.044,-0.031
0.055,-0.032
0.058,-0.038
0.071,-0.028
0.074,-0.026
0.076,-0.033
0.082,-0.035
0.084,-0.038
0.088,-0.036
0.078,-0.034
0.082,-0.032
0.075,-0.034
0.079,-0.032
0.066,-0.032
0.078,-0.043
0.079,-0.052
0.084,-0.053
0.085,-0.050
0.089,-0.047
0.101,-0.058
0.108,-0.040
0.110,-0.040
0.118,-0.036
0.124,-0.035
0.116,-0.036
0.115,-0.031
0.109,-0.028
0.107,-0.029
0.102,-0.024
0.111,-0.036
0.120,-0.036
0.121,-0.036
0.124,-0.038
0.136,-0.030
0.134,-0.019
0.141,-0.013
0.143,-0.015
0.149,-0.011
0.161,-0.003
0.157,-0.009
0.155,0.001
0.149,0.004
0.157,0.009
0.149,0.012
0.152,0.015
0.156,0.021
0.158,0.010
0.160,0.020
0.158,0.014
0.167,0.019
0.163,0.023
0.158,0.025
0.156,0.028
0.159,0.039
0.164,0.033
0.170,0.036
0.161,0.040
0.149,0.038
0.150,0.044
0.168,0.045
0.156,0.043
0.162,0.045
0.156,0.045
0.152,0.050
0.147,0.059
0.152,0.060
0.159,0.064
0.155,0.066
0.169,0.079
0.156,0.082
0.153,0.089
0.151,0.097
0.144,0.103
0.144,0.102
0.130,0.105
0.128,0.116
0.129,0.109
0.120,0.102
0.126,0.104
0.122,0.106
0.131,0.101
0.128,0.104
0.129,0.101
0.123,0.103
0.119,0.116
0.107,0.119
0.105,0.113
0.104,0.126
0.092,0.121
0.093,0.114
0.102,0.117
0.098,0.124
0.093,0.126
0.094,0.122
0.094,0.130
0.099,0.122
0.104,0.120
0.103,0.125
0.111,0.125
0.097,0.142
0.088,0.137
0.089,0.136
0.075,0.140
0.071,0.150
0.068,0.142
0.065,0.133
0.057,0.139
0.066,0.134
0.063,0.133
0.065,0.147
0.077,0.143
0.074,0.146
0.070,0.145
0.062,0.150
0.050,0.141
0.052,0.142
0.049,0.146
0.046,0.146
0.051,0.138
0.050,0.132
0.039,0.118
0.040,0.126
0.037,0.120
0.044,0.113
0.046,0.108
0.052,0.099
0.041,0.105
0.039,0.101
0.050,0.095
0.047,0.088
0.044,0.077
0.042,0.077
0.042,0.072
0.037,0.077
0.042,0.066
0.025,0.068
0.027,0.059
0.036,0.057
0.036,0.053
0.029,0.049
0.038,0.053
0.042,0.053
0.034,0.048
0.026,0.041
0.023,0.043
0.030,0.040
0.031,0.039
0.030,0.033
0.037,0.020
0.039,0.017
0.022,0.015
0.014,0.005
0.004,0.002
0.014,-0.002
0.023,0.004
0.022,-0.001
0.026,-0.010
0.035,-0.019
0.042,-0.011
0.047,-0.016
0.049,-0.017
0.050,-0.018
0.055,-0.020
0.049,-0.028
0.054,-0.030
0.044,-0.026
0.050,-0.032
0.050,-0.029
0.063,-0.026
0.069,-0.034
0.070,-0.034
0.071,-0.032
0.070,-0.033
0.072,-0.039
0.081,-0.036
0.076,-0.026
0.080,-0.034
0.084,-0.036
0.079,-0.033
0.075,-0.031
0.073,-0.045
0.066,-0.037
0.077,-0.050
0.084,-0.049
0.080,-0.052
0.099,-0.055
0.106,-0.042
0.110,-0.039
0.113,-0.039
0.114,-0.033
0.120,-0.026
0.122,-0.027
0.106,-0.015
0.106,-0.026
0.110,-0.027
0.111,-0.031
0.121,-0.031
0.125,-0.033
0.123,-0.035
0.140,-0.037
0.137,-0.026
0.147,-0.025
0.141,-0.022
0.140,-0.007
0.148,-0.014
0.152,0.000
0.156,-0.000
0.157,-0.002
0.155,0.005
0.158,0.014
0.161,0.020
0.157,0.021
0.158,0.023
0.160,0.018
0.159,0.022
0.168,0.020
0.158,0.026
0.167,0.027
0.165,0.025
0.169,0.039
0.161,0.040
0.160,0.044
0.148,0.058
0.158,0.054
0.151,0.044
0.156,0.050
0.156,0.055
0.154,0.068
0.163,0.059
0.154,0.054
0.152,0.062
0.160,0.065
0.144,0.067
0.162,0.076
0.161,0.072
0.168,0.079
0.162,0.093
0.155,0.097
0.150,0.101
0.145,0.106
0.137,0.104
0.134,0.106
0.131,0.112
0.121,0.108
0.124,0.098
0.124,0.101
0.128,0.101
0.127,0.102
0.130,0.112
0.126,0.114
0.119,0.122
0.120,0.122
0.123,0.123
0.115,0.129
0.108,0.130
0.105,0.127
0.113,0.119
0.101,0.115
0.101,0.121
0.096,0.122
0.092,0.122
0.098,0.126
0.094,0.137
0.097,0.124
0.114,0.133
0.103,0.138
0.108,0.142
0.091,0.146
0.074,0.142
0.069,0.140
0.070,0.139
0.062,0.130
0.066,0.128
0.059,0.131
0.064,0.141
0.063,0.135
0.074,0.142
0.067,0.142
0.073,0.132
0.060,0.133
0.058,0.135
0.043,0.147
0.041,0.132
0.043,0.120
0.038,0.123
0.034,0.109
0.036,0.118
0.042,0.108
0.030,0.110
0.033,0.103
0.030,0.093
0.022,0.095
0.022,0.086
0.029,0.088
0.027,0.084
0.031,0.079
0.029,0.080
0.027,0.078
0.033,0.078
0.023,0.067
0.022,0.071
0.020,0.079
0.024,0.067
0.021,0.061
0.023,0.065
0.029,0.064
0.024,0.058
0.025,0.055
0.026,0.057
0.030,0.043
0.032,0.043
0.028,0.045
0.028,0.036
0.022,0.036
0.023,0.034
0.023,0.027
0.014,0.032
-0.001,0.030
-0.000,0.023
0.009,0.019
0.016,0.006
0.012,-0.005
0.025,-0.000
0.026,-0.014
0.023,-0.012
0.034,-0.011
0.042,-0.014
0.041,-0.009
0.038,-0.013
0.040,-0.012
0.036,-0.025
0.041,-0.025
0.040,-0.031
0.042,-0.027
0.045,-0.038
0.049,-0.041
0.059,-0.037
0.057,-0.036
0.063,-0.029
0.068,-0.039
0.069,-0.031
0.056,-0.032
0.066,-0.029
0.065,-0.036
0.066,-0.042
0.069,-0.034
0.065,-0.033
0.059,-0.039
0.065,-0.033
0.071,-0.036
0.092,-0.045
0.091,-0.042
0.093,-0.042
0.112,-0.039
0.111,-0.036
0.113,-0.037
0.110,-0.039
0.115,-0.022
0.108,-0.026
0.107,-0.029
0.105,-0.037
0.111,-0.035
0.115,-0.027
0.115,-0.024
0.129,-0.030
0.132,-0.026
0.135,-0.029
0.140,-0.022
0.150,-0.016
0.151,-0.014
0.157,-0.009
0.155,-0.001
0.160,-0.001
0.165,0.010
0.164,0.002
0.155,0.008
0.162,0.010
0.155,0.007
0.156,0.017
0.162,0.016
0.155,0.029
0.156,0.030
0.162,0.037
0.158,0.027
0.161,0.027
0.165,0.035
0.164,0.039
0.167,0.042
0.156,0.037
0.165,0.048
0.159,0.053
0.153,0.051
0.158,0.056
0.151,0.039
0.163,0.044
0.157,0.052
0.150,0.060
0.159,0.054
0.150,0.064
0.156,0.077
0.166,0.076
0.172,0.070
0.167,0.080
0.168,0.082
0.165,0.092
0.150,0.097
0.152,0.091
0.137,0.104
0.131,0.102
0.122,0.098
0.119,0.103
0.132,0.103
0.127,0.112
0.126,0.109
0.128,0.117
0.131,0.115
0.129,0.113
0.130,0.123
0.113,0.127
0.112,0.129
0.107,0.131
0.108,0.127
0.101,0.131
0.104,0.126
0.105,0.120
0.101,0.129
0.094,0.121
0.097,0.130
0.087,0.132
0.108,0.131
0.104,0.136
0.104,0.135
0.091,0.143
0.088,0.151
0.078,0.163
0.079,0.164
0.067,0.152
0.069,0.152
0.058,0.160
0.060,0.148
0.059,0.151
0.068,0.147
0.064,0.148
0.065,0.136
0.070,0.139
0.065,0.145
0.077,0.146
0.065,0.142
0.052,0.144
0.053,0.139
0.043,0.137
0.051,0.125
0.044,0.129
0.033,0.137
0.030,0.128
0.035,0.112
0.037,0.125
0.027,0.115
0.039,0.110
0.034,0.099
0.033,0.097
0.037,0.094
0.027,0.099
0.028,0.093
0.033,0.091
0.021,0.095
0.031,0.076
0.024,0.073
0.027,0.080
0.031,0.074
0.026,0.069
0.025,0.068
0.029,0.058
0.027,0.053
0.029,0.049
0.029,0.055
0.028,0.051
0.035,0.049
0.022,0.040
0.022,0.044
0.020,0.038
0.018,0.033
0.025,0.032
0.020,0.025
0.013,0.031
0.007,0.024
0.017,0.012
0.022,0.006
0.017,-0.002
0.026,-0.005
0.027,0.007
0.050,-0.014
0.055,-0.020
0.057,-0.013
0.058,-0.014
0.057,-0.018
0.051,-0.018
0.049,-0.021
0.048,-0.025
0.048,-0.033
0.051,-0.034
0.058,-0.032
0.064,-0.045
0.061,-0.038
0.072,-0.039
0.074,-0.030
0.068,-0.034
0.079,-0.031
0.086,-0.033
0.084,-0.034
0.087,-0.036
0.074,-0.027
0.071,-0.023
0.069,-0.043
0.071,-0.040
0.082,-0.043
0.083,-0.039
0.084,-0.047
0.100,-0.044
0.109,-0.033
0.123,-0.035
0.129,-0.036
0.122,-0.031
0.129,-0.036
0.120,-0.022
0.116,-0.018
0.118,-0.023
0.110,-0.028
0.113,-0.025
0.118,-0.019
0.127,-0.030
0.134,-0.031
0.134,-0.031
0.141,-0.027
0.149,-0.020
0.158,-0.018
0.157,-0.015
0.155,0.004
0.157,-0.003
0.167,0.007
0.160,0.010
0.156,0.012
0.159,0.015
0.169,0.021
0.172,0.021
0.171,0.020
0.171,0.017
0.168,0.019
0.172,0.030
0.167,0.037
0.171,0.036
0.174,0.045
0.166,0.050
0.171,0.051
0.166,0.051
0.159,0.058
0.164,0.044
0.165,0.055
0.164,0.064
0.169,0.064
0.171,0.060
0.175,0.062
0.159,0.070
0.163,0.076
0.166,0.075
0.156,0.073
0.172,0.085
0.169,0.087
0.180,0.095
0.169,0.101
0.161,0.111
0.158,0.109
0.150,0.124
0.140,0.132
0.137,0.126
0.124,0.121
0.130,0.123
0.131,0.112
0.129,0.113
0.129,0.108
0.125,0.118
0.134,0.122
0.127,0.124
0.132,0.123
0.123,0.129
0.115,0.127
0.111,0.127
0.112,0.127
0.104,0.132
0.095,0.133
0.097,0.134
0.106,0.135
0.093,0.139
0.094,0.137
0.095,0.138
0.098,0.138
0.105,0.130
0.104,0.140
0.103,0.149
0.105,0.146
0.092,0.143
0.072,0.150
0.069,0.150
0.066,0.151
0.068,0.140
0.057,0.147
0.056,0.143
0.059,0.144
0.056,0.142
0.061,0.140
0.058,0.138
0.047,0.147
0.064,0.143
0.057,0.156
0.047,0.147
0.040,0.141
0.040,0.130
0.031,0.138
0.032,0.134
0.031,0.129
0.035,0.118
0.032,0.115
0.030,0.111
0.024,0.109
0.028,0.110
0.026,0.112
0.031,0.105
0.029,0.100
0.034,0.102
0.030,0.095
0.022,0.102
0.031,0.099
0.029,0.081
0.029,0.082
0.031,0.084
0.026,0.077
0.015,0.076
0.024,0.070
0.020,0.071
0.029,0.072
0.032,0.069
0.034,0.066
0.025,0.060
0.030,0.052
0.030,0.062
0.027,0.045
0.027,0.043
0.028,0.047
0.029,0.034
0.030,0.033
0.027,0.024
0.010,0.023
0.016,0.014
0.018,0.010
0.023,0.002
0.026,-0.005
0.031,-0.000
0.039,-0.002
0.051,-0.008
0.056,-0.004
0.049,0.001
0.048,0.007
0.051,-0.017
0.043,-0.008
0.046,-0.017
0.042,-0.014
0.037,-0.011
0.054,-0.025
0.057,-0.033
0.060,-0.031
0.072,-0.020
0.070,-0.012
0.070,-0.026
0.073,-0.026
0.076,-0.020
0.076,-0.022
0.080,-0.012
0.083,-0.022
0.081,-0.024
0.074,-0.023
0.073,-0.026
0.071,-0.028
0.073,-0.029
0.078,-0.032
0.095,-0.027
0.096,-0.034
0.103,-0.034
0.115,-0.023
0.118,-0.022
0.118,-0.021
0.106,-0.023
0.108,-0.022
0.115,-0.023
0.103,-0.018
0.113,-0.014
0.118,-0.025
0.121,-0.026
0.125,-0.030
0.129,-0.027
0.143,-0.029
0.137,-0.017
0.151,-0.013
0.152,-0.008
0.151,-0.003
0.152,0.003
0.158,0.004
0.161,0.006
0.155,0.011
0.152,0.018
0.160,0.016
0.159,0.018
0.161,0.027
0.162,0.020
0.166,0.033
0.165,0.040
0.168,0.023
0.168,0.035
0.171,0.034
0.176,0.036
0.177,0.031
0.173,0.031
0.165,0.046
0.159,0.054
0.160,0.053
0.164,0.057
0.151,0.058
0.166,0.048
0.154,0.057
0.153,0.061
0.159,0.069
0.162,0.076
0.162,0.074
0.154,0.080
0.161,0.079
0.161,0.082
0.162,0.093
0.160,0.096
0.157,0.107
0.148,0.107
0.146,0.108
0.142,0.109
0.134,0.125
0.128,0.116
0.123,0.111
0.130,0.112
0.121,0.110
0.124,0.108
0.126,0.113
0.121,0.111
0.122,0.113
0.124,0.113
0.108,0.120
0.114,0.125
0.106,0.111
0.101,0.122
0.094,0.125
0.099,0.120
0.092,0.121
0.088,0.129
0.088,0.130
0.091,0.130
0.096,0.126
0.102,0.131
0.095,0.126
0.096,0.125
0.094,0.141
0.093,0.141
0.075,0.138
0.071,0.149
0.063,0.147
0.058,0.144
0.065,0.138
0.067,0.141
0.060,0.140
0.060,0.143
0.067,0.144
0.072,0.139
0.068,0.145
0.069,0.149
0.062,0.146
0.053,0.147
0.051,0.141
0.045,0.145
0.051,0.144
0.040,0.143
0.028,0.131
0.040,0.128
0.044,0.121
0.043,0.109
0.039,0.104
0.037,0.109
0.041,0.106
0.032,0.103
0.034,0.095
0.031,0.098
0.037,0.095
0.031,0.083
0.029,0.087
0.024,0.083
0.021,0.086
0.023,0.083
0.033,0.068
0.031,0.067
0.027,0.058
0.030,0.057
0.032,0.060
0.026,0.056
0.030,0.056
0.029,0.045
0.026,0.047
0.022,0.038
0.023,0.043
0.016,0.034
0.022,0.031
0.020,0.032
0.018,0.023
0.011,0.024
0.013,0.016
-0.001,0.014
0.013,-0.000
0.022,-0.007
0.018,-0.004
0.031,-0.016
0.034,-0.030
0.040,-0.024
0.055,-0.020
0.045,-0.009
0.053,-0.021
0.051,-0.021
0.041,-0.019
0.042,-0.015
0.031,-0.016
0.046,-0.032
0.044,-0.033
0.046,-0.023
0.056,-0.041
0.063,-0.028
0.065,-0.035
0.073,-0.037
0.077,-0.031
0.081,-0.042
0.075,-0.035
0.079,-0.036
0.079,-0.038
0.074,-0.033
0.080,-0.034
0.075,-0.041
0.068,-0.042
0.073,-0.047
0.081,-0.044
0.087,-0.052
0.096,-0.051
0.107,-0.052
0.118,-0.041
0.112,-0.041
0.113,-0.035
0.109,-0.030
0.112,-0.026
0.110,-0.027
0.112,-0.037
0.100,-0.038
0.100,-0.037
0.108,-0.046
0.124,-0.041
0.127,-0.040
0.139,-0.037
0.142,-0.042
0.146,-0.039
0.145,-0.030
0.151,-0.021
0.161,-0.008
0.157,-0.016
0.150,-0.004
0.146,-0.006
0.158,0.004
0.157,0.008
0.158,0.003
0.162,0.002
0.155,0.006
0.151,0.005
0.166,0.004
0.160,0.012
0.166,0.012
0.165,0.008
0.177,0.015
0.170,0.030
0.164,0.041
0.169,0.036
0.157,0.046
0.147,0.039
0.158,0.032
0.151,0.046
0.164,0.043
0.165,0.041
0.167,0.056
0.156,0.042
0.148,0.053
0.153,0.048
0.170,0.054
0.161,0.060
0.157,0.056
0.171,0.070
0.173,0.074
0.167,0.082
0.155,0.091
0.151,0.095
0.137,0.094
0.136,0.097
0.134,0.091
0.127,0.093
0.129,0.091
0.115,0.100
0.125,0.105
0.127,0.099
0.124,0.099
0.136,0.097
0.129,0.107
0.131,0.111
0.118,0.111
0.109,0.121
0.106,0.127
0.101,0.116
0.101,0.125
0.095,0.117
0.097,0.123
0.091,0.122
0.099,0.118
0.093,0.120
0.094,0.122
0.106,0.119
0.104,0.126
0.094,0.129
0.093,0.138
0.099,0.130
0.072,0.142
0.078,0.142
0.071,0.137
0.067,0.139
0.066,0.140
0.055,0.146
0.062,0.140
0.072,0.131
0.070,0.133
0.061,0.135
0.071,0.142
0.067,0.137
0.060,0.140
0.062,0.142
0.047,0.140
0.045,0.134
0.034,0.124
0.038,0.119
0.039,0.111
0.035,0.106
0.039,0.110
0.028,0.106
0.032,0.096
0.035,0.104
0.037,0.091
0.039,0.088
0.036,0.080
0.031,0.092
0.034,0.091
0.022,0.078
0.024,0.092
0.029,0.076
0.032,0.073
0.032,0.058
0.032,0.063
0.028,0.062
0.034,0.065
0.031,0.055
0.030,0.058
0.039,0.056
0.029,0.057
0.028,0.058
0.029,0.049
0.032,0.043
0.029,0.048
0.030,0.042
0.030,0.036
0.036,0.035
0.037,0.032
0.029,0.030
0.017,0.024
0.010,0.019
0.010,0.004
0.016,0.006
0.018,-0.005
0.022,-0.006
0.034,-0.006
0.037,-0.011
0.039,-0.014
0.047,-0.010
0.046,-0.020
0.045,-0.015
0.035,-0.019
0.040,-0.020
0.036,-0.016
0.041,-0.028
0.048,-0.021
0.054,-0.028
0.059,-0.028
0.065,-0.029
0.071,-0.025
0.064,-0.033
0.072,-0.028
0.067,-0.030
0.077,-0.033
0.080,-0.030
0.071,-0.026
0.069,-0.027
0.069,-0.028
0.067,-0.038
0.071,-0.034
0.064,-0.030
0.079,-0.042
0.082,-0.042
0.102,-0.042
0.102,-0.048
0.116,-0.031
0.108,-0.031
0.122,-0.028
0.119,-0.024
0.119,-0.022
0.103,-0.027
0.104,-0.026
0.101,-0.025
0.105,-0.033
0.111,-0.038
0.118,-0.046
0.133,-0.049
0.144,-0.040
0.143,-0.031
0.149,-0.023
0.140,-0.014
0.146,-0.006
0.156,-0.012
0.151,-0.015
0.153,-0.009
0.151,-0.005
0.159,0.000
0.156,-0.003
0.164,0.006
0.161,0.011
0.161,0.019
0.164,0.017
0.155,0.023
0.160,0.023
0.164,0.028
0.166,0.034
0.169,0.035
0.169,0.044
0.161,0.049
0.164,0.032
0.159,0.035
0.151,0.045
0.165,0.040
0.162,0.040
0.156,0.051
0.160,0.048
0.158,0.054
0.150,0.053
0.162,0.055
0.162,0.062
0.159,0.065
0.156,0.072
0.162,0.068
0.165,0.077
0.171,0.086
0.150,0.092
0.147,0.098
0.142,0.100
0.137,0.106
0.134,0.096
0.126,0.098
0.124,0.104
0.130,0.099
0.131,0.093
0.125,0.102
0.129,0.095
0.120,0.107
0.119,0.109
0.128,0.109
0.129,0.118
0.105,0.124
0.110,0.126
0.103,0.131
0.095,0.137
0.098,0.130
0.104,0.132
0.092,0.136
0.079,0.134
0.088,0.135
0.089,0.137
0.100,0.135
0.100,0.142
0.093,0.132
0.101,0.141
0.092,0.147
0.085,0.139
0.075,0.150
0.071,0.145
0.068,0.155
0.072,0.146
0.054,0.143
0.068,0.144
0.068,0.140
0.069,0.137
0.069,0.146
0.061,0.147
0.062,0.148
0.061,0.144
0.047,0.154
0.042,0.161
0.039,0.152
0.046,0.148
0.034,0.136
0.032,0.139
0.030,0.131
0.028,0.127
0.033,0.117
0.038,0.122
0.043,0.108
0.046,0.105
0.048,0.107
0.028,0.118
0.034,0.105
0.031,0.095
0.036,0.107
0.028,0.105
0.028,0.092
0.031,0.091
0.025,0.087
0.027,0.084
0.021,0.089
0.020,0.075
0.023,0.079
0.031,0.075
0.025,0.063
0.028,0.068
0.031,0.066
0.030,0.078
0.025,0.061
0.017,0.056
0.032,0.049
0.028,0.046
0.022,0.043
0.014,0.047
0.015,0.038
0.019,0.033
0.017,0.024
0.001,0.016
0.019,0.007
0.021,0.007
0.021,0.002
0.024,0.008
0.035,0.002
0.037,-0.003
0.037,-0.001
0.053,-0.007
0.044,-0.008
0.033,-0.009
0.051,-0.015
0.047,-0.014
0.041,-0.016
0.037,-0.016
0.047,-0.022
0.057,-0.030
0.058,-0.031
0.068,-0.035
0.066,-0.027
0.075,-0.022
0.083,-0.034
0.078,-0.021
0.079,-0.028
0.077,-0.018
0.084,-0.027
0.069,-0.021
0.071,-0.032
0.067,-0.033
0.067,-0.030
0.073,-0.038
0.072,-0.031
0.097,-0.034
0.100,-0.038
0.108,-0.034
0.114,-0.034
0.125,-0.034
0.118,-0.033
0.116,-0.028
0.105,-0.026
0.110,-0.020
0.109,-0.022
0.114,-0.026
0.106,-0.041
0.117,-0.042
0.130,-0.031
0.135,-0.032
0.149,-0.018
0.144,-0.020
0.148,-0.017
0.152,-0.019
0.153,-0.009
0.154,-0.013
0.165,-0.000
0.158,0.003
0.165,0.002
0.161,0.007
0.160,0.010
0.155,0.011
0.159,0.011
0.157,0.020
0.167,0.010
0.162,0.012
0.156,0.027
0.161,0.030
0.164,0.033
0.156,0.043
0.168,0.046
0.164,0.052
0.164,0.050
0.155,0.054
0.161,0.054
0.158,0.046
0.147,0.041
0.154,0.058
0.160,0.063
0.153,0.077
0.151,0.078
0.149,0.072
0.157,0.069
0.160,0.074
0.157,0.080
0.167,0.081
0.158,0.090
0.166,0.100
0.149,0.102
0.148,0.101
0.137,0.114
0.131,0.110
0.129,0.111
0.117,0.115
0.117,0.116
0.125,0.123
0.124,0.111
0.119,0.114
0.122,0.116
0.129,0.125
0.127,0.121
0.118,0.124
0.125,0.123
0.103,0.126
0.106,0.126
0.103,0.122
0.089,0.124
0.097,0.139
0.094,0.121
0.087,0.131
0.095,0.124
0.099,0.136
0.099,0.131
0.101,0.130
0.109,0.136
0.098,0.146
0.087,0.146
0.092,0.144
0.079,0.156
0.063,0.148
0.049,0.147
0.050,0.144
0.060,0.142
0.072,0.129
0.070,0.137
0.063,0.137
0.069,0.141
0.076,0.136
0.070,0.144
0.066,0.139
0.053,0.144
0.051,0.147
0.049,0.145
0.043,0.141
0.043,0.136
0.041,0.124
0.037,0.123
0.034,0.125
0.041,0.115
0.039,0.115
0.035,0.117
0.030,0.112
0.034,0.113
0.032,0.101
0.037,0.096
0.043,0.101
0.042,0.091
0.038,0.091
0.037,0.095
0.037,0.084
0.035,0.090
0.035,0.084
0.036,0.071
0.026,0.068
0.033,0.069
0.028,0.056
0.029,0.057
0.023,0.058
0.028,0.051
0.035,0.046
0.032,0.042
0.028,0.041
0.020,0.034
0.024,0.036
0.021,0.042
0.036,0.036
0.019,0.036
0.020,0.027
0.015,0.015
0.005,0.009
0.009,0.004
0.020,-0.005
0.026,-0.003
0.034,-0.006
0.036,-0.016
0.038,-0.009
0.043,-0.021
0.045,-0.025
0.050,-0.019
0.047,-0.029
0.037,-0.014
0.048,-0.019
0.045,-0.025
0.043,-0.025
0.050,-0.035
0.058,-0.033
0.062,-0.032
0.067,-0.027
0.071,-0.033
0.073,-0.033
0.071,-0.025
0.074,-0.026
0.077,-0.021
0.072,-0.005
0.075,-0.020
0.079,-0.020
0.068,-0.013
0.073,-0.034
0.069,-0.032
0.073,-0.034
0.069,-0.037
0.082,-0.039
0.100,-0.035
0.105,-0.034
0.112,-0.025
0.114,-0.029
0.115,-0.023
0.116,-0.025
0.111,-0.022
0.099,-0.023
0.097,-0.022
0.105,-0.023
0.109,-0.023
0.109,-0.029
0.123,-0.026
0.130,-0.021
0.131,-0.027
0.140,-0.028
0.146,-0.021
0.145,-0.014
0.148,-0.014
0.149,-0.003
0.149,0.007
0.157,0.010
0.156,0.017
0.145,0.009
0.155,0.011
0.150,0.022
0.152,0.025
0.149,0.019
0.154,0.012
0.153,0.010
0.155,0.026
0.153,0.026
0.147,0.034
0.161,0.019
0.156,0.033
0.164,0.036
0.159,0.045
0.146,0.048
0.146,0.051
0.155,0.049
0.154,0.049
0.151,0.056
0.159,0.060
0.153,0.061
0.154,0.068
0.154,0.064
0.159,0.067
0.151,0.072
0.159,0.066
0.169,0.064
0.163,0.074
0.159,0.081
0.158,0.096
0.149,0.095
0.146,0.111
0.129,0.109
0.126,0.102
0.123,0.113
0.125,0.103
0.123,0.097
0.123,0.090
0.120,0.098
0.122,0.114
0.125,0.115
0.124,0.118
0.123,0.130
0.121,0.130
0.109,0.124
0.102,0.128
0.107,0.123
0.101,0.132
0.092,0.131
0.101,0.122
0.102,0.121
0.098,0.127
0.093,0.123
0.092,0.129
0.092,0.138
0.099,0.141
0.098,0.143
0.105,0.149
0.088,0.147
0.083,0.147
0.081,0.149
0.069,0.148
0.066,0.138
0.057,0.147
0.057,0.151
0.060,0.139
0.062,0.135
0.065,0.130
0.070,0.143
0.062,0.145
0.060,0.142
0.060,0.141
0.047,0.149
0.044,0.143
0.049,0.142
0.044,0.142
0.039,0.136
0.035,0.118
0.037,0.120
0.033,0.124
0.027,0.121
0.021,0.119
0.033,0.117
0.027,0.116
0.028,0.103
0.033,0.093
0.030,0.094
0.023,0.087
0.025,0.095
0.027,0.085
0.028,0.085
0.023,0.084
0.021,0.084
0.020,0.072
0.023,0.067
0.018,0.070
0.015,0.056
0.013,0.060
0.021,0.051
0.030,0.048
0.022,0.049
0.018,0.038
0.017,0.046
0.017,0.043
0.017,0.034
0.017,0.046
0.015,0.040
0.020,0.036
0.014,0.032
0.012,0.019
-0.000,0.016
0.001,0.001
0.014,0.001
0.012,-0.010
0.018,-0.019
0.021,-0.008
0.032,-0.014
0.035,-0.023
0.032,-0.032
0.031,-0.022
0.042,-0.023
0.040,-0.031
0.038,-0.027
0.038,-0.028
0.032,-0.032
0.043,-0.041
0.055,-0.044
0.054,-0.030
0.059,-0.032
0.061,-0.037
0.057,-0.036
0.068,-0.032
0.060,-0.024
0.060,-0.023
0.074,-0.031
0.075,-0.036
0.069,-0.030
0.063,-0.024
0.070,-0.029
0.069,-0.027
0.065,-0.036
0.070,-0.042
0.089,-0.042
0.094,-0.039
0.098,-0.037
0.100,-0.034
0.111,-0.036
0.119,-0.027
0.116,-0.023
0.115,-0.019
0.107,-0.020
0.109,-0.021
0.103,-0.025
0.088,-0.029
0.095,-0.026
0.103,-0.023
0.120,-0.032
0.133,-0.029
0.130,-0.027
0.131,-0.019
0.146,-0.014
0.148,-0.017
0.157,-0.016
0.164,-0.007
0.152,-0.008
0.149,0.002
0.155,0.007
0.152,0.012
0.145,0.010
0.141,0.003
0.142,0.013
0.141,0.018
0.153,0.015
0.148,0.019
0.157,0.009
0.157,0.027
0.154,0.027
0.159,0.029
0.155,0.036
0.162,0.037
0.153,0.037
0.139,0.046
0.146,0.043
0.156,0.062
0.143,0.057
0.145,0.049
0.148,0.059
0.150,0.061
0.151,0.055
0.159,0.061
0.143,0.077
0.152,0.072
0.153,0.074
0.157,0.081
0.159,0.086
0.159,0.084
0.153,0.102
0.145,0.113
0.139,0.108
0.130,0.115
0.127,0.108
0.120,0.107
0.121,0.113
0.121,0.107
0.127,0.114
0.114,0.114
0.122,0.113
0.113,0.131
0.125,0.125
0.124,0.131
0.109,0.132
0.103,0.135
0.104,0.135
0.083,0.148
0.091,0.148
0.098,0.143
0.100,0.142
0.085,0.142
0.085,0.139
0.098,0.131
0.100,0.135
0.098,0.146
0.104,0.154
0.099,0.155
0.107,0.158
0.099,0.151
0.087,0.158
0.080,0.158
0.060,0.153
0.050,0.150
0.050,0.151
0.057,0.152
0.060,0.149
0.060,0.150
0.060,0.137
0.069,0.140
0.059,0.140
0.058,0.134
0.058,0.136
0.045,0.143
0.037,0.146
0.037,0.142
0.026,0.142
0.026,0.133
0.023,0.131
0.031,0.134
0.029,0.124
0.031,0.104
0.024,0.109
0.031,0.100
0.030,0.091
0.029,0.083
0.034,0.090
0.027,0.096
0.037,0.085
0.029,0.096
0.035,0.083
0.026,0.084
0.020,0.076
0.014,0.084
0.025,0.072
0.027,0.064
0.020,0.069
0.023,0.058
0.033,0.050
0.022,0.057
0.034,0.052
0.034,0.050
0.030,0.060
0.021,0.045
0.017,0.034
0.011,0.040
0.020,0.037
0.032,0.030
0.022,0.037
0.018,0.024
0.010,0.013
0.009,0.007
0.003,0.006
0.017,-0.006
0.018,0.000
0.027,-0.008
0.031,-0.019
0.031,-0.021
0.040,-0.024
0.047,-0.020
0.050,-0.013
0.058,-0.021
0.053,-0.023
0.044,-0.017
0.035,-0.026
0.046,-0.025
0.046,-0.031
0.054,-0.039
0.059,-0.039
0.066,-0.043
0.073,-0.044
0.069,-0.048
0.065,-0.048
0.069,-0.049
0.077,-0.041
0.076,-0.041
0.084,-0.042
0.077,-0.040
0.068,-0.049
0.076,-0.052
0.057,-0.033
0.067,-0.057
0.074,-0.052
0.080,-0.048
0.083,-0.048
0.097,-0.051
0.114,-0.050
0.123,-0.046
0.125,-0.039
0.120,-0.033
0.112,-0.029
0.101,-0.021
0.098,-0.036
0.100,-0.047
0.096,-0.039
0.101,-0.038
0.119,-0.042
0.123,-0.054
0.125,-0.042
0.134,-0.042
0.143,-0.038
0.134,-0.036
0.138,-0.035
0.149,-0.023
0.159,-0.021
0.154,-0.016
0.144,-0.004
0.152,-0.015
0.152,-0.007
0.150,-0.011
0.149,0.001
0.155,0.012
0.157,0.011
0.160,0.017
0.157,0.011
0.155,0.021
0.166,0.021
0.160,0.023
0.157,0.029
0.158,0.035
0.155,0.036
0.157,0.038
0.160,0.036
0.150,0.046
0.157,0.042
0.157,0.044
0.158,0.048
0.152,0.046
0.155,0.054
0.144,0.056
0.147,0.056
0.148,0.063
0.162,0.066
0.160,0.066
0.157,0.076
0.165,0.083
0.158,0.091
0.150,0.099
0.146,0.094
0.135,0.101
0.130,0.104
0.122,0.114
0.122,0.109
0.115,0.109
0.114,0.108
0.111,0.108
0.114,0.109
0.115,0.123
0.122,0.116
0.114,0.111
0.115,0.121
0.107,0.127
0.109,0.122
0.095,0.127
0.095,0.133
0.094,0.122
0.094,0.130
0.089,0.127
0.084,0.124
0.094,0.126
0.096,0.134
0.084,0.133
0.091,0.143
0.093,0.135
0.103,0.137
0.096,0.144
0.090,0.155
0.080,0.158
0.066,0.150
0.056,0.149
0.055,0.142
0.054,0.147
0.054,0.146
0.055,0.145
0.051,0.137
0.060,0.142
0.065,0.144
0.058,0.147
0.053,0.150
0.046,0.144
0.039,0.146
0.050,0.135
0.042,0.134
0.027,0.132
0.026,0.131
0.028,0.113
0.030,0.127
0.025,0.124
0.017,0.121
0.028,0.111
0.027,0.114
0.032,0.109
0.025,0.105
0.035,0.109
0.030,0.103
0.033,0.094
0.026,0.086
0.032,0.088
0.028,0.094
0.020,0.089
0.029,0.086
0.028,0.081
0.031,0.071
0.029,0.068
0.026,0.067
0.033,0.056
0.025,0.068
0.028,0.058
0.020,0.056
0.015,0.064
0.021,0.058
0.024,0.050
0.021,0.050
0.022,0.040
0.018,0.040
0.013,0.027
0.012,0.028
0.005,0.025
0.008,0.019
0.003,0.010
0.011,0.003
0.021,0.001
0.032,-0.020
0.037,-0.011
0.040,-0.009
0.042,-0.012
0.044,-0.006
0.042,-0.005
0.037,-0.005
0.036,-0.014
0.038,-0.019
0.033,-0.015
0.034,-0.025
0.046,-0.033
0.047,-0.029
0.052,-0.025
0.060,-0.035
0.064,-0.032
0.068,-0.038
0.063,-0.036
0.069,-0.030
0.071,-0.027
0.074,-0.023
0.072,-0.032
0.077,-0.024
0.073,-0.023
0.065,-0.024
0.071,-0.030
0.065,-0.036
0.084,-0.049
0.083,-0.043
0.096,-0.043
0.099,-0.035
0.109,-0.034
0.105,-0.019
0.107,-0.016
0.113,-0.008
0.114,-0.017
0.101,-0.021
0.105,-0.025
0.094,-0.027
0.089,-0.025
0.111,-0.029
0.125,-0.031
0.130,-0.031
0.138,-0.030
0.143,-0.032
0.142,-0.022
0.154,-0.014
0.142,0.003
0.142,0.008
0.140,0.007
0.151,0.006
0.145,0.009
0.141,0.015
0.148,0.019
0.149,0.021
0.148,0.020
0.160,0.025
0.158,0.027
0.153,0.035
0.167,0.030
0.153,0.033
0.152,0.034
0.149,0.039
0.164,0.040
0.162,0.041
0.152,0.046
0.155,0.049
0.151,0.044
0.152,0.062
0.145,0.058
0.153,0.057
0.159,0.051
0.149,0.055
0.147,0.067
0.146,0.069
0.152,0.076
0.146,0.079
0.157,0.082
0.154,0.088
0.155,0.089
0.158,0.094
0.160,0.097
0.142,0.103
0.138,0.103
0.138,0.106
0.128,0.106
0.117,0.122
0.125,0.111
0.125,0.114
0.123,0.116
0.123,0.118
0.116,0.127
0.117,0.126
0.118,0.135
0.117,0.133
0.125,0.135
0.119,0.133
0.107,0.135
0.099,0.135
0.102,0.130
0.101,0.136
0.096,0.131
0.088,0.130
0.084,0.131
0.092,0.128
0.089,0.139
0.092,0.149
0.106,0.142
0.092,0.149
0.094,0.148
0.097,0.166
0.085,0.166
0.072,0.167
0.057,0.171
0.064,0.161
0.064,0.154
0.063,0.150
0.056,0.155
0.059,0.158
0.064,0.156
0.063,0.159
0.057,0.149
0.057,0.149
0.058,0.150
0.045,0.151
0.034,0.148
0.038,0.153
0.028,0.147
0.034,0.132
0.031,0.126
0.029,0.124
0.028,0.115
0.027,0.116
0.029,0.118
0.028,0.105
0.027,0.104
0.026,0.105
0.028,0.105
0.028,0.098
0.028,0.095
0.028,0.095
0.025,0.096
0.026,0.089
0.026,0.092
0.013,0.086
0.018,0.077
0.025,0.076
0.015,0.076
0.014,0.067
0.020,0.065
0.026,0.065
0.029,0.057
0.023,0.059
0.022,0.057
0.017,0.054
0.023,0.044
0.024,0.038
0.020,0.048
0.023,0.042
0.017,0.036
0.017,0.035
0.007,0.036
0.003,0.026
0.010,0.009
0.016,0.005
0.020,-0.002
0.022,-0.003
0.034,-0.009
0.031,-0.010
0.038,-0.014
0.045,-0.018
0.048,-0.006
0.049,-0.011
0.048,-0.021
0.044,-0.015
0.038,-0.018
0.049,-0.030
0.045,-0.035
0.047,-0.047
0.054,-0.048
0.057,-0.035
0.057,-0.036
0.059,-0.033
0.063,-0.032
0.066,-0.025
0.072,-0.022
0.070,-0.027
0.075,-0.025
0.079,-0.025
0.074,-0.031
0.067,-0.028
0.061,-0.035
0.060,-0.039
0.071,-0.034
0.087,-0.035
0.092,-0.039
0.108,-0.030
0.105,-0.026
0.107,-0.014
0.110,-0.017
0.107,-0.015
0.111,-0.014
0.106,-0.012
0.107,-0.023
0.099,-0.023
0.101,-0.012
0.107,-0.024
0.116,-0.021
0.120,-0.018
0.133,-0.012
0.135,-0.011
0.137,-0.008
0.150,-0.010
0.150,-0.014
0.153,-0.005
0.163,-0.013
0.159,0.003
0.153,0.011
0.151,0.022
0.151,0.022
0.157,0.022
0.148,0.019
0.151,0.021
0.157,0.022
0.161,0.031
0.156,0.027
0.150,0.032
0.154,0.038
0.159,0.044
0.155,0.043
0.156,0.043
0.151,0.052
0.163,0.050
0.158,0.062
0.152,0.059
0.154,0.059
0.152,0.056
0.147,0.059
0.140,0.064
0.153,0.069
0.154,0.069
0.161,0.071
0.158,0.078
0.156,0.075
0.163,0.073
0.154,0.076
0.158,0.086
0.153,0.098
0.140,0.101
0.138,0.106
0.134,0.111
0.128,0.097
0.125,0.113
0.109,0.111
0.119,0.116
0.113,0.115
0.118,0.114
0.116,0.121
0.112,0.124
0.108,0.133
0.112,0.133
0.108,0.135
0.097,0.131
0.101,0.134
0.101,0.124
0.092,0.130
0.084,0.131
0.092,0.122
0.091,0.130
0.077,0.136
0.084,0.131
0.090,0.127
0.092,0.124
0.101,0.122
0.095,0.134
0.093,0.148
0.094,0.146
0.088,0.148
0.078,0.156
0.075,0.155
0.071,0.147
0.059,0.151
0.052,0.146
0.054,0.156
0.055,0.150
0.059,0.145
0.058,0.147
0.066,0.144
0.060,0.147
0.063,0.150
0.042,0.149
0.040,0.149
0.041,0.137
0.032,0.142
0.030,0.144
0.034,0.151
0.034,0.131
0.042,0.123
0.030,0.123
0.027,0.113
0.032,0.115
0.032,0.119
0.022,0.118
0.031,0.107
0.033,0.102
0.028,0.097
0.029,0.096
0.036,0.091
0.020,0.084
0.023,0.090
0.014,0.087
0.025,0.076
0.013,0.083
0.016,0.077
0.022,0.069
0.027,0.071
0.031,0.059
0.023,0.066
0.014,0.074
0.019,0.053
0.023,0.054
0.025,0.052
0.029,0.044
0.022,0.045
0.025,0.039
0.018,0.032
0.016,0.042
0.007,0.031
0.007,0.025
-0.003,0.014
0.009,0.008
0.019,0.006
0.018,0.007
0.031,0.004
0.038,0.007
0.041,0.003
0.031,-0.000
0.031,0.003
0.040,0.002
0.039,0.003
0.040,-0.008
0.036,-0.021
0.038,-0.016
0.040,-0.025
0.040,-0.015
0.049,-0.020
0.050,-0.026
0.049,-0.017
0.058,-0.014
0.062,-0.020
0.065,-0.026
0.073,-0.029
0.072,-0.023
0.078,-0.025
0.077,-0.013
0.076,-0.020
0.066,-0.012
0.070,-0.020
0.071,-0.021
0.075,-0.026
0.074,-0.032
0.083,-0.037
0.090,-0.036
0.097,-0.034
0.097,-0.019
0.109,-0.023
0.111,-0.014
0.107,-0.007
0.095,-0.011
0.097,-0.017
0.090,-0.016
0.099,-0.021
0.104,-0.013
0.107,-0.011
0.118,-0.018
0.120,-0.017
0.129,-0.012
0.132,-0.009
0.133,0.004
0.135,-0.000
0.143,-0.001
0.140,0.010
0.149,0.009
0.147,0.025
0.149,0.017
0.141,0.031
0.139,0.026
0.152,0.025
0.149,0.035
0.151,0.031
0.143,0.038
0.149,0.026
0.152,0.038
0.154,0.033
0.150,0.034
0.155,0.050
0.154,0.064
0.160,0.066
0.159,0.063
0.163,0.064
0.150,0.061
0.162,0.063
0.156,0.062
0.155,0.068
0.156,0.062
0.158,0.072
0.165,0.075
0.151,0.076
0.155,0.077
0.163,0.077
0.157,0.071
0.164,0.089
0.163,0.088
0.154,0.101
0.151,0.117
0.147,0.122
0.143,0.112
0.139,0.118
0.132,0.107
0.133,0.107
0.118,0.109
0.118,0.119
0.121,0.123
0.120,0.116
0.119,0.116
0.121,0.136
0.125,0.137
0.121,0.143
0.106,0.142
0.105,0.129
0.103,0.129
0.097,0.130
0.100,0.130
0.099,0.120
0.091,0.136
0.086,0.139
0.086,0.138
0.082,0.134
0.094,0.135
0.092,0.143
0.092,0.143
0.100,0.140
0.094,0.148
0.082,0.148
0.079,0.156
0.065,0.160
0.057,0.165
0.057,0.154
0.052,0.152
0.051,0.157
0.051,0.156
0.064,0.144
0.061,0.145
0.057,0.145
0.071,0.143
0.058,0.146
0.062,0.143
0.052,0.154
0.045,0.145
0.028,0.146
0.027,0.138
0.028,0.126
0.027,0.137
0.025,0.139
0.024,0.139
0.019,0.128
0.020,0.124
0.016,0.120
0.021,0.111
0.016,0.112
0.027,0.104
0.026,0.105
0.022,0.110
0.022,0.115
0.022,0.087
0.026,0.087
0.012,0.085
0.021,0.089
0.016,0.087
0.019,0.077
0.018,0.077
0.012,0.075
0.012,0.062
0.021,0.063
0.020,0.057
0.019,0.055
0.015,0.052
0.011,0.044
0.015,0.048
0.015,0.041
0.019,0.040
0.020,0.050
0.021,0.045
0.019,0.037
0.006,0.035
0.014,0.022
0.008,0.020
0.019,0.010
0.015,0.002
0.025,-0.005
0.038,-0.007
0.030,-0.009
0.035,-0.006
0.038,-0.007
0.048,-0.007
0.038,-0.006
0.037,-0.004
0.042,-0.006
0.030,-0.008
0.041,-0.014
0.046,-0.016
0.043,-0.018
0.044,-0.022
0.061,-0.026
0.065,-0.033
0.068,-0.021
0.065,-0.012
0.067,-0.021
0.081,-0.019
0.077,-0.022
0.076,-0.023
0.080,-0.011
0.076,-0.016
0.068,-0.012
0.076,-0.022
0.071,-0.032
0.080,-0.026
0.078,-0.034
0.086,-0.027
0.096,-0.026
0.109,-0.020
0.126,-0.024
0.124,-0.019
0.112,-0.012
0.116,-0.007
0.107,-0.009
0.097,-0.014
0.100,-0.020
0.098,-0.014
0.100,-0.022
0.109,-0.019
0.118,-0.013
0.126,-0.008
0.130,-0.013
0.132,-0.010
0.143,-0.015
0.146,-0.006
0.149,-0.002
0.149,-0.007
0.151,-0.001
0.148,0.004
0.142,0.010
0.154,0.011
0.147,0.014
0.144,0.015
0.143,0.030
0.155,0.031
0.158,0.031
0.155,0.032
0.162,0.022
0.156,0.037
0.150,0.043
0.160,0.047
0.151,0.050
0.158,0.056
0.160,0.056
0.152,0.052
0.147,0.057
0.148,0.065
0.146,0.059
0.162,0.057
0.157,0.060
0.157,0.055
0.151,0.073
0.150,0.069
0.161,0.081
0.160,0.082
0.162,0.088
0.163,0.094
0.163,0.096
0.159,0.104
0.155,0.098
0.148,0.110
0.141,0.108
0.138,0.122
0.130,0.118
0.118,0.119
0.129,0.117
0.118,0.116
0.126,0.112
0.121,0.117
0.119,0.118
0.125,0.126
0.126,0.136
0.113,0.137
0.115,0.127
0.101,0.130
0.106,0.128
0.097,0.127
0.103,0.128
0.100,0.135
0.095,0.130
0.083,0.135
0.092,0.124
0.091,0.124
0.090,0.133
0.090,0.139
0.101,0.144
0.089,0.150
0.098,0.149
0.086,0.157
0.078,0.151
0.068,0.158
0.064,0.154
0.060,0.153
0.057,0.149
0.067,0.152
0.061,0.160
0.065,0.143
0.063,0.142
0.067,0.132
0.075,0.143
0.068,0.137
0.065,0.134
0.048,0.138
0.049,0.135
0.046,0.135
0.035,0.132
0.041,0.139
0.030,0.129
0.027,0.125
0.034,0.117
0.019,0.114
0.029,0.106
0.027,0.105
0.028,0.101
0.029,0.099
0.035,0.093
0.033,0.095
0.039,0.091
0.020,0.093
0.019,0.085
0.028,0.083
0.027,0.083
0.023,0.075
0.021,0.073
0.015,0.079
0.006,0.065
0.022,0.061
0.019,0.059
0.027,0.065
0.030,0.067
0.029,0.054
0.025,0.053
0.021,0.060
0.025,0.049
0.034,0.051
0.024,0.050
0.024,0.040
0.015,0.030
0.013,0.026
0.002,0.028
-0.001,0.017
0.010,0.019
0.007,0.013
0.016,0.010
0.024,0.010
0.032,-0.004
0.035,0.001
0.036,-0.006
0.033,-0.004
0.038,-0.005
0.038,-0.012
0.038,-0.008
0.039,-0.017
0.039,-0.017
0.038,-0.020
0.045,-0.039
0.050,-0.033
0.054,-0.044
0.059,-0.039
0.058,-0.031
0.061,-0.029
0.063,-0.039
0.072,-0.032
0.079,-0.027
0.081,-0.037
0.079,-0.035
0.078,-0.033
0.073,-0.026
0.074,-0.037
0.061,-0.038
0.071,-0.026
0.082,-0.038
0.091,-0.046
0.097,-0.044
0.102,-0.045
0.113,-0.034
0.114,-0.023
0.126,-0.027
0.109,-0.024
0.113,-0.017
0.104,-0.026
0.102,-0.033
0.098,-0.021
0.097,-0.026
0.102,-0.025
0.108,-0.031
0.125,-0.029
0.126,-0.024
0.133,-0.022
0.132,-0.010
0.148,-0.012
0.144,-0.004
0.139,-0.002
0.151,0.007
0.155,0.005
0.154,0.007
0.156,0.004
0.154,0.013
0.149,0.012
0.152,0.020
0.162,0.009
0.157,0.025
0.154,0.035
0.149,0.032
0.158,0.031
0.159,0.030
0.171,0.035
0.166,0.034
0.167,0.037
0.163,0.045
0.154,0.051
0.150,0.050
0.155,0.049
0.150,0.052
0.151,0.048
0.163,0.046
0.156,0.053
0.157,0.056
0.160,0.061
0.153,0.066
0.156,0.077
0.150,0.089
0.162,0.082
0.164,0.086
0.167,0.085
0.156,0.099
0.149,0.099
0.142,0.103
0.131,0.103
0.132,0.106
0.125,0.111
0.118,0.110
0.119,0.109
0.119,0.098
0.118,0.111
0.127,0.117
0.117,0.119
0.126,0.120
0.121,0.122
0.117,0.126
0.103,0.132
0.105,0.123
0.091,0.137
0.089,0.131
0.091,0.136
0.089,0.142
0.096,0.132
0.094,0.132
0.085,0.142
0.093,0.139
0.095,0.135
0.096,0.151
0.105,0.150
0.112,0.148
0.095,0.151
0.091,0.156
0.080,0.159
0.071,0.160
0.064,0.155
0.058,0.151
0.066,0.147
0.063,0.153
0.075,0.154
0.071,0.156
0.075,0.152
0.070,0.161
0.069,0.163
0.058,0.162
0.049,0.164
0.042,0.157
0.046,0.155
0.033,0.158
0.031,0.155
0.033,0.141
0.026,0.142
0.046,0.129
0.041,0.130
0.036,0.128
0.038,0.122
0.033,0.114
0.041,0.106
0.036,0.108
0.039,0.104
0.027,0.103
0.032,0.090
0.025,0.091
0.029,0.083
0.023,0.091
0.021,0.085
0.017,0.086
0.024,0.078
0.021,0.079
0.019,0.067
0.020,0.068
0.012,0.067
0.017,0.054
0.020,0.053
0.015,0.050
0.020,0.035
0.018,0.048
0.010,0.046
0.017,0.048
0.012,0.034
0.021,0.033
0.018,0.029
0.008,0.029
0.019,0.012
0.009,0.003
0.007,0.010
0.008,0.008
0.026,-0.002
0.025,-0.006
0.043,-0.010
0.046,-0.010
0.045,-0.016
0.055,-0.006
0.051,-0.001
0.060,-0.008
0.040,-0.018
0.042,-0.023
0.039,-0.012
0.048,-0.017
0.054,-0.013
0.063,-0.024
0.064,-0.029
0.071,-0.028
0.076,-0.019
0.071,-0.018
0.079,-0.014
0.078,-0.015
0.086,-0.026
0.081,-0.027
0.076,-0.020
0.075,-0.022
0.073,-0.021
0.075,-0.034
0.079,-0.031
0.080,-0.035
0.080,-0.033
0.088,-0.035
0.106,-0.032
0.111,-0.034
0.111,-0.025
0.116,-0.021
0.119,-0.006
0.121,-0.005
0.116,-0.009
0.108,-0.006
0.103,-0.007
0.107,-0.020
0.110,-0.024
0.111,-0.017
0.123,-0.023
0.131,-0.021
0.132,-0.010
0.148,-0.024
0.135,-0.021
0.153,-0.017
0.144,-0.009
0.143,0.001
0.159,-0.003
0.153,-0.001
0.158,0.007
0.161,0.002
0.149,0.019
0.158,0.019
0.163,0.021
0.166,0.018
0.156,0.025
0.164,0.023
0.162,0.031
0.167,0.025
0.163,0.038
0.170,0.034
0.174,0.045
0.161,0.044
0.159,0.046
0.163,0.053
0.166,0.055
0.162,0.049
0.159,0.055
0.158,0.058
0.153,0.064
0.157,0.071
0.156,0.075
0.152,0.081
0.163,0.074
0.167,0.074
0.160,0.073
0.170,0.078
0.167,0.091
0.171,0.106
0.161,0.102
0.157,0.101
0.150,0.110
0.140,0.104
0.138,0.119
0.131,0.119
0.118,0.111
0.121,0.107
0.127,0.113
0.123,0.125
0.122,0.128
0.131,0.116
0.130,0.127
0.124,0.129
0.120,0.128
0.110,0.137
0.112,0.139
0.110,0.132
0.108,0.128
0.097,0.129
0.099,0.126
0.095,0.131
0.100,0.135
0.089,0.140
0.098,0.136
0.095,0.146
0.098,0.143
0.097,0.144
0.093,0.152
0.094,0.151
0.083,0.150
0.081,0.161
0.062,0.155
0.063,0.153
0.065,0.161
0.061,0.149
0.063,0.144
0.064,0.149
0.071,0.143
0.059,0.143
0.066,0.138
0.067,0.139
0.063,0.135
0.062,0.137
0.037,0.146
0.045,0.133
0.027,0.137
0.029,0.135
0.035,0.123
0.025,0.121
0.037,0.118
0.032,0.108
0.036,0.104
0.033,0.106
0.026,0.097
0.032,0.107
0.037,0.097
0.035,0.098
0.032,0.092
0.037,0.081
0.025,0.092
0.026,0.090
0.025,0.076
0.027,0.081
0.032,0.086
0.021,0.079
0.029,0.072
0.022,0.074
0.024,0.062
0.032,0.063
0.029,0.061
0.024,0.054
0.020,0.053
0.012,0.056
0.017,0.050
0.019,0.046
0.023,0.036
0.020,0.035
0.010,0.036
0.005,0.027
0.005,0.021
0.001,0.018
0.009,0.007
0.014,0.006
0.017,0.004
0.027,-0.008
0.030,-0.007
0.031,-0.011
0.036,-0.004
0.045,-0.003
0.048,-0.004
0.037,-0.001
0.038,-0.001
0.038,-0.017
0.045,-0.024
0.044,-0.015
0.045,-0.019
0.053,-0.020
0.064,-0.028
0.069,-0.030
0.074,-0.032
0.080,-0.030
0.075,-0.035
0.074,-0.028
0.079,-0.029
0.073,-0.020
0.083,-0.026
0.079,-0.026
0.076,-0.025
0.074,-0.041
0.072,-0.024
0.070,-0.021
0.081,-0.029
0.085,-0.036
0.090,-0.035
0.103,-0.026
0.110,-0.033
0.108,-0.021
0.115,-0.019
0.104,-0.012
0.105,-0.024
0.100,-0.021
0.103,-0.010
0.101,-0.013
0.095,-0.019
0.101,-0.022
0.119,-0.014
0.123,-0.022
0.121,-0.018
0.135,-0.017
0.134,-0.019
0.140,-0.010
0.147,-0.014
0.147,-0.002
0.148,-0.001
0.143,0.005
0.149,0.012
0.158,0.012
0.161,0.011
0.158,0.019
0.158,0.009
0.156,0.016
0.149,0.022
0.154,0.031
0.160,0.030
0.161,0.033
0.161,0.040
0.161,0.042
0.153,0.057
0.160,0.049
0.161,0.052
0.157,0.056
0.159,0.065
0.149,0.070
0.153,0.074
0.154,0.069
0.164,0.068
0.163,0.065
0.162,0.068
0.160,0.081
0.163,0.088
0.158,0.087
0.157,0.090
0.173,0.083
0.162,0.090
0.160,0.091
0.158,0.096
0.157,0.112
0.151,0.116
0.137,0.107
0.130,0.108
0.125,0.119
0.128,0.116
0.133,0.113
0.125,0.108
0.126,0.110
0.122,0.116
0.125,0.120
0.128,0.124
0.119,0.125
0.117,0.133
0.105,0.146
0.116,0.139
0.101,0.128
0.105,0.140
0.100,0.133
0.092,0.148
0.083,0.132
0.086,0.138
0.092,0.144
0.098,0.137
0.090,0.145
0.101,0.147
0.097,0.149
0.089,0.160
0.097,0.156
0.097,0.154
0.085,0.166
0.074,0.169
0.069,0.165
0.058,0.164
0.057,0.158
0.063,0.150
0.057,0.156
0.057,0.155
0.067,0.155
0.063,0.152
0.066,0.149
0.066,0.152
0.057,0.156
0.042,0.158
0.047,0.149
0.041,0.146
0.042,0.142
0.043,0.140
0.034,0.137
0.033,0.133
0.040,0.132
0.037,0.128
0.032,0.132
0.031,0.132
0.028,0.123
0.034,0.114
0.038,0.116
0.030,0.108
0.029,0.100
0.035,0.104
0.029,0.104
0.026,0.094
0.031,0.100
0.028,0.076
0.021,0.086
0.019,0.078
0.022,0.071
0.020,0.062
0.026,0.065
0.028,0.064
0.036,0.062
0.025,0.061
0.019,0.062
0.027,0.055
0.023,0.049
0.018,0.054
0.017,0.045
0.019,0.032
0.012,0.040
0.014,0.030
0.014,0.025
0.009,0.018
0.014,0.007
0.012,0.002
0.029,-0.003
0.024,-0.005
0.039,-0.000
0.049,-0.005
0.040,-0.005
0.049,0.002
0.038,0.009
0.043,-0.001
0.037,-0.002
0.040,-0.008
0.034,-0.009
0.036,-0.003
0.048,-0.022
0.049,-0.016
0.050,-0.022
0.065,-0.032
0.057,-0.033
0.063,-0.022
0.063,-0.024
0.057,-0.019
0.066,-0.015
0.075,-0.016
0.071,-0.021
0.072,-0.019
0.071,-0.023
0.071,-0.020
0.066,-0.026
0.071,-0.031
0.077,-0.033
0.081,-0.036
0.103,-0.036
0.106,-0.026
0.107,-0.020
0.117,-0.013
0.112,-0.005
0.111,-0.006
0.104,-0.007
0.105,-0.016
0.093,-0.008
0.096,-0.011
0.099,-0.022
0.107,-0.023
0.119,-0.021
0.121,-0.019
0.129,-0.021
0.127,-0.023
0.145,-0.029
0.156,-0.016
0.149,-0.016
0.147,0.004
0.147,0.005
0.155,-0.000
0.150,0.012
0.142,0.027
0.150,0.025
0.155,0.027
0.155,0.028
0.157,0.039
0.164,0.025
0.159,0.023
0.160,0.033
0.160,0.023
0.165,0.024
0.160,0.035
0.165,0.039
0.159,0.052
0.157,0.052
0.155,0.062
0.161,0.062
0.147,0.052
0.155,0.043
0.152,0.057
0.152,0.055
0.163,0.060
0.159,0.061
0.155,0.066
0.152,0.070
0.154,0.065
0.160,0.080
0.158,0.078
0.171,0.082
0.160,0.095
0.152,0.097
0.145,0.113
0.134,0.116
0.137,0.119
0.130,0.114
0.124,0.113
0.124,0.120
0.113,0.122
0.118,0.115
0.123,0.121
0.120,0.125
0.127,0.132
0.126,0.141
0.128,0.137
0.117,0.135
0.111,0.141
0.106,0.145
0.103,0.156
0.102,0.147
0.103,0.144
0.099,0.147
0.098,0.140
0.101,0.125
0.094,0.129
0.097,0.134
0.098,0.133
0.103,0.137
0.109,0.128
0.112,0.143
0.099,0.156
0.099,0.153
0.084,0.156
0.081,0.151
0.060,0.151
0.057,0.155
0.063,0.152
0.048,0.150
0.058,0.147
0.068,0.139
0.061,0.138
0.067,0.139
0.070,0.152
0.058,0.162
0.047,0.153
0.044,0.156
0.037,0.151
0.035,0.140
0.029,0.139
0.031,0.133
0.021,0.126
0.022,0.124
0.028,0.128
0.025,0.122
0.034,0.108
0.043,0.101
0.046,0.102
0.036,0.103
0.037,0.090
0.039,0.088
0.033,0.096
0.033,0.085
0.025,0.086
0.030,0.085
0.027,0.073
0.026,0.076
0.021,0.071
0.015,0.077
0.018,0.066
0.023,0.070
0.036,0.059
0.028,0.056
0.025,0.069
0.027,0.057
0.026,0.055
0.022,0.051
0.026,0.050
0.022,0.047
0.016,0.048
0.018,0.044
0.020,0.038
0.013,0.042
0.008,0.030
0.009,0.023
0.015,0.013
0.017,0.005
0.023,0.006
0.031,0.007
0.038,0.001
0.036,-0.005
0.043,-0.000
0.039,-0.002
0.040,0.001
0.032,0.000
0.043,-0.005
0.035,0.000
0.038,-0.009
0.034,-0.022
0.034,-0.006
0.049,-0.025
0.058,-0.019
0.061,-0.017
0.062,-0.029
0.067,-0.027
0.068,-0.026
0.075,-0.027
0.078,-0.026
0.069,-0.015
0.072,-0.013
0.068,-0.024
0.065,-0.020
0.062,-0.021
0.068,-0.024
0.061,-0.028
0.078,-0.034
0.079,-0.032
0.101,-0.034
0.103,-0.029
0.106,-0.022
0.107,-0.024
0.104,-0.004
0.111,-0.019
0.107,-0.020
0.104,-0.020
0.095,-0.018
0.097,-0.020
0.099,-0.009
0.114,-0.018
0.115,-0.016
0.128,-0.019
0.138,-0.026
0.128,-0.017
0.132,-0.016
0.152,-0.013
0.147,0.004
0.149,0.002
0.148,0.017
0.150,0.023
0.150,0.028
0.166,0.020
0.155,0.030
0.152,0.029
0.160,0.027
0.156,0.035
0.156,0.042
0.158,0.050
0.157,0.056
0.159,0.049
0.165,0.051
0.161,0.055
0.156,0.063
0.163,0.063
0.157,0.073
0.148,0.070
0.161,0.071
0.157,0.070
0.160,0.069
0.150,0.076
0.153,0.080
0.145,0.074
0.158,0.073
0.161,0.085
0.159,0.089
0.165,0.097
0.162,0.095
0.167,0.105
0.166,0.109
0.159,0.103
0.161,0.115
0.144,0.119
0.144,0.125
0.125,0.132
0.122,0.120
0.118,0.120
0.116,0.115
0.117,0.119
0.125,0.119
0.120,0.122
0.127,0.121
0.120,0.125
0.117,0.129
0.117,0.138
0.109,0.140
0.103,0.150
0.101,0.150
0.093,0.146
0.101,0.131
0.094,0.146
0.088,0.150
0.090,0.148
0.087,0.144
0.089,0.147
0.088,0.144
0.094,0.141
0.102,0.144
0.096,0.149
0.095,0.162
0.078,0.156
0.075,0.146
0.071,0.161
0.065,0.160
0.055,0.159
0.053,0.152
0.053,0.156
0.054,0.152
0.066,0.142
0.053,0.143
0.060,0.149
0.051,0.158
0.065,0.148
0.050,0.152
0.038,0.155
0.043,0.155
0.042,0.152
0.030,0.145
0.031,0.141
0.025,0.141
0.027,0.137
0.018,0.133
0.027,0.121
0.031,0.129
0.026,0.122
0.023,0.129
0.030,0.106
0.026,0.106
0.026,0.118
0.023,0.108
0.019,0.101
0.029,0.103
0.023,0.095
0.024,0.104
0.017,0.099
0.022,0.090
0.019,0.083
0.019,0.080
0.027,0.083
0.025,0.079
0.032,0.075
0.023,0.072
0.026,0.074
0.033,0.060
0.023,0.072
0.017,0.068
0.024,0.052
0.026,0.047
0.015,0.047
0.011,0.045
0.005,0.043
0.008,0.027
-0.001,0.036
0.009,0.020
0.019,0.017
0.017,0.009
0.029,0.003
0.036,0.001
0.040,0.005
0.043,0.006
0.043,0.004
0.040,0.003
0.039,-0.005
0.033,0.001
0.024,-0.018
0.028,-0.026
0.035,-0.020
0.036,-0.024
0.045,-0.025
0.057,-0.018
0.053,-0.020
0.057,-0.014
0.055,-0.015
0.064,-0.020
0.072,-0.019
0.072,-0.014
0.070,-0.012
0.075,-0.010
0.077,-0.011
0.073,-0.023
0.073,-0.015
0.070,-0.014
0.066,-0.027
0.072,-0.036
0.089,-0.037
0.096,-0.041
0.110,-0.030
0.112,-0.030
0.118,-0.022
0.117,-0.026
0.114,-0.017
0.108,-0.014
0.095,-0.006
0.095,-0.012
0.096,-0.007
0.099,-0.012
0.111,-0.016
0.122,-0.012
0.119,-0.016
0.134,-0.022
0.140,-0.014
0.133,-0.008
0.140,-0.008
0.144,-0.002
0.149,0.005
0.153,0.009
0.151,0.003
0.146,0.013
0.151,0.026
0.150,0.026
0.154,0.027
0.148,0.032
0.139,0.032
0.159,0.030
0.157,0.042
0.151,0.033
0.152,0.032
0.162,0.036
0.150,0.046
0.161,0.042
0.169,0.054
0.170,0.059
0.164,0.057
0.154,0.057
0.153,0.062
0.150,0.062
0.158,0.071
0.154,0.075
0.155,0.070
0.143,0.075
0.157,0.066
0.155,0.076
0.161,0.078
0.164,0.082
0.163,0.083
0.173,0.094
0.173,0.113
0.157,0.108
0.155,0.107
0.153,0.111
0.148,0.112
0.132,0.117
0.121,0.121
0.120,0.122
0.119,0.123
0.125,0.122
0.126,0.129
0.123,0.125
0.120,0.119
0.121,0.126
0.121,0.125
0.119,0.123
0.108,0.139
0.102,0.139
0.097,0.122
0.095,0.131
0.096,0.131
0.096,0.133
0.098,0.134
0.099,0.135
0.092,0.140
0.097,0.136
0.094,0.130
0.094,0.130
0.097,0.130
0.097,0.137
0.094,0.146
0.083,0.151
0.080,0.149
0.071,0.148
0.064,0.142
0.055,0.143
0.054,0.127
0.063,0.142
0.053,0.139
0.061,0.135
0.060,0.132
0.055,0.141
0.067,0.137
0.060,0.143
0.048,0.142
0.039,0.153
0.038,0.153
0.034,0.146
0.036,0.140
0.024,0.137
0.025,0.130
0.031,0.125
0.022,0.128
0.029,0.111
0.033,0.111
0.022,0.115
0.033,0.103
0.037,0.099
0.035,0.106
0.026,0.093
0.025,0.095
0.030,0.078
0.036,0.078
0.037,0.080
0.023,0.085
0.032,0.072
0.027,0.070
0.017,0.072
0.033,0.064
0.031,0.059
0.026,0.054
0.023,0.052
0.022,0.043
0.022,0.049
0.031,0.059
0.021,0.049
0.024,0.042
0.024,0.037
0.013,0.033
0.018,0.033
0.008,0.035
0.017,0.023
0.019,0.022
0.022,0.014
0.021,0.009
0.021,-0.002
0.029,-0.005
0.034,0.004
0.037,-0.003
0.042,-0.004
0.049,-0.003
0.046,-0.005
0.048,-0.014
0.053,-0.006
0.040,-0.011
0.037,-0.006
0.040,-0.007
0.042,-0.024
0.058,-0.021
0.054,-0.024
0.053,-0.026
0.065,-0.027
0.065,-0.035
0.062,-0.036
0.069,-0.025
0.067,-0.020
0.086,-0.036
0.079,-0.023
0.081,-0.034
0.072,-0.033
0.069,-0.037
0.066,-0.037
0.070,-0.031
0.071,-0.034
0.073,-0.033
0.086,-0.039
0.090,-0.039
0.105,-0.040
0.113,-0.036
0.117,-0.036
0.109,-0.030
0.110,-0.029
0.106,-0.030
0.103,-0.022
0.095,-0.024
0.098,-0.019
0.105,-0.018
0.105,-0.026
0.115,-0.027
0.121,-0.029
0.131,-0.008
0.136,-0.014
0.150,-0.009
0.138,-0.008
0.156,-0.006
0.159,0.003
0.159,0.005
0.155,-0.000
0.155,0.004
0.159,0.011
0.155,0.009
0.149,0.021
0.147,0.028
0.152,0.032
0.156,0.030
0.153,0.036
0.154,0.037
0.156,0.040
0.160,0.037
0.173,0.045
0.162,0.055
0.165,0.061
0.158,0.057
0.153,0.068
0.156,0.069
0.154,0.059
0.154,0.061
0.154,0.070
0.150,0.058
0.156,0.066
0.150,0.071
0.154,0.080
0.156,0.078
0.154,0.075
0.158,0.092
0.162,0.089
0.166,0.094
0.155,0.110
0.153,0.105
0.144,0.116
0.144,0.117
0.136,0.119
0.112,0.124
0.121,0.117
0.121,0.109
0.121,0.110
0.119,0.121
0.117,0.120
0.121,0.117
0.112,0.120
0.118,0.129
0.118,0.129
0.114,0.129
0.106,0.127
0.094,0.135
0.097,0.131
0.089,0.128
0.088,0.134
0.094,0.142
0.085,0.134
0.092,0.130
0.096,0.130
0.096,0.142
0.096,0.139
0.107,0.146
0.102,0.148
0.100,0.154
0.093,0.153
0.087,0.158
0.080,0.158
0.067,0.157
0.058,0.148
0.058,0.145
0.052,0.144
0.060,0.148
0.060,0.148
0.062,0.149
0.061,0.146
0.070,0.146
0.058,0.144
0.054,0.149
0.048,0.149
0.042,0.150
0.040,0.141
0.041,0.142
0.036,0.131
0.033,0.135
0.033,0.128
0.036,0.118
0.026,0.124
0.033,0.115
0.034,0.115
0.026,0.116
0.034,0.107
0.029,0.108
0.028,0.096
0.030,0.095
0.023,0.090
0.028,0.094
0.026,0.095
0.022,0.088
0.026,0.090
0.015,0.079
0.025,0.063
0.024,0.068
0.019,0.067
0.020,0.063
0.032,0.060
0.028,0.054
0.020,0.051
0.021,0.047
0.024,0.043
0.027,0.033
0.028,0.036
0.023,0.030
0.018,0.043
0.016,0.041
0.014,0.021
0.008,0.021
0.007,0.009
0.013,0.004
0.009,-0.008
0.015,-0.002
0.021,-0.011
0.028,-0.011
0.038,-0.020
0.036,-0.026
0.034,-0.029
0.039,-0.027
0.040,-0.026
0.034,-0.030
0.043,-0.033
0.038,-0.034
0.033,-0.039
0.043,-0.040
0.046,-0.035
0.051,-0.037
0.048,-0.036
0.058,-0.039
0.062,-0.033
0.062,-0.027
0.061,-0.036
0.078,-0.038
0.073,-0.037
0.082,-0.031
0.075,-0.026
0.076,-0.030
0.063,-0.034
0.070,-0.038
0.074,-0.043
0.079,-0.049
0.090,-0.047
0.099,-0.053
0.100,-0.046
0.113,-0.045
0.119,-0.034
0.127,-0.028
0.122,-0.030
0.112,-0.022
0.108,-0.022
0.106,-0.022
0.097,-0.026
0.108,-0.032
0.113,-0.030
0.121,-0.030
0.126,-0.032
0.127,-0.033
0.147,-0.030
0.142,-0.024
0.137,-0.016
0.150,-0.012
0.154,-0.004
0.154,-0.005
0.153,0.003
0.149,0.013
0.156,0.008
0.162,0.017
0.154,0.031
0.154,0.040
0.161,0.031
0.150,0.035
0.159,0.026
0.160,0.033
0.162,0.033
0.150,0.030
0.158,0.037
0.161,0.039
0.159,0.043
0.158,0.049
0.149,0.059
0.151,0.063
0.149,0.065
0.164,0.049
0.150,0.047
0.157,0.056
0.159,0.071
0.149,0.067
0.155,0.069
0.151,0.077
0.158,0.084
0.150,0.081
0.164,0.078
0.169,0.087
0.158,0.092
0.156,0.096
0.149,0.101
0.142,0.116
0.134,0.131
0.130,0.114
0.135,0.104
0.123,0.112
0.129,0.120
0.131,0.117
0.126,0.120
0.131,0.125
0.124,0.117
0.131,0.127
0.122,0.130
0.112,0.136
0.110,0.133
0.100,0.135
0.098,0.131
0.103,0.136
0.103,0.131
0.103,0.139
0.092,0.138
0.100,0.131
0.098,0.129
0.089,0.135
0.097,0.135
0.099,0.143
0.114,0.155
0.099,0.160
0.096,0.156
0.094,0.156
0.084,0.155
0.077,0.155
0.062,0.149
0.060,0.143
0.057,0.142
0.057,0.139
0.066,0.142
0.061,0.137
0.065,0.134
0.064,0.141
0.065,0.136
0.063,0.141
0.054,0.144
0.043,0.139
0.040,0.124
0.033,0.123
0.027,0.120
0.036,0.119
0.031,0.117
0.023,0.113
0.025,0.104
0.025,0.105
0.028,0.112
0.029,0.099
0.030,0.103
0.028,0.099
0.035,0.093
0.033,0.081
0.040,0.093
0.031,0.089
0.024,0.091
0.021,0.077
0.023,0.079
0.028,0.080
0.023,0.076
0.032,0.060
0.024,0.064
0.029,0.055
0.028,0.041
0.021,0.043
0.034,0.043
0.029,0.050
0.024,0.048
0.026,0.042
0.037,0.033
0.034,0.028
0.021,0.035
0.026,0.026
0.031,0.023
0.009,0.026
0.016,0.026
0.007,0.015
0.011,0.002
0.027,-0.000
0.026,-0.008
0.031,-0.011
0.034,-0.008
0.043,-0.007
0.045,-0.004
0.050,-0.001
0.041,-0.004
0.052,-0.016
0.043,-0.015
0.045,-0.015
0.036,-0.014
0.046,-0.018
0.047,-0.022
0.059,-0.034
0.064,-0.035
0.068,-0.036
0.065,-0.032
0.072,-0.027
0.072,-0.030
0.078,-0.026
0.085,-0.044
0.082,-0.034
0.077,-0.030
0.073,-0.026
0.071,-0.032
0.073,-0.033
0.076,-0.036
0.072,-0.033
0.076,-0.044
0.100,-0.042
0.095,-0.042
0.104,-0.039
0.116,-0.036
0.121,-0.025
0.115,-0.023
0.125,-0.023
0.116,-0.007
0.115,-0.007
0.114,-0.011
0.111,-0.021
0.104,-0.022
0.107,-0.020
0.127,-0.026
0.131,-0.029
0.143,-0.020
0.133,-0.019
0.137,-0.019
0.142,-0.015
0.149,-0.015
0.145,-0.004
0.157,-0.013
0.156,-0.000
0.151,-0.002
0.163,0.002
0.160,0.014
0.156,0.016
0.157,0.014
0.155,0.018
0.156,0.021
0.160,0.028
0.161,0.031
0.168,0.027
0.159,0.034
0.166,0.040
0.167,0.044
0.168,0.052
0.157,0.052
0.159,0.056
0.153,0.057
0.163,0.060
0.166,0.052
0.160,0.058
0.160,0.056
0.155,0.056
0.162,0.062
0.161,0.072
0.155,0.079
0.168,0.066
0.165,0.074
0.165,0.085
0.170,0.092
0.168,0.099
0.157,0.101
0.149,0.111
0.147,0.123
0.139,0.121
0.130,0.113
0.127,0.112
0.125,0.111
0.119,0.103
0.132,0.109
0.128,0.116
0.126,0.121
0.127,0.122
0.118,0.117
0.129,0.110
0.117,0.125
0.115,0.134
0.111,0.127
0.110,0.129
0.103,0.134
0.101,0.122
0.101,0.120
0.095,0.132
0.097,0.120
0.096,0.127
0.093,0.127
0.098,0.124
0.094,0.132
0.102,0.131
0.100,0.130
0.100,0.133
0.092,0.137
0.084,0.135
0.068,0.135
0.064,0.129
0.057,0.129
0.053,0.138
0.055,0.139
0.071,0.126
0.070,0.132
0.075,0.136
0.073,0.139
0.067,0.145
0.061,0.141
0.046,0.131
0.049,0.134
0.038,0.126
0.045,0.124
0.046,0.126
0.046,0.117
0.043,0.126
0.029,0.118
0.044,0.115
0.036,0.116
0.036,0.112
0.041,0.103
0.039,0.109
0.038,0.097
0.031,0.099
0.035,0.103
0.031,0.101
0.027,0.097
0.028,0.090
0.022,0.083
0.034,0.073
0.034,0.082
0.023,0.070
0.028,0.060
0.023,0.054
0.022,0.039
0.023,0.057
0.031,0.061
0.029,0.058
0.028,0.052
0.027,0.056
0.028,0.054
0.020,0.059
0.021,0.042
0.020,0.035
0.011,0.037
0.016,0.030
0.005,0.028
0.012,0.010
0.010,0.003
0.023,0.005
0.013,-0.002
0.023,-0.009
0.031,-0.012
0.041,-0.017
0.039,-0.015
0.044,-0.018
0.041,-0.019
0.041,-0.026
0.046,-0.026
0.042,-0.033
0.048,-0.028
0.049,-0.032
0.045,-0.034
0.054,-0.035
0.068,-0.034
0.060,-0.043
0.069,-0.041
0.074,-0.045
0.074,-0.038
0.072,-0.032
0.082,-0.043
0.084,-0.036
0.074,-0.035
0.068,-0.035
0.075,-0.033
0.071,-0.052
0.060,-0.042
0.074,-0.050
0.072,-0.046
0.083,-0.039
0.097,-0.048
0.098,-0.040
0.112,-0.037
0.113,-0.032
0.117,-0.031
0.121,-0.029
0.119,-0.019
0.110,-0.028
0.113,-0.011
0.102,-0.018
0.109,-0.025
0.107,-0.029
0.117,-0.022
0.131,-0.022
0.127,-0.014
0.128,-0.014
0.141,-0.023
0.150,-0.018
0.151,-0.017
0.154,-0.011
0.160,-0.008
0.159,0.001
0.152,-0.005
0.159,0.000
0.153,0.014
0.159,0.010
0.155,0.015
0.152,0.010
0.153,0.011
0.163,0.019
0.165,0.020
0.159,0.030
0.162,0.020
0.159,0.034
0.161,0.031
0.164,0.028
0.160,0.028
0.150,0.036
0.148,0.044
0.148,0.048
0.152,0.056
0.160,0.046
0.150,0.050
0.155,0.052
0.151,0.061
0.160,0.061
0.149,0.060
0.151,0.059
0.151,0.063
0.165,0.068
0.172,0.071
0.164,0.083
0.161,0.081
0.155,0.100
0.153,0.095
0.135,0.107
0.131,0.098
0.123,0.097
0.114,0.108
0.127,0.104
0.119,0.102
0.122,0.096
0.129,0.093
0.129,0.100
0.123,0.099
0.118,0.105
0.110,0.113
0.107,0.114
0.106,0.116
0.095,0.119
0.091,0.125
0.101,0.113
0.098,0.114
0.087,0.116
0.095,0.121
0.090,0.121
0.093,0.115
0.098,0.125
0.095,0.132
0.099,0.136
0.103,0.148
0.095,0.150
0.090,0.147
0.081,0.142
0.067,0.145
0.076,0.136
0.066,0.145
0.060,0.136
0.062,0.130
0.060,0.135
0.051,0.145
0.067,0.147
0.065,0.143
0.065,0.144
0.061,0.144
0.051,0.145
0.045,0.150
0.040,0.141
0.041,0.143
0.030,0.135
0.029,0.129
0.031,0.133
0.032,0.128
0.031,0.136
0.036,0.119
0.025,0.113
0.033,0.102
0.030,0.105
0.031,0.102
0.034,0.107
0.029,0.105
0.026,0.093
0.024,0.096
0.019,0.098
0.018,0.089
0.020,0.084
0.017,0.083
0.020,0.087
0.022,0.072
0.021,0.063
0.037,0.058
0.033,0.058
0.025,0.054
0.027,0.055
0.026,0.048
0.031,0.037
0.022,0.031
0.022,0.034
0.021,0.024
0.008,0.027
0.008,0.025
0.022,0.021
0.005,0.025
0.006,0.015
0.008,0.017
0.005,0.001
0.009,-0.006
0.019,-0.016
0.022,-0.027
0.031,-0.030
0.043,-0.029
0.031,-0.024
0.040,-0.026
0.041,-0.022
0.041,-0.019
0.045,-0.022
0.037,-0.025
0.040,-0.035
0.050,-0.042
0.041,-0.033
0.041,-0.034
0.057,-0.033
0.062,-0.026
0.071,-0.030
0.061,-0.023
0.072,-0.028
0.065,-0.022
0.071,-0.022
0.082,-0.023
0.082,-0.023
0.069,-0.026
0.066,-0.039
0.074,-0.041
0.076,-0.036
0.075,-0.031
0.078,-0.033
0.086,-0.037
0.097,-0.041
0.101,-0.042
0.105,-0.032
0.108,-0.038
0.110,-0.028
0.104,-0.024
0.112,-0.035
0.103,-0.028
0.099,-0.021
0.097,-0.025
0.099,-0.031
0.105,-0.020
0.118,-0.029
0.119,-0.031
0.119,-0.032
0.126,-0.022
0.145,-0.020
0.149,-0.011
0.149,-0.023
0.152,-0.016
0.150,-0.014
0.157,-0.009
0.165,0.004
0.155,0.010
0.154,0.011
0.153,0.016
0.157,0.007
0.151,0.020
0.160,0.007
0.155,0.023
0.164,0.025
0.165,0.022
0.163,0.036
0.162,0.039
0.162,0.031
0.163,0.038
0.166,0.035
0.161,0.043
0.156,0.040
0.153,0.048
0.164,0.041
0.156,0.060
0.154,0.060
0.160,0.059
0.154,0.060
0.152,0.070
0.149,0.067
0.164,0.077
0.158,0.078
0.169,0.078
0.158,0.082
0.163,0.091
0.154,0.099
0.155,0.101
0.143,0.098
0.146,0.098
0.141,0.107
0.131,0.100
0.127,0.110
0.127,0.109
0.123,0.117
0.127,0.115
0.125,0.115
0.125,0.115
0.129,0.111
0.115,0.116
0.127,0.121
0.117,0.125
0.108,0.132
0.108,0.124
0.103,0.137
0.101,0.135
0.102,0.128
0.094,0.138
0.085,0.138
0.097,0.137
0.097,0.137
0.104,0.135
0.108,0.139
0.105,0.144
0.098,0.145
0.096,0.154
0.094,0.164
0.089,0.155
0.078,0.149
0.066,0.146
0.059,0.146
0.065,0.127
0.057,0.134
0.061,0.132
0.070,0.128
0.063,0.132
0.064,0.140
0.068,0.136
0.061,0.136
0.053,0.136
0.048,0.133
0.041,0.131
0.045,0.122
0.043,0.126
0.038,0.128
0.040,0.115
0.031,0.115
0.022,0.105
0.031,0.106
0.035,0.107
0.040,0.097
0.031,0.100
0.035,0.089
0.031,0.080
0.040,0.080
0.036,0.084
0.030,0.076
0.031,0.082
0.028,0.074
0.026,0.070
0.021,0.073
0.022,0.064
0.023,0.062
0.024,0.058
0.027,0.058
0.026,0.046
0.022,0.039
0.030,0.043
0.021,0.039
0.021,0.043
0.020,0.042
0.023,0.043
0.015,0.040
0.023,0.042
0.011,0.037
0.014,0.025
0.018,0.028
0.009,0.025
0.008,0.013
0.006,-0.002
0.028,-0.014
0.023,-0.003
0.033,-0.012
0.037,-0.004
0.039,-0.008
0.039,-0.012
0.036,-0.008
0.050,-0.002
0.042,-0.012
0.037,-0.021
0.039,-0.025
0.036,-0.020
0.038,-0.022
0.035,-0.032
0.039,-0.027
0.058,-0.029
0.060,-0.033
0.061,-0.027
0.069,-0.028
0.056,-0.025
0.073,-0.032
0.065,-0.024
0.083,-0.037
0.073,-0.029
0.072,-0.024
0.065,-0.024
0.063,-0.033
0.064,-0.038
0.072,-0.033
0.084,-0.036
0.091,-0.038
0.092,-0.038
0.097,-0.025
0.107,-0.024
0.119,-0.027
0.121,-0.021
0.112,-0.015
0.105,-0.014
0.100,-0.011
0.103,-0.012
0.101,-0.029
0.112,-0.032
0.110,-0.028
0.123,-0.029
0.129,-0.023
0.131,-0.025
0.133,-0.012
0.129,-0.002
0.145,-0.013
0.151,0.001
0.141,0.002
0.148,0.000
0.149,0.008
0.148,0.025
0.148,0.014
0.157,0.023
0.146,0.021
0.145,0.022
0.147,0.028
0.156,0.034
0.153,0.028
0.153,0.028
0.161,0.038
0.157,0.041
0.155,0.052
0.158,0.043
0.167,0.048
0.149,0.058
0.150,0.054
0.147,0.060
0.153,0.060
0.149,0.060
0.144,0.055
0.150,0.066
0.144,0.067
0.149,0.075
0.145,0.086
0.150,0.077
0.149,0.082
0.148,0.078
0.158,0.090
0.152,0.096
0.161,0.095
0.148,0.103
0.148,0.106
0.129,0.115
0.126,0.109
0.129,0.108
0.113,0.113
0.117,0.117
0.119,0.117
0.115,0.120
0.121,0.110
0.122,0.118
0.122,0.131
0.121,0.131
0.115,0.137
0.113,0.141
0.108,0.134
0.110,0.138
0.104,0.132
0.093,0.134
0.088,0.144
0.092,0.142
0.078,0.148
0.082,0.141
0.087,0.144
0.091,0.142
0.096,0.140
0.095,0.155
0.097,0.157
0.089,0.165
0.090,0.165
0.074,0.175
0.070,0.170
0.073,0.157
0.066,0.153
0.052,0.156
0.056,0.152
0.055,0.157
0.049,0.161
0.059,0.155
0.062,0.157
0.060,0.163
0.062,0.163
0.051,0.150
0.045,0.143
0.039,0.142
0.036,0.142
0.035,0.137
0.035,0.136
0.036,0.132
0.026,0.128
0.028,0.117
0.024,0.121
0.024,0.125
0.023,0.124
0.025,0.118
0.015,0.104
0.022,0.101
0.019,0.098
0.026,0.096
0.026,0.100
0.016,0.097
0.015,0.093
0.019,0.092
0.023,0.089
0.025,0.088
0.020,0.079
0.012,0.071
0.019,0.063
0.028,0.061
0.027,0.062
0.033,0.073
0.028,0.064
0.009,0.072
0.018,0.061
0.016,0.058
0.028,0.048
0.025,0.043
0.018,0.038
0.015,0.031
0.013,0.040
0.004,0.037
0.007,0.031
0.001,0.017
0.005,0.017
0.023,0.001
0.025,0.010
0.038,0.010
0.037,0.001
0.040,-0.000
0.050,0.017
0.050,0.012
0.049,0.009
0.044,0.007
0.041,0.006
0.046,-0.003
0.055,-0.001
0.043,-0.002
0.046,-0.002
0.052,-0.012
0.062,-0.009
0.066,-0.010
0.058,-0.007
0.066,-0.011
0.069,-0.015
0.072,-0.008
0.073,-0.015
0.077,-0.013
0.068,-0.013
0.077,-0.014
0.075,-0.022
0.071,-0.026
0.071,-0.018
0.080,-0.020
0.086,-0.020
0.101,-0.027
0.108,-0.021
0.113,-0.017
0.112,-0.016
0.110,-0.004
0.109,-0.010
0.109,-0.009
0.096,-0.004
0.093,-0.005
0.101,-0.009
0.101,-0.011
0.099,-0.013
0.115,-0.024
0.120,-0.018
0.131,-0.005
0.127,-0.008
0.149,0.000
0.141,-0.005
0.143,-0.003
0.152,0.015
0.158,0.021
0.158,0.015
0.159,0.027
0.157,0.026
0.160,0.026
0.165,0.031
0.154,0.036
0.151,0.039
0.158,0.043
0.167,0.023
0.153,0.043
0.154,0.046
0.162,0.046
0.164,0.054
0.169,0.056
0.164,0.057
0.162,0.059
0.160,0.059
0.161,0.059
0.158,0.065
0.154,0.069
0.150,0.072
0.153,0.068
0.164,0.072
0.161,0.068
0.159,0.071
0.162,0.081
0.169,0.081
0.168,0.091
0.167,0.097
0.167,0.099
0.163,0.102
0.167,0.107
0.158,0.118
0.155,0.124
0.141,0.129
0.137,0.129
0.122,0.127
0.119,0.128
0.127,0.121
0.121,0.129
0.116,0.127
0.121,0.134
0.126,0.133
0.128,0.134
0.119,0.137
0.117,0.140
0.113,0.144
0.110,0.138
0.100,0.138
0.099,0.132
0.090,0.145
0.090,0.143
0.095,0.141
0.081,0.146
0.084,0.139
0.087,0.151
0.090,0.136
0.092,0.141
0.098,0.150
0.097,0.158
0.093,0.163
0.080,0.168
0.073,0.164
0.074,0.160
0.060,0.159
0.060,0.154
0.055,0.152
0.060,0.147
0.058,0.155
0.059,0.152
0.061,0.146
0.065,0.150
0.075,0.144
0.072,0.150
0.057,0.153
0.048,0.145
0.042,0.145
0.040,0.137
0.031,0.134
0.038,0.137
0.029,0.127
0.030,0.127
0.027,0.126
0.035,0.119
0.032,0.115
0.030,0.114
0.033,0.113
0.033,0.112
0.027,0.109
0.022,0.108
0.029,0.102
0.024,0.091
0.020,0.082
0.025,0.087
0.025,0.095
0.028,0.083
0.030,0.094
0.025,0.084
0.022,0.077
0.022,0.074
0.042,0.073
0.043,0.061
0.030,0.074
0.026,0.071
0.025,0.065
0.022,0.065
0.018,0.058
0.021,0.056
0.019,0.042
0.014,0.044
0.017,0.045
0.016,0.046
0.006,0.040
0.018,0.020
0.018,0.013
0.023,0.012
0.019,0.011
0.020,0.012
0.039,-0.008
0.032,-0.008
0.042,-0.011
0.052,-0.012
0.059,-0.014
0.045,-0.013
0.039,-0.003
0.045,-0.013
0.046,-0.020
0.046,-0.016
0.050,-0.020
0.052,-0.005
0.058,-0.004
0.065,-0.017
0.066,-0.015
0.062,-0.019
0.063,-0.011
0.069,-0.016
0.080,-0.021
0.080,-0.017
0.067,-0.022
0.070,-0.019
0.063,-0.013
0.068,-0.020
0.068,-0.021
0.076,-0.030
0.079,-0.034
0.094,-0.042
0.084,-0.030
0.101,-0.033
0.104,-0.017
0.102,-0.016
0.106,-0.016
0.107,-0.019
0.117,-0.023
0.101,-0.026
0.105,-0.022
0.101,-0.017
0.104,-0.033
0.108,-0.022
0.118,-0.023
0.125,-0.021
0.129,-0.012
0.137,-0.005
0.145,-0.012
0.139,-0.015
0.149,-0.014
0.147,0.002
0.152,-0.005
0.141,0.004
0.149,0.021
0.146,0.017
0.150,0.012
0.148,0.026
0.153,0.025
0.153,0.022
0.148,0.030
0.159,0.031
0.152,0.034
0.156,0.035
0.158,0.036
0.169,0.039
0.158,0.044
0.157,0.052
0.154,0.057
0.154,0.068
0.155,0.076
0.161,0.066
0.158,0.064
0.149,0.066
0.157,0.066
0.158,0.070
0.147,0.078
0.156,0.078
0.150,0.080
0.158,0.075
0.150,0.087
0.168,0.081
0.167,0.095
0.165,0.090
0.160,0.089
0.153,0.114
0.146,0.127
0.137,0.121
0.132,0.117
0.134,0.125
0.126,0.122
0.112,0.123
0.120,0.118
0.129,0.123
0.121,0.131
0.124,0.134
0.111,0.135
0.113,0.125
0.106,0.134
0.104,0.141
0.094,0.134
0.095,0.130
0.089,0.143
0.095,0.128
0.087,0.126
0.087,0.125
0.085,0.134
0.081,0.142
0.077,0.144
0.085,0.144
0.097,0.147
0.102,0.143
0.090,0.160
0.094,0.164
0.083,0.162
0.076,0.154
0.057,0.163
0.066,0.149
0.055,0.156
0.052,0.150
0.062,0.151
0.057,0.155
0.070,0.147
0.067,0.154
0.062,0.149
0.062,0.158
0.062,0.150
0.052,0.155
0.044,0.148
0.038,0.156
0.037,0.150
0.038,0.146
0.031,0.137
0.028,0.128
0.027,0.137
0.026,0.132
0.036,0.125
0.027,0.115
0.032,0.114
0.029,0.101
0.022,0.098
0.032,0.105
0.027,0.106
0.024,0.103
0.020,0.088
0.019,0.089
0.020,0.085
0.015,0.090
0.006,0.091
0.016,0.081
0.028,0.073
0.020,0.070
0.029,0.068
0.022,0.066
0.025,0.065
0.029,0.044
0.016,0.053
0.020,0.052
0.022,0.048
0.026,0.044
0.014,0.038
0.021,0.036
0.025,0.029
0.026,0.034
0.010,0.028
0.003,0.021
-0.003,0.020
0.012,0.014
0.019,0.007
0.034,-0.001
0.027,-0.013
0.036,-0.011
0.036,-0.004
0.041,0.001
0.043,-0.005
0.037,-0.001
0.046,-0.017
0.046,-0.017
0.047,-0.023
0.044,-0.017
0.050,-0.022
0.055,-0.024
0.060,-0.022
0.062,-0.015
0.065,-0.024
0.068,-0.023
0.066,-0.017
0.064,-0.014
0.074,-0.017
0.075,-0.013
0.079,-0.009
0.072,-0.004
0.067,0.000
0.071,-0.016
0.065,-0.011
0.065,-0.011
0.072,-0.015
0.079,-0.015
0.094,-0.022
0.095,-0.027
0.108,-0.021
0.111,-0.026
0.110,-0.020
0.111,-0.009
0.105,-0.011
0.104,-0.007
0.109,-0.007
0.104,-0.008
0.099,-0.018
0.107,-0.017
0.113,-0.023
0.125,-0.023
0.138,-0.026
0.134,-0.016
0.137,-0.013
0.136,-0.006
0.151,-0.004
0.148,0.008
0.152,0.014
0.152,0.009
0.152,0.012
0.147,0.022
0.148,0.019
0.149,0.031
0.143,0.031
0.150,0.019
0.154,0.029
0.162,0.027
0.156,0.040
0.156,0.039
0.153,0.033
0.152,0.034
0.154,0.042
0.158,0.043
0.156,0.047
0.155,0.059
0.140,0.054
0.144,0.067
0.148,0.064
0.149,0.068
0.156,0.070
0.144,0.081
0.141,0.083
0.142,0.073
0.149,0.078
0.154,0.084
0.156,0.088
0.156,0.092
0.151,0.106
0.161,0.101
0.160,0.119
0.148,0.121
0.142,0.123
0.131,0.124
0.132,0.120
0.128,0.127
0.118,0.130
0.126,0.131
0.120,0.127
0.131,0.126
0.131,0.129
0.119,0.138
0.129,0.127
0.131,0.128
0.121,0.141
0.110,0.144
0.106,0.145
0.103,0.137
0.100,0.133
0.093,0.143
0.100,0.133
0.095,0.144
0.094,0.147
0.096,0.148
0.088,0.146
0.095,0.144
0.092,0.153
0.117,0.152
0.090,0.166
0.091,0.158
0.094,0.162
0.093,0.162
0.081,0.165
0.066,0.165
0.062,0.158
0.052,0.163
0.061,0.154
0.061,0.153
0.061,0.159
0.065,0.140
0.069,0.142
0.073,0.154
0.068,0.155
0.059,0.156
0.053,0.152
0.048,0.151
0.043,0.148
0.038,0.145
0.047,0.141
0.045,0.137
0.049,0.130
0.037,0.133
0.030,0.124
0.023,0.131
0.031,0.127
0.040,0.115
0.034,0.118
0.033,0.112
0.031,0.105
0.031,0.109
0.028,0.105
0.029,0.099
0.027,0.105
0.030,0.096
0.026,0.093
0.025,0.086
0.040,0.080
0.027,0.085
0.034,0.083
0.027,0.077
0.028,0.071
0.040,0.075
0.031,0.074
0.027,0.068
0.032,0.083
0.024,0.063
0.022,0.053
0.031,0.043
0.033,0.041
0.026,0.037
0.024,0.033
0.020,0.033
0.016,0.030
0.020,0.019
0.019,0.020
0.025,0.016
0.029,0.003
0.034,-0.003
0.044,-0.006
0.038,-0.008
0.047,-0.007
0.041,-0.003
0.045,0.001
0.048,-0.015
0.042,-0.011
0.047,-0.010
0.046,-0.010
0.053,-0.015
0.052,-0.016
0.063,-0.013
0.066,-0.017
0.074,-0.025
0.069,-0.018
0.078,-0.020
0.077,-0.023
0.078,-0.027
0.085,-0.019
0.077,-0.011
0.075,-0.009
0.081,-0.018
0.071,-0.016
0.075,-0.028
0.082,-0.022
0.077,-0.022
0.094,-0.024
0.108,-0.019
0.103,-0.023
0.111,-0.020
0.123,-0.026
0.127,-0.029
0.130,-0.027
0.117,-0.015
0.116,-0.014
0.119,-0.027
0.114,-0.023
0.117,-0.024
0.122,-0.027
0.129,-0.025
0.138,-0.018
0.143,-0.023
0.154,-0.020
0.161,-0.018
0.149,-0.003
0.159,-0.004
0.158,-0.009
0.156,-0.008
0.164,-0.006
0.163,0.007
0.160,0.006
0.162,0.017
0.161,0.014
0.159,0.019
0.165,0.017
0.159,0.018
0.166,0.027
0.159,0.034
0.157,0.031
0.160,0.022
0.166,0.038
0.170,0.049
0.168,0.056
0.167,0.049
0.158,0.054
0.156,0.053
0.157,0.054
0.161,0.058
0.151,0.072
0.164,0.060
0.156,0.073
0.160,0.069
0.160,0.076
0.157,0.074
0.165,0.077
0.163,0.084
0.162,0.093
0.169,0.099
0.163,0.113
0.157,0.106
0.140,0.102
0.149,0.099
0.142,0.108
0.133,0.114
0.127,0.113
0.116,0.110
0.122,0.125
0.119,0.115
0.121,0.119
0.124,0.122
0.121,0.121
0.127,0.129
0.117,0.129
0.114,0.127
0.118,0.124
0.103,0.130
0.102,0.124
0.096,0.131
0.092,0.136
0.090,0.142
0.095,0.142
0.084,0.138
0.088,0.138
0.090,0.131
0.096,0.137
0.104,0.138
0.101,0.150
0.095,0.161
0.106,0.152
0.091,0.169
0.072,0.162
0.071,0.161
0.063,0.167
0.058,0.169
0.052,0.160
0.058,0.152
0.060,0.154
0.065,0.156
0.059,0.151
0.065,0.156
0.066,0.161
0.060,0.155
0.057,0.159
0.054,0.146
0.039,0.154
0.041,0.148
0.035,0.136
0.032,0.140
0.032,0.138
0.042,0.133
0.033,0.127
0.039,0.129
0.030,0.128
0.036,0.120
0.034,0.116
0.035,0.117
0.024,0.113
0.027,0.117
0.031,0.106
0.030,0.110
0.029,0.102
0.032,0.104
0.026,0.092
0.028,0.092
0.022,0.083
0.030,0.083
0.028,0.076
0.024,0.083
0.032,0.073
0.032,0.063
0.041,0.058
0.033,0.067
0.028,0.067
0.024,0.058
0.019,0.051
0.028,0.041
0.023,0.052
0.021,0.039
0.017,0.040
0.008,0.035
0.011,0.021
0.008,0.026
0.014,0.013
0.022,0.006
0.023,0.006
0.031,-0.003
0.037,-0.002
0.048,-0.009
0.040,-0.004
0.038,-0.003
0.051,0.004
0.043,0.013
0.035,0.002
0.034,0.001
0.040,-0.019
0.046,-0.020
0.044,-0.012
0.059,-0.011
0.061,-0.021
0.064,-0.018
0.072,-0.016
0.076,-0.023
0.072,-0.016
0.080,-0.022
0.091,-0.021
0.092,-0.020
0.083,-0.017
0.084,-0.017
0.070,-0.016
0.066,-0.019
0.065,-0.022
0.081,-0.025
0.086,-0.022
0.087,-0.019
0.105,-0.026
0.107,-0.023
0.111,-0.022
0.116,-0.017
0.118,-0.013
0.117,-0.013
0.110,-0.007
0.114,-0.010
0.112,-0.017
0.108,-0.028
0.107,-0.001
0.119,-0.007
0.125,-0.009
0.132,-0.013
0.134,-0.005
0.141,-0.004
0.146,-0.008
0.157,-0.008
0.153,0.001
0.159,0.004
0.161,0.004
0.153,0.015
0.152,0.017
0.159,0.024
0.165,0.025
0.154,0.036
0.165,0.031
0.168,0.028
0.173,0.032
0.174,0.031
0.171,0.044
0.164,0.042
0.159,0.044
0.169,0.047
0.166,0.062
0.166,0.050
0.167,0.051
0.164,0.055
0.164,0.060
0.162,0.067
0.168,0.070
0.169,0.060
0.161,0.077
0.166,0.072
0.166,0.078
0.165,0.081
0.155,0.078
0.164,0.078
0.169,0.085
0.169,0.097
0.166,0.098
0.160,0.104
0.148,0.114
0.150,0.113
0.149,0.108
0.130,0.119
0.128,0.112
0.126,0.122
0.133,0.122
0.123,0.119
0.117,0.128
0.127,0.119
0.132,0.119
0.131,0.116
0.133,0.129
0.128,0.138
0.111,0.137
0.101,0.144
0.095,0.146
0.092,0.143
0.092,0.144
0.094,0.145
0.089,0.147
0.093,0.143
0.090,0.147
0.094,0.145
0.090,0.144
0.095,0.149
0.098,0.153
0.101,0.152
0.098,0.161
0.082,0.157
0.085,0.160
0.071,0.175
0.057,0.167
0.056,0.170
0.060,0.162
0.066,0.155
0.060,0.146
0.061,0.145
0.058,0.155
0.068,0.158
0.061,0.159
0.066,0.155
0.060,0.158
0.042,0.158
0.038,0.153
0.041,0.152
0.032,0.150
0.038,0.151
0.033,0.147
0.032,0.141
0.038,0.134
0.037,0.128
0.032,0.128
0.026,0.120
0.025,0.125
0.033,0.116
0.035,0.101
0.032,0.111
0.024,0.105
0.029,0.091
0.034,0.094
0.025,0.096
0.034,0.095
0.036,0.084
0.029,0.082
0.031,0.087
0.031,0.086
0.022,0.089
0.032,0.083
0.033,0.080
0.033,0.069
0.024,0.074
0.029,0.067
0.031,0.069
0.033,0.059
0.022,0.058
0.029,0.053
0.034,0.060
0.028,0.043
0.031,0.042
0.012,0.029
0.020,0.031
0.012,0.019
0.018,0.010
0.028,0.002
0.034,0.007
0.037,-0.001
0.038,-0.003
0.052,-0.002
0.046,0.000
0.057,0.004
0.057,-0.001
0.056,-0.003
0.052,-0.020
0.055,-0.010
0.052,-0.009
0.048,-0.013
0.055,-0.025
0.063,-0.027
0.071,-0.026
0.066,-0.015
0.073,-0.021
0.074,-0.023
0.077,-0.028
0.071,-0.023
0.077,-0.023
0.080,-0.022
0.079,-0.029
0.072,-0.026
0.067,-0.028
0.066,-0.034
0.076,-0.036
0.079,-0.034
0.084,-0.036
0.100,-0.033
0.115,-0.038
0.115,-0.033
0.113,-0.032
0.118,-0.025
0.116,-0.026
0.125,-0.027
0.099,-0.017
0.101,-0.020
0.103,-0.020
0.106,-0.015
0.105,-0.024
0.111,-0.015
0.121,-0.023
0.126,-0.023
0.133,-0.022
0.146,-0.018
0.147,-0.008
0.151,-0.010
0.149,-0.005
0.160,0.001
0.161,0.005
0.159,0.026
0.159,0.025
0.149,0.020
0.157,0.035
0.151,0.023
0.159,0.043
0.157,0.042
0.154,0.040
0.167,0.032
0.160,0.047
0.170,0.035
0.170,0.049
0.154,0.048
0.167,0.050
0.169,0.051
0.168,0.061
0.173,0.047
0.162,0.054
0.165,0.053
0.150,0.061
0.155,0.064
0.158,0.068
0.161,0.065
0.161,0.073
0.165,0.065
0.167,0.081
0.167,0.082
0.169,0.081
0.176,0.098
0.159,0.100
0.153,0.116
0.152,0.109
0.153,0.112
0.139,0.118
0.134,0.115
0.128,0.111
0.125,0.113
0.130,0.110
0.131,0.119
0.131,0.115
0.135,0.107
0.126,0.122
0.119,0.125
0.126,0.131
0.121,0.129
0.113,0.132
0.102,0.134
0.111,0.130
0.108,0.133
0.099,0.140
0.106,0.136
0.099,0.136
0.098,0.136
0.094,0.131
0.095,0.126
0.099,0.140
0.101,0.132
0.105,0.136
0.103,0.145
0.095,0.156
0.100,0.152
0.083,0.150
0.077,0.153
0.072,0.148
0.058,0.159
0.062,0.145
0.062,0.152
0.059,0.151
0.070,0.147
0.069,0.145
0.071,0.144
0.076,0.147
0.074,0.150
0.052,0.141
0.045,0.139
0.054,0.131
0.037,0.131
0.044,0.140
0.038,0.126
0.033,0.131
0.041,0.109
0.028,0.122
0.028,0.109
0.031,0.108
0.034,0.112
0.027,0.107
0.030,0.106
0.031,0.103
0.032,0.100
0.028,0.108
0.020,0.109
0.030,0.096
0.035,0.097
0.042,0.087
0.032,0.089
0.040,0.082
0.031,0.081
0.029,0.071
0.030,0.061
0.027,0.058
0.030,0.064
0.028,0.054
0.025,0.054
0.029,0.038
0.026,0.039
0.024,0.035
0.030,0.044
0.025,0.036
0.030,0.023
0.023,0.025
0.013,0.024
0.008,0.020
-0.001,0.017
0.009,0.003
0.015,-0.001
0.025,-0.005
0.035,-0.009
0.040,-0.013
0.044,-0.009
0.052,-0.007
0.052,-0.010
0.045,-0.016
0.044,-0.027
0.040,-0.026
0.049,-0.023
0.049,-0.020
0.041,-0.019
0.049,-0.027
0.053,-0.034
0.054,-0.031
0.060,-0.023
0.064,-0.023
0.063,-0.019
0.073,-0.027
0.078,-0.024
0.076,-0.015
0.083,-0.010
0.082,-0.021
0.077,-0.023
0.078,-0.036
0.068,-0.036
0.072,-0.037
0.083,-0.050
0.086,-0.046
0.093,-0.043
0.098,-0.036
0.107,-0.040
0.125,-0.031
0.113,-0.027
0.119,-0.024
0.129,-0.025
0.117,-0.018
0.114,-0.015
0.105,-0.014
0.104,-0.018
0.107,-0.025
0.116,-0.032
0.117,-0.032
0.132,-0.021
0.146,-0.025
0.137,-0.014
0.138,-0.020
0.157,-0.010
0.148,-0.003
0.155,-0.007
0.171,0.006
0.159,0.011
0.149,0.009
0.151,0.016
0.159,0.019
0.159,0.027
0.157,0.028
0.157,0.029
0.163,0.035
0.173,0.032
0.161,0.035
0.164,0.034
0.159,0.034
0.160,0.042
0.167,0.035
0.167,0.046
0.167,0.053
0.163,0.052
0.166,0.058
0.162,0.067
0.161,0.054
0.159,0.060
0.157,0.062
0.166,0.066
0.161,0.076
0.154,0.071
0.156,0.077
0.155,0.077
0.170,0.086
0.163,0.098
0.168,0.089
0.162,0.100
0.161,0.100
0.150,0.107
0.144,0.116
0.145,0.113
0.131,0.119
0.130,0.119
0.129,0.120
0.122,0.127
0.122,0.113
0.132,0.110
0.135,0.117
0.130,0.115
0.130,0.126
0.125,0.117
0.118,0.129
0.106,0.132
0.108,0.126
0.106,0.128
0.103,0.131
0.105,0.137
0.102,0.128
0.095,0.125
0.095,0.126
0.106,0.125
0.106,0.129
0.100,0.140
0.115,0.133
0.112,0.147
0.106,0.137
0.102,0.144
0.094,0.144
0.079,0.143
0.071,0.145
0.066,0.152
0.055,0.146
0.072,0.138
0.068,0.148
0.060,0.149
0.074,0.147
0.065,0.144
0.067,0.148
0.073,0.148
0.053,0.157
0.049,0.140
0.052,0.133
0.046,0.123
0.043,0.125
0.040,0.127
0.029,0.130
0.037,0.127
0.032,0.120
0.032,0.113
0.037,0.104
0.027,0.106
0.036,0.103
0.031,0.103
0.035,0.108
0.029,0.100
0.045,0.096
0.028,0.093
0.031,0.089
0.030,0.090
0.035,0.079
0.032,0.076
0.031,0.074
0.027,0.065
0.026,0.060
0.024,0.066
0.034,0.055
0.030,0.056
0.027,0.058
0.025,0.066
0.033,0.056
0.028,0.054
0.032,0.044
0.036,0.048
0.035,0.049
0.032,0.032
0.034,0.030
0.028,0.031
0.019,0.022
0.011,0.006
0.020,-0.002
0.013,-0.000
0.027,-0.007
0.033,-0.007
0.040,-0.009
0.031,-0.005
0.044,-0.004
0.039,-0.010
0.045,-0.001
0.042,-0.008
0.047,-0.012
0.043,-0.020
0.042,-0.021
0.045,-0.025
0.051,-0.035
0.049,-0.026
0.061,-0.030
0.066,-0.030
0.071,-0.041
0.071,-0.035
0.075,-0.029
0.066,-0.032
0.069,-0.028
0.084,-0.026
0.085,-0.027
0.081,-0.021
0.081,-0.025
0.072,-0.026
0.080,-0.030
0.082,-0.044
0.083,-0.035
0.088,-0.039
0.095,-0.038
0.103,-0.036
0.111,-0.034
0.119,-0.038
0.118,-0.031
0.118,-0.029
0.113,-0.016
0.111,-0.014
0.112,-0.022
0.103,-0.025
0.106,-0.036
0.103,-0.032
0.112,-0.030
0.124,-0.028
0.129,-0.032
0.133,-0.029
0.143,-0.029
0.144,-0.020
0.151,-0.017
0.153,-0.013
0.158,-0.014
0.153,-0.012
0.151,0.004
0.142,0.013
0.148,0.008
0.143,0.012
0.144,0.015
0.153,0.017
0.156,0.021
0.152,0.027
0.156,0.024
0.157,0.030
0.155,0.034
0.162,0.034
0.166,0.028
0.157,0.040
0.162,0.045
0.159,0.053
0.158,0.050
0.159,0.055
0.154,0.058
0.153,0.060
0.155,0.060
0.158,0.066
0.145,0.070
0.150,0.071
0.147,0.066
0.152,0.075
0.158,0.073
0.154,0.073
0.159,0.078
0.157,0.089
0.160,0.110
0.145,0.113
0.140,0.109
0.146,0.109
0.139,0.111
0.129,0.115
0.124,0.114
0.112,0.111
0.119,0.109
0.125,0.109
0.124,0.109
0.128,0.117
0.126,0.132
0.124,0.137
0.127,0.134
0.106,0.134
0.111,0.136
0.112,0.130
0.107,0.136
0.108,0.140
0.100,0.136
0.103,0.133
0.098,0.141
0.090,0.124
0.089,0.134
0.093,0.135
0.093,0.143
0.099,0.136
0.103,0.148
0.105,0.154
0.092,0.157
0.081,0.163
0.078,0.156
0.064,0.156
0.066,0.155
0.064,0.154
0.053,0.157
0.058,0.142
0.064,0.148
0.070,0.136
0.058,0.140
0.053,0.154
0.061,0.153
0.052,0.144
0.046,0.145
0.030,0.143
0.036,0.143
0.042,0.133
0.028,0.127
0.025,0.124
0.021,0.121
0.031,0.125
0.026,0.117
0.032,0.125
0.021,0.122
0.028,0.106
0.036,0.101
0.034,0.100
0.039,0.097
0.029,0.097
0.032,0.099
0.031,0.083
0.031,0.080
0.031,0.082
0.033,0.082
0.026,0.077
0.030,0.071
0.023,0.068
0.023,0.050
0.024,0.052
0.027,0.052
0.023,0.052
0.016,0.056
0.014,0.050
0.026,0.052
0.018,0.054
0.020,0.038
0.017,0.037
0.016,0.036
0.011,0.023
0.015,0.026
0.006,0.017
0.012,-0.002
0.007,0.000
0.014,-0.010
0.019,-0.009
0.021,-0.007
0.037,-0.002
0.046,-0.019
0.034,-0.012
0.042,-0.008
0.044,-0.013
0.042,-0.015
0.038,-0.020
0.044,-0.022
0.043,-0.026
0.045,-0.030
0.042,-0.023
0.050,-0.028
0.054,-0.024
0.049,-0.023
0.061,-0.031
0.054,-0.028
0.066,-0.039
0.071,-0.025
0.073,-0.022
0.072,-0.031
0.083,-0.039
0.074,-0.032
0.070,-0.031
0.073,-0.035
0.060,-0.020
0.069,-0.030
0.080,-0.035
0.083,-0.036
0.090,-0.038
0.099,-0.035
0.110,-0.035
0.109,-0.028
0.111,-0.022
0.109,-0.020
0.115,-0.020
0.110,-0.015
0.109,-0.020
0.106,-0.020
0.110,-0.024
0.110,-0.030
0.124,-0.027
0.121,-0.032
0.121,-0.027
0.127,-0.022
0.136,-0.015
0.142,-0.024
0.150,-0.009
0.152,-0.007
0.150,-0.008
0.146,-0.006
0.144,0.002
0.149,0.014
0.148,0.009
0.149,0.020
0.152,0.018
0.152,0.023
0.149,0.021
0.153,0.030
0.155,0.023
0.155,0.023
0.156,0.024
0.156,0.037
0.153,0.039
0.158,0.037
0.163,0.047
0.153,0.040
0.158,0.047
0.155,0.057
0.155,0.053
0.152,0.058
0.158,0.063
0.140,0.065
0.145,0.068
0.147,0.070
0.153,0.074
0.159,0.075
0.155,0.073
0.154,0.076
0.152,0.084
0.157,0.100
0.155,0.109
0.143,0.116
0.140,0.113
0.128,0.112
0.137,0.114
0.129,0.109
0.122,0.107
0.122,0.105
0.123,0.110
0.131,0.108
0.130,0.117
0.122,0.128
0.130,0.121
0.119,0.130
0.119,0.135
0.106,0.138
0.112,0.146
0.102,0.146
0.105,0.142
0.098,0.138
0.101,0.135
0.087,0.140
0.096,0.141
0.084,0.143
0.096,0.142
0.101,0.140
0.106,0.146
0.103,0.151
0.101,0.153
0.097,0.151
0.083,0.157
0.072,0.167
0.066,0.157
0.063,0.165
0.066,0.157
0.052,0.152
0.055,0.147
0.053,0.158
0.053,0.156
0.070,0.152
0.052,0.171
0.051,0.166
0.057,0.152
0.049,0.159
0.044,0.158
0.044,0.155
0.039,0.140
0.029,0.134
0.032,0.129
0.024,0.127
0.031,0.121
0.034,0.115
0.034,0.107
0.037,0.095
0.030,0.097
0.039,0.100
0.030,0.093
0.035,0.096
0.036,0.092
0.028,0.086
0.035,0.087
0.036,0.094
0.032,0.085
0.030,0.086
0.025,0.085
0.026,0.081
0.032,0.082
0.030,0.069
0.027,0.062
0.031,0.060
0.036,0.055
0.032,0.061
0.040,0.058
0.033,0.057
0.027,0.057
0.029,0.058
0.035,0.045
0.035,0.049
0.024,0.049
0.025,0.037
0.017,0.021
0.019,0.022
0.017,0.017
0.020,0.008
0.032,0.008
0.035,-0.006
0.040,0.002
0.051,-0.001
0.046,0.003
0.058,0.003
0.058,-0.001
0.054,-0.002
0.056,-0.005
0.047,-0.003
0.046,-0.005
0.049,-0.004
0.048,-0.016
0.054,-0.021
0.066,-0.012
0.067,-0.023
0.067,-0.021
0.072,-0.014
0.072,-0.018
0.085,-0.019
0.086,-0.025
0.078,-0.014
0.086,-0.018
0.083,-0.032
0.090,-0.035
0.090,-0.039
0.082,-0.031
0.085,-0.045
0.088,-0.051
0.084,-0.038
0.103,-0.037
0.114,-0.038
0.113,-0.032
0.119,-0.026
0.122,-0.027
0.124,-0.030
0.116,-0.015
0.116,-0.018
0.100,-0.014
0.109,-0.019
0.119,-0.012
0.114,-0.035
0.116,-0.019
0.127,-0.030
0.136,-0.027
0.132,-0.028
0.137,-0.006
0.148,-0.016
0.146,-0.015
0.160,-0.010
0.156,-0.003
0.162,0.006
0.161,0.014
0.153,0.005
0.166,0.005
0.163,0.017
0.167,0.021
0.169,0.023
0.166,0.036
0.169,0.041
0.164,0.044
0.168,0.036
0.166,0.029
0.164,0.035
0.169,0.043
0.170,0.053
0.174,0.052
0.179,0.062
0.168,0.055
0.160,0.055
0.162,0.061
0.160,0.063
0.167,0.068
0.158,0.060
0.159,0.067
0.161,0.065
0.164,0.068
0.168,0.062
0.162,0.071
0.166,0.076
0.172,0.080
0.171,0.089
0.161,0.099
0.156,0.108
0.151,0.104
0.147,0.106
0.143,0.104
0.140,0.119
0.126,0.112
0.128,0.096
0.127,0.102
0.120,0.105
0.132,0.106
0.135,0.117
0.124,0.119
0.123,0.131
0.119,0.129
0.120,0.132
0.116,0.134
0.107,0.125
0.104,0.133
0.110,0.128
0.104,0.136
0.104,0.126
0.094,0.132
0.089,0.127
0.089,0.125
0.097,0.123
0.105,0.135
0.104,0.141
0.099,0.135
0.095,0.144
0.093,0.140
0.089,0.138
0.079,0.143
0.083,0.141
0.069,0.146
0.065,0.143
0.069,0.137
0.064,0.144
0.069,0.140
0.074,0.135
0.065,0.140
0.064,0.137
0.065,0.142
0.059,0.139
0.040,0.136
0.040,0.139
0.039,0.135
0.031,0.125
0.032,0.121
0.017,0.121
0.024,0.117
0.028,0.114
0.029,0.115
0.039,0.099
0.034,0.100
0.037,0.103
0.036,0.096
0.026,0.094
0.028,0.096
0.030,0.089
0.020,0.087
0.027,0.087
0.038,0.085
0.038,0.084
0.032,0.086
0.021,0.083
0.034,0.068
0.023,0.066
0.029,0.069
0.032,0.065
0.024,0.067
0.019,0.061
0.036,0.056
0.029,0.047
0.029,0.051
0.023,0.038
0.027,0.025
0.029,0.034
0.024,0.035
0.023,0.029
0.022,0.037
0.010,0.018
0.007,0.013
0.008,0.001
0.013,-0.010
0.021,-0.016
0.030,-0.021
0.029,-0.019
0.035,-0.008
0.035,-0.009
0.038,-0.024
0.043,-0.022
0.045,-0.016
0.051,-0.032
0.045,-0.030
0.039,-0.035
0.041,-0.033
0.050,-0.047
0.053,-0.038
0.055,-0.043
0.057,-0.041
0.055,-0.042
0.066,-0.047
0.068,-0.044
0.072,-0.035
0.063,-0.036
0.068,-0.041
0.072,-0.035
0.063,-0.047
0.074,-0.043
0.077,-0.044
0.065,-0.042
0.076,-0.040
0.073,-0.042
0.087,-0.055
0.087,-0.053
0.093,-0.048
0.108,-0.046
0.119,-0.046
0.113,-0.028
0.112,-0.025
0.118,-0.023
0.102,-0.031
0.103,-0.042
0.097,-0.037
0.105,-0.034
0.103,-0.040
0.121,-0.032
0.133,-0.038
0.123,-0.032
0.139,-0.021
0.135,-0.023
0.139,-0.021
0.143,-0.017
0.148,-0.012
0.162,-0.013
0.154,-0.001
0.146,0.004
0.154,0.009
0.155,0.009
0.159,0.001
0.158,0.010
0.161,0.012
0.161,0.030
0.169,0.027
0.156,0.031
0.158,0.032
0.160,0.024
0.164,0.027
0.164,0.025
0.176,0.040
0.166,0.042
0.160,0.044
0.156,0.048
0.160,0.046
0.157,0.055
0.149,0.060
0.159,0.060
0.153,0.053
0.157,0.049
0.155,0.063
0.154,0.067
0.154,0.067
0.159,0.061
0.156,0.068
0.163,0.071
0.152,0.078
0.156,0.089
0.150,0.084
0.139,0.090
0.137,0.097
0.137,0.094
0.128,0.107
0.131,0.100
0.120,0.113
0.126,0.105
0.132,0.097
0.128,0.108
0.118,0.109
0.125,0.118
0.121,0.109
0.112,0.112
0.114,0.118
0.109,0.113
0.107,0.124
0.101,0.130
0.103,0.124
0.098,0.136
0.087,0.133
0.088,0.126
0.094,0.124
0.087,0.129
0.087,0.126
0.091,0.133
0.096,0.139
0.103,0.148
0.101,0.141
0.088,0.148
0.086,0.159
0.078,0.156
0.067,0.158
0.062,0.150
0.077,0.136
0.066,0.137
0.072,0.137
0.068,0.146
0.058,0.151
0.066,0.144
0.062,0.146
0.060,0.145
0.054,0.141
0.049,0.148
0.041,0.148
0.037,0.146
0.032,0.143
0.037,0.138
0.031,0.139
0.032,0.124
0.032,0.131
0.031,0.128
0.035,0.116
0.033,0.115
0.034,0.110
0.034,0.106
0.031,0.105
0.034,0.106
0.022,0.096
0.020,0.097
0.030,0.082
0.033,0.086
0.029,0.092
0.015,0.088
0.020,0.073
0.015,0.069
0.018,0.071
0.018,0.068
0.019,0.067
0.022,0.058
0.025,0.061
0.027,0.060
0.024,0.053
0.023,0.053
0.014,0.058
0.019,0.057
0.016,0.042
0.020,0.043
0.020,0.036
0.009,0.029
0.002,0.029
0.006,0.021
0.004,0.025
0.009,0.014
0.020,0.003
0.022,-0.003
0.022,-0.004
0.034,-0.015
0.041,0.000
0.046,0.001
0.039,-0.004
0.041,-0.015
0.031,-0.005
0.037,-0.011
0.042,-0.019
0.040,-0.018
0.050,-0.013
0.051,-0.014
0.052,-0.016
0.066,-0.018
0.067,-0.017
0.066,-0.018
0.068,-0.016
0.068,-0.021
0.068,-0.019
0.066,-0.024
0.065,-0.027
0.071,-0.015
0.066,-0.019
0.069,-0.023
0.065,-0.018
0.075,-0.018
0.076,-0.026
0.091,-0.034
0.099,-0.025
0.104,-0.027
0.107,-0.016
0.118,-0.018
0.111,-0.020
0.115,-0.008
0.108,-0.001
0.103,-0.004
0.099,-0.018
0.096,-0.009
0.098,-0.015
0.109,-0.014
0.118,-0.020
0.128,-0.015
0.129,-0.025
0.143,-0.027
0.150,-0.016
0.141,-0.015
0.142,-0.006
0.152,0.002
0.144,0.008
0.154,0.007
0.154,0.009
0.149,0.015
0.137,0.019
0.150,0.022
0.150,0.029
0.155,0.028
0.151,0.018
0.149,0.022
0.151,0.030
0.152,0.028
0.154,0.033
0.156,0.026
0.156,0.034
0.155,0.032
0.151,0.033
0.148,0.041
0.146,0.047
0.149,0.047
0.147,0.052
0.143,0.067
0.153,0.059
0.147,0.062
0.143,0.056
0.142,0.067
0.146,0.059
0.141,0.061
0.147,0.069
0.158,0.070
0.163,0.077
0.162,0.089
0.148,0.097
0.151,0.102
0.137,0.103
0.139,0.113
0.119,0.113
0.125,0.107
0.120,0.108
0.121,0.105
0.119,0.106
0.121,0.114
0.123,0.112
0.125,0.124
0.115,0.124
0.110,0.132
0.103,0.142
0.098,0.145
0.099,0.142
0.095,0.146
0.096,0.149
0.092,0.147
0.091,0.147
0.087,0.138
0.086,0.132
0.094,0.126
0.084,0.144
0.090,0.149
0.098,0.151
0.084,0.171
0.095,0.162
0.093,0.158
0.090,0.158
0.079,0.159
0.067,0.163
0.067,0.159
0.060,0.160
0.064,0.158
0.054,0.152
0.063,0.147
0.064,0.150
0.073,0.149
0.062,0.151
0.074,0.147
0.065,0.150
0.055,0.158
0.048,0.149
0.044,0.141
0.037,0.142
0.039,0.139
0.034,0.136
0.035,0.131
0.032,0.130
0.033,0.114
0.038,0.116
0.043,0.107
0.040,0.103
0.035,0.107
0.030,0.105
0.036,0.090
0.028,0.091
0.031,0.088
0.030,0.092
0.027,0.092
0.030,0.083
0.019,0.078
0.026,0.074
0.027,0.071
0.029,0.064
0.023,0.059
0.025,0.068
0.024,0.060
0.021,0.059
0.022,0.064
0.018,0.065
0.024,0.060
0.027,0.054
0.024,0.054
0.026,0.044
0.020,0.045
0.024,0.045
0.016,0.042
0.008,0.034
0.012,0.026
0.012,0.013
0.020,0.003
0.023,-0.005
0.037,-0.018
0.040,-0.013
0.037,-0.007
0.040,-0.009
0.044,-0.011
0.041,-0.013
0.041,-0.009
0.040,-0.011
0.040,-0.019
0.037,-0.022
0.042,-0.026
0.043,-0.035
0.056,-0.040
0.061,-0.032
0.061,-0.029
0.068,-0.026
0.071,-0.032
0.072,-0.030
0.068,-0.024
0.070,-0.023
0.079,-0.022
0.082,-0.027
0.077,-0.020
0.070,-0.022
0.076,-0.030
0.065,-0.023
0.071,-0.030
0.071,-0.030
0.081,-0.029
0.094,-0.028
0.097,-0.037
0.104,-0.030
0.112,-0.025
0.118,-0.022
0.116,-0.016
0.115,-0.011
0.102,-0.014
0.106,-0.020
0.104,-0.013
0.101,-0.019
0.107,-0.020
0.119,-0.022
0.118,-0.025
0.128,-0.020
0.135,-0.014
0.144,-0.012
0.147,0.002
0.154,0.005
0.153,0.007
0.155,0.011
0.154,0.012
0.160,0.021
0.144,0.028
0.153,0.021
0.156,0.033
0.160,0.024
0.160,0.039
0.156,0.040
0.152,0.047
0.163,0.044
0.159,0.042
0.164,0.048
0.172,0.042
0.169,0.051
0.168,0.052
0.162,0.055
0.159,0.054
0.173,0.056
0.164,0.063
0.168,0.066
0.163,0.064
0.158,0.077
0.159,0.075
0.161,0.068
0.157,0.073
0.160,0.079
0.165,0.076
0.165,0.079
0.164,0.087
0.166,0.091
0.166,0.092
0.167,0.092
0.149,0.118
0.146,0.114
0.138,0.119
0.127,0.125
0.127,0.117
0.123,0.119
0.121,0.129
0.130,0.121
0.122,0.126
0.127,0.129
0.123,0.131
0.122,0.133
0.131,0.131
0.112,0.136
0.112,0.136
0.110,0.135
0.103,0.140
0.102,0.140
0.090,0.151
0.104,0.138
0.092,0.145
0.090,0.142
0.088,0.149
0.090,0.139
0.101,0.145
0.095,0.149
0.102,0.148
0.102,0.155
0.102,0.170
0.094,0.164
0.083,0.173
0.074,0.173
0.069,0.169
0.074,0.160
0.062,0.165
0.067,0.156
0.063,0.149
0.067,0.148
0.069,0.149
0.071,0.156
0.069,0.154
0.065,0.159
0.048,0.163
0.050,0.163
0.042,0.153
0.039,0.155
0.033,0.149
0.036,0.140
0.037,0.141
0.034,0.136
0.039,0.125
0.023,0.132
0.035,0.118
0.029,0.121
0.030,0.121
0.034,0.112
0.030,0.109
0.029,0.098
0.029,0.087
0.030,0.083
0.036,0.083
0.029,0.078
0.025,0.083
0.020,0.080
0.022,0.077
0.017,0.062
0.020,0.063
0.016,0.067
0.023,0.063
0.035,0.065
0.031,0.061
0.031,0.064
0.013,0.059
0.013,0.057
0.015,0.070
0.020,0.057
0.024,0.051
0.019,0.054
0.009,0.044
0.014,0.035
0.013,0.021
0.009,0.020
0.009,0.004
0.007,0.009
0.011,-0.003
0.023,-0.006
0.034,-0.009
0.040,-0.013
0.048,-0.014
0.050,-0.006
0.054,0.000
0.045,-0.002
0.045,-0.009
0.034,0.009
0.044,-0.007
0.051,0.002
0.046,-0.008
0.064,-0.016
0.066,-0.013
0.055,-0.018
0.056,-0.021
0.072,-0.018
0.065,-0.020
0.073,-0.021
0.076,-0.024
0.078,-0.015
0.080,-0.011
0.078,-0.012
0.072,-0.027
0.074,-0.021
0.072,-0.020
0.070,-0.021
0.086,-0.033
0.088,-0.031
0.097,-0.038
0.102,-0.035
0.114,-0.031
0.120,-0.024
0.116,-0.016
0.114,-0.012
0.108,-0.019
0.104,-0.023
0.095,-0.020
0.107,-0.023
0.109,-0.025
0.116,-0.026
0.122,-0.021
0.122,-0.020
0.144,-0.023
0.139,-0.025
0.138,-0.025
0.145,-0.008
0.144,-0.007
0.153,0.001
0.157,-0.006
0.159,-0.002
0.153,0.005
0.152,0.003
0.159,0.002
0.155,0.010
0.152,0.007
0.156,0.011
0.162,0.017
0.160,0.008
0.162,0.011
0.161,0.020
0.165,0.030
0.167,0.028
0.171,0.038
0.171,0.033
0.170,0.040
0.155,0.047
0.164,0.042
0.160,0.052
0.152,0.070
0.150,0.071
0.149,0.065
0.153,0.065
0.149,0.069
0.159,0.069
0.161,0.073
0.155,0.076
0.168,0.093
0.169,0.090
0.173,0.092
0.166,0.092
0.162,0.107
0.153,0.116
0.145,0.116
0.149,0.117
0.138,0.113
0.127,0.133
0.126,0.121
0.131,0.119
0.131,0.122
0.128,0.119
0.133,0.124
0.131,0.119
0.135,0.126
0.123,0.124
0.122,0.124
0.111,0.127
0.103,0.128
0.105,0.129
0.103,0.132
0.098,0.132
0.097,0.138
0.087,0.127
0.086,0.137
0.091,0.123
0.093,0.136
0.090,0.132
0.095,0.131
0.101,0.138
0.101,0.147
0.103,0.143
0.097,0.149
0.071,0.159
0.065,0.153
0.055,0.152
0.056,0.152
0.061,0.148
0.053,0.144
0.056,0.146
0.070,0.140
0.073,0.135
0.075,0.142
0.067,0.143
0.071,0.137
0.053,0.142
0.037,0.141
0.031,0.142
0.033,0.143
0.036,0.125
0.039,0.131
0.037,0.125
0.038,0.122
0.035,0.121
0.029,0.128
0.023,0.124
0.035,0.115
0.036,0.116
0.036,0.104
0.029,0.111
0.035,0.089
0.035,0.094
0.028,0.100
0.033,0.095
0.032,0.092
0.030,0.098
0.016,0.094
0.027,0.094
0.022,0.085
0.030,0.069
0.033,0.073
0.035,0.068
0.028,0.073
0.024,0.064
0.023,0.069
0.022,0.060
0.020,0.054
0.023,0.064
0.030,0.048
0.018,0.052
0.020,0.045
0.011,0.041
0.011,0.045
0.018,0.029
0.004,0.025
0.017,0.002
0.019,0.013
0.028,0.006
0.033,0.001
0.039,-0.006
0.045,-0.002
0.051,-0.003
0.055,-0.008
0.051,0.001
0.046,-0.018
0.042,-0.024
0.045,-0.015
0.043,-0.018
0.049,-0.018
0.057,-0.017
0.057,-0.010
0.065,-0.017
0.063,-0.016
0.061,-0.019
0.062,-0.021
0.067,-0.023
0.072,-0.012
0.075,-0.021
0.080,-0.022
0.073,-0.021
0.072,-0.019
0.078,-0.034
0.068,-0.020
0.071,-0.028
0.077,-0.038
0.081,-0.031
0.087,-0.038
0.101,-0.042
0.103,-0.044
0.119,-0.041
0.122,-0.040
0.124,-0.029
0.128,-0.032
0.111,-0.022
0.112,-0.021
0.105,-0.030
0.101,-0.029
0.099,-0.039
0.111,-0.039
0.118,-0.037
0.134,-0.038
0.136,-0.039
0.141,-0.026
0.149,-0.020
0.144,-0.008
0.150,-0.010
0.149,-0.014
0.154,0.003
0.157,-0.004
0.159,-0.000
0.154,0.010
0.157,0.011
0.155,0.011
0.157,0.022
0.154,0.032
0.158,0.025
0.167,0.031
0.165,0.031
0.166,0.031
0.173,0.042
0.171,0.046
0.168,0.051
0.166,0.048
0.159,0.058
0.167,0.057
0.162,0.043
0.168,0.054
0.171,0.051
0.163,0.059
0.164,0.065
0.152,0.059
0.153,0.072
0.147,0.067
0.150,0.074
0.152,0.075
0.167,0.074
0.160,0.089
0.160,0.089
0.158,0.098
0.150,0.100
0.143,0.114
0.137,0.114
0.127,0.115
0.115,0.116
0.120,0.126
0.124,0.121
0.128,0.122
0.133,0.114
0.131,0.121
0.131,0.119
0.136,0.119
0.129,0.130
0.113,0.133
0.114,0.126
0.114,0.133
0.106,0.139
0.106,0.132
0.097,0.129
0.094,0.133
0.094,0.131
0.091,0.130
0.086,0.139
0.090,0.136
0.094,0.139
0.097,0.146
0.106,0.140
0.098,0.141
0.101,0.147
0.096,0.154
0.093,0.148
0.088,0.148
0.079,0.148
0.063,0.155
0.061,0.153
0.057,0.164
0.064,0.149
0.064,0.156
0.072,0.149
0.080,0.150
0.057,0.143
0.055,0.160
0.066,0.153
0.043,0.157
0.050,0.147
0.052,0.142
0.041,0.139
0.046,0.151
0.035,0.138
0.032,0.132
0.041,0.129
0.040,0.128
0.039,0.118
0.036,0.114
0.037,0.112
0.037,0.106
0.037,0.105
0.031,0.101
0.028,0.098
0.025,0.096
0.020,0.093
0.026,0.092
0.034,0.083
0.029,0.086
0.028,0.084
0.037,0.064
0.026,0.065
0.028,0.075
0.025,0.069
0.035,0.062
0.037,0.058
0.025,0.059
0.021,0.053
0.015,0.046
0.020,0.046
0.024,0.051
0.015,0.045
0.016,0.054
0.020,0.037
0.014,0.027
0.020,0.024
0.012,0.027
0.021,0.020
0.019,0.016
0.016,0.017
0.034,0.006
0.040,-0.001
0.053,0.001
0.049,-0.002
0.057,0.002
0.050,0.004
0.051,0.009
0.060,0.001
0.044,0.007
0.047,-0.005
0.052,-0.010
0.052,-0.016
0.052,-0.020
0.054,-0.026
0.063,-0.022
0.066,-0.018
0.060,-0.027
0.070,-0.019
0.077,-0.029
0.075,-0.023
0.081,-0.024
0.080,-0.018
0.080,-0.016
0.074,-0.020
0.065,-0.011
0.076,-0.013
0.077,-0.021
0.074,-0.014
0.083,-0.024
0.083,-0.017
0.095,-0.027
0.106,-0.016
0.113,-0.020
0.113,-0.020
0.110,-0.015
0.109,-0.020
0.110,-0.024
0.104,-0.014
0.098,-0.018
0.097,-0.026
0.114,-0.033
0.125,-0.032
0.128,-0.029
0.134,-0.026
0.147,-0.021
0.150,-0.026
0.145,-0.018
0.145,-0.014
0.148,0.005
0.145,0.010
0.145,0.006
0.148,0.001
0.148,0.005
0.145,0.004
0.155,0.004
0.151,0.024
0.147,0.023
0.150,0.028
0.148,0.030
0.153,0.029
0.149,0.042
0.161,0.044
0.154,0.041
0.158,0.045
0.169,0.050
0.160,0.055
0.156,0.058
0.151,0.068
0.151,0.070
0.146,0.069
0.147,0.073
0.144,0.073
0.149,0.071
0.157,0.079
0.154,0.085
0.161,0.084
0.166,0.100
0.160,0.094
0.156,0.105
0.162,0.115
0.161,0.106
0.156,0.118
0.158,0.118
0.151,0.119
0.139,0.122
0.130,0.121
0.128,0.123
0.125,0.122
0.117,0.128
0.124,0.126
0.124,0.131
0.131,0.126
0.131,0.124
0.130,0.132
0.124,0.132
0.126,0.131
0.114,0.144
0.103,0.142
0.102,0.137
0.104,0.139
0.099,0.137
0.103,0.133
0.100,0.146
0.088,0.141
0.097,0.141
0.104,0.139
0.091,0.132
0.100,0.139
0.101,0.138
0.101,0.140
0.103,0.149
0.095,0.156
0.074,0.161
0.075,0.151
0.068,0.163
0.061,0.162
0.063,0.153
0.065,0.157
0.054,0.155
0.060,0.156
0.067,0.153
0.071,0.150
0.069,0.156
0.062,0.153
0.051,0.163
0.049,0.153
0.045,0.154
0.037,0.153
0.033,0.143
0.042,0.139
0.026,0.133
0.030,0.123
0.028,0.123
0.027,0.108
0.034,0.119
0.021,0.122
0.033,0.112
0.031,0.105
0.030,0.093
0.022,0.089
0.032,0.092
0.026,0.094
0.034,0.083
0.021,0.092
0.026,0.082
0.023,0.085
0.027,0.080
0.016,0.074
0.016,0.071
0.022,0.056
0.021,0.056
0.023,0.055
0.020,0.047
0.012,0.050
0.020,0.051
0.024,0.049
0.019,0.052
0.024,0.044
0.028,0.035
0.020,0.036
0.018,0.031
0.011,0.026
-0.002,0.022
0.005,0.015
0.009,0.002
0.016,0.003
0.029,-0.010
0.027,-0.009
0.037,-0.016
0.042,-0.015
0.045,-0.009
0.039,-0.015
0.040,-0.012
0.037,-0.011
0.040,-0.021
0.039,-0.016
0.036,-0.009
0.038,-0.016
0.046,-0.026
0.057,-0.023
0.062,-0.024
0.063,-0.021
0.062,-0.025
0.071,-0.026
0.063,-0.027
0.081,-0.031
0.082,-0.030
0.083,-0.025
0.079,-0.018
0.072,-0.025
0.060,-0.028
0.061,-0.023
0.062,-0.027
0.073,-0.025
0.083,-0.031
0.096,-0.045
0.100,-0.051
0.109,-0.036
0.121,-0.029
0.116,-0.021
0.119,-0.020
0.112,-0.015
0.111,-0.023
0.108,-0.025
0.107,-0.024
0.102,-0.027
0.112,-0.028
0.113,-0.019
0.129,-0.021
0.128,-0.013
0.136,-0.018
0.137,-0.008
0.145,-0.001
0.147,0.003
0.148,0.004
0.153,0.011
0.151,0.018
0.153,0.014
0.152,0.012
0.155,0.008
0.147,0.015
0.155,0.026
0.149,0.024
0.166,0.018
0.161,0.028
0.158,0.032
0.173,0.033
0.171,0.039
0.170,0.043
0.174,0.043
0.170,0.049
0.169,0.045
0.161,0.055
0.149,0.053
0.151,0.057
0.154,0.058
0.151,0.059
0.155,0.070
0.156,0.080
0.150,0.083
0.154,0.083
0.156,0.078
0.158,0.076
0.168,0.080
0.165,0.083
0.168,0.093
0.151,0.103
0.161,0.104
0.147,0.102
0.143,0.106
0.139,0.118
0.136,0.113
0.135,0.112
0.135,0.112
0.121,0.118
0.119,0.114
0.126,0.108
0.127,0.119
0.127,0.117
0.125,0.126
0.130,0.126
0.125,0.131
0.116,0.140
0.112,0.144
0.101,0.145
0.107,0.142
0.103,0.131
0.100,0.137
0.095,0.137
0.087,0.139
0.079,0.141
0.089,0.145
0.087,0.145
0.102,0.143
0.102,0.147
0.103,0.145
0.107,0.156
0.094,0.155
0.087,0.160
0.078,0.164
0.070,0.156
0.054,0.164
0.059,0.159
0.057,0.154
0.068,0.150
0.066,0.154
0.065,0.153
0.067,0.150
0.067,0.152
0.074,0.151
0.059,0.154
0.052,0.149
0.047,0.139
0.045,0.136
0.046,0.131
0.039,0.139
0.037,0.131
0.030,0.135
0.033,0.129
0.033,0.125
0.026,0.114
0.025,0.106
0.024,0.106
0.042,0.098
0.030,0.097
0.033,0.110
0.029,0.105
0.032,0.101
0.047,0.097
0.035,0.095
0.035,0.093
0.031,0.082
0.024,0.090
0.015,0.083
0.023,0.066
0.026,0.072
0.026,0.064
0.031,0.061
0.033,0.059
0.034,0.060
0.025,0.046
0.022,0.050
0.031,0.036
0.029,0.041
0.026,0.042
0.025,0.046
0.020,0.040
0.021,0.034
0.009,0.033
0.012,0.017
0.019,0.010
0.014,0.003
0.022,-0.002
0.024,-0.010
0.037,-0.014
0.042,-0.019
0.046,-0.002
0.042,-0.014
0.058,-0.018
0.056,-0.010
0.046,-0.009
0.065,-0.009
0.048,-0.012
0.042,-0.016
0.046,-0.018
0.055,-0.026
0.063,-0.029
0.064,-0.026
0.069,-0.022
0.072,-0.027
0.072,-0.031
0.073,-0.027
0.073,-0.027
0.070,-0.020
0.081,-0.024
0.068,-0.025
0.071,-0.024
0.073,-0.022
0.068,-0.025
0.076,-0.034
0.079,-0.045
0.083,-0.037
0.083,-0.034
0.104,-0.034
0.110,-0.029
0.117,-0.034
0.123,-0.031
0.114,-0.021
0.115,-0.021
0.111,-0.024
0.100,-0.022
0.107,-0.025
0.110,-0.023
0.113,-0.028
0.115,-0.035
0.125,-0.024
0.138,-0.020
0.143,-0.025
0.148,-0.013
0.151,-0.006
0.158,-0.010
0.157,-0.004
0.151,0.013
0.156,0.003
0.162,0.008
0.156,0.013
0.157,0.015
0.154,0.027
0.152,0.022
0.151,0.030
0.151,0.024
0.154,0.030
0.161,0.033
0.156,0.039
0.163,0.034
0.162,0.031
0.164,0.035
0.159,0.040
0.162,0.046
0.162,0.048
0.155,0.042
0.153,0.050
0.148,0.049
0.155,0.049
0.153,0.051
0.158,0.060
0.154,0.052
0.155,0.058
0.166,0.068
0.164,0.059
0.156,0.080
0.158,0.073
0.164,0.091
0.154,0.095
0.155,0.110
0.158,0.100
0.138,0.102
0.143,0.113
0.139,0.114
0.132,0.119
0.129,0.119
0.120,0.117
0.117,0.117
0.120,0.114
0.132,0.115
0.128,0.122
0.129,0.120
0.120,0.126
0.112,0.125
0.108,0.124
0.116,0.128
0.104,0.136
0.109,0.129
0.100,0.127
0.102,0.128
0.094,0.131
0.095,0.139
0.091,0.136
0.091,0.134
0.094,0.137
0.096,0.131
0.112,0.130
0.110,0.121
0.106,0.131
0.091,0.137
0.083,0.148
0.079,0.150
0.072,0.140
0.059,0.150
0.064,0.142
0.063,0.138
0.066,0.133
0.066,0.131
0.069,0.128
0.072,0.133
0.069,0.139
0.072,0.137
0.064,0.140
0.057,0.132
0.053,0.139
0.048,0.139
0.034,0.129
0.038,0.123
0.046,0.118
0.039,0.121
0.036,0.116
0.035,0.125
0.030,0.112
0.041,0.106
0.034,0.113
0.043,0.109
0.039,0.113
0.044,0.107
0.036,0.108
0.034,0.103
0.037,0.106
0.034,0.090
0.043,0.084
0.030,0.086
0.037,0.081
0.036,0.081
0.027,0.072
0.038,0.064
0.030,0.067
0.038,0.056
0.036,0.050
0.040,0.054
0.027,0.047
0.030,0.054
0.031,0.049
0.027,0.044
0.028,0.032
0.029,0.042
0.022,0.036
0.014,0.029
0.013,0.025
0.004,0.014
0.011,0.005
0.015,-0.004
0.020,-0.013
0.036,-0.013
0.033,-0.014
0.048,-0.025
0.039,-0.010
0.040,-0.013
0.047,-0.017
0.044,-0.014
0.042,-0.017
0.045,-0.016
0.047,-0.021
0.039,-0.030
0.045,-0.026
0.055,-0.032
0.061,-0.033
0.059,-0.027
0.072,-0.041
0.071,-0.038
0.072,-0.040
0.072,-0.033
0.082,-0.029
0.079,-0.023
0.071,-0.025
0.074,-0.032
0.065,-0.030
0.067,-0.033
0.072,-0.023
0.083,-0.039
0.085,-0.043
0.092,-0.050
0.102,-0.042
0.106,-0.028
0.116,-0.026
0.120,-0.034
0.117,-0.018
0.119,-0.024
0.111,-0.025
0.112,-0.025
0.107,-0.032
0.106,-0.033
0.109,-0.037
0.121,-0.036
0.120,-0.032
0.119,-0.036
0.129,-0.026
0.142,-0.029
0.140,-0.025
0.158,-0.029
0.158,-0.027
0.153,-0.013
0.158,-0.013
0.161,-0.002
0.159,-0.002
0.160,-0.004
0.155,0.006
0.158,-0.004
0.155,0.015
0.149,0.013
0.160,0.006
0.158,0.016
0.157,0.021
0.153,0.022
0.159,0.019
0.166,0.020
0.159,0.033
0.171,0.029
0.165,0.034
0.161,0.041
0.149,0.028
0.154,0.048
0.158,0.049
0.159,0.046
0.157,0.047
0.154,0.049
0.154,0.052
0.151,0.048
0.158,0.062
0.167,0.067
0.158,0.059
0.161,0.069
0.163,0.078
0.159,0.088
0.156,0.097
0.149,0.097
0.149,0.108
0.145,0.102
0.129,0.112
0.124,0.117
0.127,0.103
0.123,0.103
0.120,0.107
0.127,0.103
0.124,0.112
0.131,0.103
0.121,0.101
0.121,0.113
0.124,0.123
0.109,0.131
0.100,0.135
0.099,0.130
0.098,0.126
0.101,0.125
0.093,0.112
0.096,0.112
0.084,0.112
0.094,0.111
0.100,0.110
0.092,0.124
0.103,0.135
0.101,0.135
0.090,0.140
0.102,0.151
0.093,0.143
0.072,0.142
0.071,0.142
0.059,0.144
0.058,0.143
0.058,0.134
0.057,0.131
0.059,0.129
0.058,0.137
0.067,0.130
0.067,0.126
0.073,0.129
0.061,0.137
0.050,0.134
0.046,0.140
0.042,0.140
0.037,0.134
0.045,0.123
0.045,0.122
0.037,0.123
0.032,0.112
0.032,0.109
0.031,0.107
0.044,0.107
0.029,0.097
0.036,0.095
0.034,0.094
0.027,0.089
0.034,0.084
0.030,0.086
0.028,0.083
0.030,0.080
0.036,0.075
0.020,0.089
0.025,0.077
0.026,0.073
0.020,0.072
0.020,0.072
0.023,0.070
0.022,0.068
0.026,0.060
0.027,0.055
0.023,0.049
0.020,0.050
0.024,0.045
0.021,0.044
0.024,0.037
0.019,0.034
0.021,0.030
0.010,0.025
0.020,0.015
-0.000,0.016
0.001,0.001
0.005,0.006
0.013,-0.003
0.026,-0.007
0.023,-0.015
0.031,-0.022
0.034,-0.028
0.037,-0.021
0.044,-0.020
0.048,-0.018
0.043,-0.021
0.039,-0.022
0.040,-0.025
0.040,-0.025
0.039,-0.040
0.038,-0.042
0.051,-0.032
0.049,-0.029
0.062,-0.037
0.060,-0.032
0.067,-0.029
0.060,-0.025
0.060,-0.035
0.077,-0.026
0.077,-0.035
0.083,-0.031
0.073,-0.027
0.067,-0.022
0.067,-0.025
0.072,-0.027
0.067,-0.027
0.080,-0.025
0.099,-0.031
0.107,-0.032
0.115,-0.035
0.119,-0.026
0.121,-0.018
0.111,-0.013
0.106,-0.006
0.109,-0.010
0.099,-0.013
0.106,-0.018
0.104,-0.014
0.107,-0.017
0.121,-0.015
0.129,-0.020
0.133,-0.018
0.141,-0.013
0.150,-0.019
0.145,-0.011
0.154,-0.001
0.160,0.010
0.148,0.016
0.153,0.010
0.166,0.000
0.157,0.021
0.160,0.019
0.166,0.014
0.154,0.025
0.154,0.033
0.149,0.021
0.152,0.028
0.156,0.029
0.160,0.031
0.164,0.036
0.159,0.042
0.162,0.059
0.157,0.055
0.161,0.062
0.159,0.066
0.150,0.070
0.155,0.069
0.161,0.072
0.158,0.071
0.152,0.079
0.159,0.071
0.153,0.063
0.154,0.062
0.158,0.074
0.160,0.080
0.165,0.084
0.163,0.085
0.168,0.087
0.164,0.093
0.152,0.096
0.154,0.101
0.145,0.105
0.141,0.114
0.132,0.125
0.130,0.116
0.120,0.118
0.122,0.119
0.117,0.113
0.119,0.117
0.118,0.113
0.123,0.108
0.126,0.119
0.123,0.125
0.119,0.117
0.124,0.129
0.099,0.137
0.108,0.131
0.103,0.137
0.100,0.132
0.098,0.141
0.091,0.142
0.083,0.139
0.087,0.134
0.097,0.129
0.100,0.129
0.104,0.133
0.103,0.145
0.103,0.142
0.101,0.147
0.085,0.160
0.084,0.158
0.075,0.156
0.067,0.159
0.058,0.168
0.061,0.153
0.057,0.154
0.061,0.147
0.056,0.150
0.052,0.152
0.064,0.143
0.072,0.139
0.064,0.140
0.064,0.145
0.045,0.149
0.050,0.141
0.039,0.146
0.040,0.138
0.030,0.137
0.031,0.134
0.034,0.134
0.037,0.123
0.035,0.130
0.033,0.127
0.040,0.119
0.034,0.114
0.037,0.099
0.029,0.105
0.023,0.100
0.031,0.101
0.031,0.091
0.037,0.100
0.041,0.093
0.037,0.094
0.035,0.083
0.027,0.084
0.024,0.078
0.030,0.080
0.027,0.082
0.026,0.071
0.037,0.065
0.026,0.065
0.036,0.060
0.025,0.066
0.029,0.062
0.026,0.052
0.029,0.049
0.028,0.048
0.026,0.045
0.016,0.042
0.016,0.029
0.017,0.027
0.014,0.018
0.016,0.011
0.008,0.007
0.021,0.000
0.028,0.004
0.040,0.004
0.044,0.000
0.040,-0.003
0.049,-0.011
0.061,-0.010
0.059,-0.007
0.047,-0.000
0.049,-0.012
0.034,-0.010
0.048,-0.020
0.053,-0.020
0.055,-0.013
0.063,-0.021
0.056,-0.023
0.069,-0.020
0.061,-0.024
0.064,-0.024
0.065,-0.023
0.077,-0.018
0.084,-0.016
0.087,-0.018
0.079,-0.022
0.079,-0.008
0.066,-0.020
0.072,-0.023
0.080,-0.019
0.078,-0.018
0.084,-0.017
0.098,-0.023
0.105,-0.024
0.120,-0.024
0.114,-0.019
0.114,-0.016
0.127,-0.008
0.125,-0.007
0.116,-0.007
0.111,-0.012
0.101,-0.010
0.108,-0.008
0.115,-0.009
0.119,-0.025
0.131,-0.016
0.134,-0.016
0.147,-0.010
0.148,-0.008
0.150,-0.005
0.153,0.001
0.162,0.004
0.161,0.007
0.163,0.019
0.172,0.022
0.159,0.017
0.162,0.016
0.171,0.016
0.157,0.027
0.165,0.026
0.175,0.034
0.169,0.035
0.176,0.031
0.165,0.035
0.163,0.036
0.168,0.040
0.178,0.043
0.172,0.054
0.171,0.054
0.160,0.052
0.160,0.047
0.157,0.059
0.157,0.060
0.146,0.067
0.152,0.065
0.158,0.063
0.156,0.065
0.161,0.066
0.163,0.080
0.160,0.083
0.165,0.083
0.169,0.089
0.172,0.103
0.161,0.110
0.148,0.117
0.154,0.117
0.156,0.115
0.144,0.115
0.134,0.118
0.132,0.125
0.125,0.123
0.122,0.110
0.131,0.117
0.125,0.121
0.126,0.124
0.127,0.123
0.127,0.129
0.125,0.126
0.132,0.120
0.115,0.128
0.115,0.132
0.105,0.139
0.104,0.140
0.107,0.139
0.098,0.143
0.091,0.135
0.095,0.147
0.085,0.139
0.101,0.133
0.105,0.133
0.107,0.140
0.108,0.139
0.115,0.152
0.103,0.155
0.097,0.153
0.076,0.167
0.078,0.154
0.065,0.151
0.061,0.155
0.064,0.145
0.066,0.137
0.075,0.137
0.073,0.142
0.068,0.144
0.081,0.146
0.073,0.140
0.062,0.143
0.057,0.155
0.037,0.160
0.046,0.146
0.040,0.131
0.031,0.130
0.039,0.125
0.036,0.123
0.037,0.125
0.040,0.114
0.040,0.112
0.040,0.105
0.041,0.105
0.040,0.110
0.039,0.106
0.029,0.099
0.035,0.077
0.033,0.082
0.041,0.080
0.033,0.077
0.036,0.085
0.034,0.085
0.031,0.079
0.024,0.079
0.026,0.075
0.026,0.063
0.030,0.064
0.041,0.050
0.032,0.055
0.043,0.041
0.038,0.052
0.034,0.056
0.034,0.048
0.021,0.040
0.028,0.038
0.015,0.031
0.021,0.027
0.014,0.029
0.019,0.016
0.018,0.015
0.012,0.010
0.013,0.002
0.024,-0.003
0.026,-0.014
0.032,-0.004
0.037,-0.013
0.048,-0.022
0.049,-0.015
0.044,-0.026
0.048,-0.008
0.046,-0.004
0.048,-0.018
0.041,-0.019
0.037,-0.022
0.047,-0.027
0.046,-0.029
0.051,-0.031
0.068,-0.033
0.063,-0.036
0.069,-0.035
0.067,-0.043
0.087,-0.039
0.080,-0.037
0.076,-0.032
0.080,-0.020
0.084,-0.023
0.075,-0.018
0.074,-0.031
0.075,-0.025
0.076,-0.030
0.080,-0.035
0.084,-0.033
0.089,-0.041
0.106,-0.046
0.105,-0.026
0.114,-0.033
0.117,-0.023
0.118,-0.023
0.121,-0.020
0.117,-0.016
0.107,-0.019
0.104,-0.026
0.103,-0.020
0.107,-0.020
0.116,-0.025
0.119,-0.029
0.128,-0.039
0.141,-0.039
0.140,-0.034
0.141,-0.021
0.143,-0.018
0.150,-0.010
0.158,-0.003
0.155,0.004
0.158,0.010
0.162,0.011
0.161,0.004
0.151,0.021
0.146,0.025
0.150,0.025
0.151,0.028
0.148,0.030
0.153,0.030
0.153,0.029
0.161,0.025
0.157,0.032
0.159,0.033
0.158,0.041
0.168,0.049
0.166,0.055
0.151,0.059
0.155,0.055
0.152,0.063
0.149,0.056
0.155,0.057
0.148,0.058
0.151,0.066
0.151,0.075
0.152,0.072
0.155,0.074
0.153,0.081
0.161,0.073
0.161,0.084
0.157,0.088
0.149,0.087
0.154,0.100
0.149,0.102
0.145,0.107
0.132,0.114
0.129,0.106
0.125,0.101
0.126,0.099
0.126,0.105
0.114,0.100
0.120,0.106
0.120,0.120
0.118,0.116
0.129,0.121
0.112,0.128
0.105,0.134
0.100,0.135
0.101,0.137
0.096,0.137
0.103,0.143
0.093,0.144
0.088,0.143
0.084,0.139
0.085,0.152
0.090,0.126
0.097,0.138
0.098,0.144
0.097,0.145
0.097,0.150
0.097,0.159
0.099,0.153
0.089,0.158
0.078,0.158
0.066,0.148
0.062,0.150
0.054,0.156
0.056,0.154
0.057,0.154
0.051,0.157
0.056,0.154
0.068,0.151
0.074,0.147
0.068,0.147
0.053,0.163
0.045,0.152
0.049,0.145
0.032,0.142
0.042,0.134
0.038,0.137
0.043,0.120
0.029,0.125
0.032,0.119
0.028,0.116
0.032,0.107
0.026,0.109
0.024,0.101
0.025,0.097
0.029,0.097
0.030,0.107
0.027,0.099
0.030,0.093
0.026,0.099
0.020,0.089
0.027,0.077
0.025,0.087
0.027,0.073
0.023,0.069
0.025,0.069
0.023,0.063
0.019,0.075
0.024,0.060
0.026,0.065
0.027,0.065
0.018,0.056
0.016,0.052
0.019,0.049
0.023,0.053
0.011,0.041
0.017,0.035
0.022,0.034
0.010,0.028
0.014,0.020
0.005,0.012
0.007,0.002
0.009,-0.004
0.013,-0.007
0.024,-0.008
0.028,-0.012
0.037,-0.014
0.038,-0.022
0.043,-0.020
0.047,-0.025
0.045,-0.020
0.040,-0.023
0.049,-0.027
0.041,-0.026
0.039,-0.030
0.044,-0.045
0.045,-0.052
0.053,-0.044
0.057,-0.047
0.060,-0.046
0.057,-0.033
0.057,-0.039
0.061,-0.040
0.068,-0.041
0.077,-0.041
0.076,-0.038
0.072,-0.031
0.062,-0.028
0.060,-0.036
0.069,-0.045
0.072,-0.037
0.072,-0.038
0.073,-0.046
0.082,-0.043
0.092,-0.041
0.111,-0.047
0.116,-0.031
0.108,-0.033
0.118,-0.042
0.105,-0.038
0.101,-0.026
0.114,-0.039
0.095,-0.025
0.092,-0.038
0.105,-0.036
0.109,-0.036
0.120,-0.042
0.127,-0.038
0.137,-0.038
0.140,-0.033
0.149,-0.028
0.147,-0.022
0.153,-0.015
0.152,-0.022
0.143,-0.006
0.148,0.000
0.148,0.009
0.150,0.004
0.151,0.008
0.143,0.018
0.142,0.013
0.151,0.023
0.150,0.026
0.155,0.030
0.150,0.035
0.160,0.036
0.158,0.036
0.153,0.039
0.161,0.040
0.156,0.042
0.152,0.041
0.156,0.048
0.152,0.050
0.147,0.050
0.147,0.053
0.154,0.055
0.148,0.055
0.152,0.064
0.157,0.065
0.154,0.068
0.155,0.068
0.155,0.073
0.160,0.081
0.165,0.085
0.157,0.085
0.155,0.095
0.149,0.099
0.150,0.098
0.140,0.100
0.135,0.104
0.126,0.101
0.128,0.099
0.121,0.102
0.124,0.100
0.124,0.105
0.121,0.104
0.128,0.098
0.112,0.103
0.124,0.123
0.118,0.128
0.113,0.132
0.111,0.133
0.107,0.118
0.104,0.135
0.096,0.131
0.104,0.124
0.089,0.134
0.085,0.135
0.090,0.133
0.087,0.131
0.085,0.131
0.098,0.128
0.098,0.138
0.097,0.141
0.097,0.152
0.094,0.146
0.083,0.156
0.072,0.146
0.071,0.139
0.062,0.143
0.066,0.148
0.066,0.135
0.060,0.142
0.073,0.139
0.070,0.135
0.070,0.144
0.067,0.145
0.064,0.152
0.053,0.146
0.043,0.155
0.048,0.144
0.044,0.137
0.045,0.137
0.050,0.135
0.043,0.123
0.038,0.123
0.032,0.120
0.041,0.118
0.038,0.127
0.032,0.118
0.038,0.111
0.042,0.114
0.030,0.113
0.029,0.106
0.039,0.108
0.025,0.099
0.030,0.081
0.028,0.092
0.034,0.083
0.031,0.082
0.031,0.079
0.033,0.075
0.041,0.069
0.036,0.073
0.040,0.068
0.044,0.061
0.039,0.056
0.039,0.054
0.027,0.066
0.022,0.056
0.026,0.051
0.035,0.051
0.028,0.047
0.027,0.034
0.024,0.030
0.027,0.024
0.016,0.024
0.020,0.020
0.027,0.015
0.024,-0.000
0.033,-0.007
0.037,-0.004
0.045,-0.012
0.049,-0.018
0.049,-0.013
0.061,-0.014
0.049,-0.013
0.043,-0.004
0.044,-0.003
0.046,-0.013
0.045,-0.015
0.048,-0.021
0.058,-0.035
0.058,-0.030
0.062,-0.030
0.077,-0.035
0.067,-0.032
0.075,-0.040
0.067,-0.030
0.063,-0.032
0.077,-0.035
0.077,-0.033
0.085,-0.030
0.088,-0.038
0.077,-0.032
0.073,-0.029
0.080,-0.037
0.076,-0.039
0.088,-0.047
0.095,-0.040
0.111,-0.053
0.111,-0.047
0.127,-0.043
0.123,-0.041
0.133,-0.041
0.122,-0.033
0.125,-0.027
0.117,-0.023
0.112,-0.035
0.109,-0.028
0.111,-0.033
0.118,-0.030
0.134,-0.034
0.137,-0.023
0.141,-0.027
0.144,-0.028
0.150,-0.030
0.154,-0.023
0.156,-0.026
0.167,-0.037
0.162,-0.013
0.162,-0.007
0.165,-0.011
0.154,0.010
0.155,0.007
0.165,0.011
0.164,-0.002
0.163,0.003
0.165,0.010
0.163,0.013
0.160,0.017
0.162,0.031
0.164,0.023
0.171,0.031
0.172,0.032
0.174,0.028
0.171,0.034
0.162,0.049
0.159,0.040
0.157,0.046
0.168,0.040
0.161,0.046
0.166,0.049
0.167,0.048
0.162,0.046
0.161,0.047
0.162,0.062
0.161,0.063
0.161,0.069
0.168,0.066
0.174,0.078
0.169,0.083
0.159,0.084
0.156,0.096
0.138,0.098
0.139,0.102
0.134,0.101
0.131,0.107
0.133,0.097
0.122,0.100
0.119,0.105
0.128,0.097
0.127,0.096
0.127,0.102
0.127,0.108
0.126,0.111
0.116,0.118
0.105,0.119
0.105,0.116
0.104,0.112
0.101,0.120
0.095,0.114
0.095,0.119
0.094,0.107
0.088,0.118
0.087,0.123
0.091,0.118
0.098,0.119
0.102,0.123
0.101,0.130
0.102,0.143
0.101,0.140
0.089,0.146
0.079,0.155
0.075,0.143
0.064,0.140
0.062,0.140
0.056,0.136
0.060,0.145
0.060,0.133
0.064,0.134
0.064,0.142
0.065,0.138
0.066,0.135
0.060,0.140
0.050,0.140
0.048,0.139
0.044,0.139
0.042,0.124
0.041,0.129
0.039,0.120
0.026,0.112
0.033,0.116
0.030,0.108
0.029,0.110
0.028,0.103
0.032,0.099
0.036,0.096
0.033,0.089
0.027,0.101
0.037,0.095
0.031,0.091
0.027,0.078
0.035,0.080
0.028,0.085
0.028,0.080
0.028,0.074
0.021,0.068
0.025,0.060
0.025,0.065
0.029,0.059
0.035,0.046
0.030,0.049
0.032,0.043
0.022,0.042
0.023,0.038
0.017,0.033
0.020,0.031
0.024,0.029
0.027,0.020
0.028,0.020
0.024,0.020
0.018,0.013
0.023,0.001
0.009,0.007
0.012,0.002
0.029,-0.007
0.031,0.002
0.043,-0.009
0.041,-0.014
0.050,-0.012
0.050,-0.011
0.047,-0.013
0.049,-0.014
0.037,-0.014
0.042,-0.022
0.047,-0.028
0.048,-0.038
0.053,-0.044
0.060,-0.040
0.056,-0.035
0.071,-0.042
0.070,-0.027
0.066,-0.040
0.071,-0.025
0.080,-0.035
0.085,-0.036
0.093,-0.032
0.086,-0.037
0.089,-0.039
0.072,-0.034
0.069,-0.039
0.074,-0.040
0.076,-0.050
0.076,-0.046
0.090,-0.056
0.103,-0.052
0.114,-0.057
0.118,-0.050
0.120,-0.040
0.122,-0.043
0.117,-0.031
0.131,-0.030
0.110,-0.024
0.107,-0.025
0.102,-0.025
0.105,-0.033
0.111,-0.038
0.120,-0.040
0.135,-0.038
0.131,-0.034
0.132,-0.040
0.145,-0.036
0.145,-0.031
0.151,-0.025
0.157,-0.018
0.154,-0.015
0.157,-0.013
0.154,-0.018
0.147,-0.011
0.155,-0.007
0.152,0.005
0.159,0.007
0.155,0.009
0.150,0.012
0.163,0.008
0.160,0.018
0.156,0.026
0.154,0.020
0.159,0.021
0.164,0.019
0.166,0.034
0.173,0.033
0.163,0.038
0.161,0.042
0.155,0.048
0.157,0.056
0.145,0.062
0.156,0.053
0.162,0.059
0.166,0.068
0.160,0.065
0.167,0.066
0.159,0.070
0.165,0.074
0.155,0.086
0.167,0.082
0.159,0.083
0.161,0.091
0.162,0.095
0.152,0.106
0.145,0.109
0.136,0.110
0.126,0.101
0.127,0.106
0.126,0.105
0.117,0.103
0.126,0.105
0.129,0.104
0.135,0.112
0.127,0.114
0.125,0.111
0.118,0.119
0.110,0.119
0.107,0.117
0.100,0.121
0.099,0.117
0.101,0.113
0.091,0.119
0.107,0.111
0.091,0.120
0.090,0.124
0.091,0.129
0.089,0.118
0.105,0.121
0.097,0.128
0.099,0.128
0.098,0.139
0.083,0.139
0.074,0.150
0.076,0.145
0.072,0.143
0.068,0.135
0.064,0.133
0.064,0.134
0.060,0.137
0.056,0.131
0.058,0.132
0.072,0.133
0.058,0.138
0.057,0.142
0.054,0.134
0.048,0.130
0.054,0.131
0.040,0.131
0.041,0.120
0.042,0.109
0.036,0.114
0.031,0.107
0.038,0.098
0.036,0.106
0.028,0.101
0.024,0.094
0.031,0.086
0.031,0.077
0.036,0.078
0.033,0.088
0.027,0.079
0.029,0.072
0.019,0.082
0.027,0.075
0.025,0.072
0.018,0.073
0.021,0.059
0.030,0.046
0.016,0.052
0.016,0.049
0.031,0.037
0.021,0.037
0.024,0.039
0.017,0.036
0.021,0.037
0.018,0.026
0.018,0.029
0.024,0.028
0.020,0.013
0.021,0.018
0.016,0.022
0.008,0.028
0.010,0.010
0.017,0.010
0.014,-0.006
0.016,-0.010
0.022,-0.014
0.028,-0.021
0.031,-0.016
0.040,-0.016
0.041,-0.023
0.044,-0.027
0.041,-0.017
0.048,-0.020
0.052,-0.014
0.043,-0.029
0.047,-0.036
0.042,-0.037
0.041,-0.039
0.051,-0.033
0.068,-0.038
0.059,-0.046
0.067,-0.042
0.071,-0.042
0.065,-0.043
0.067,-0.043
0.065,-0.045
0.073,-0.034
0.081,-0.034
0.073,-0.039
0.071,-0.032
0.060,-0.033
0.057,-0.038
0.068,-0.039
0.086,-0.043
0.089,-0.051
0.099,-0.048
0.104,-0.036
0.108,-0.044
0.125,-0.036
0.118,-0.024
0.120,-0.034
0.115,-0.031
0.112,-0.021
0.108,-0.029
0.102,-0.025
0.110,-0.026
0.105,-0.025
0.115,-0.018
0.126,-0.026
0.130,-0.025
0.139,-0.021
0.146,-0.024
0.145,-0.013
0.146,-0.007
0.150,-0.013
0.152,-0.012
0.148,-0.005
0.152,-0.005
0.155,0.003
0.159,0.007
0.160,0.010
0.155,0.017
0.159,0.018
0.153,0.020
0.157,0.025
0.160,0.015
0.158,0.016
0.164,0.025
0.161,0.040
0.163,0.035
0.172,0.042
0.164,0.043
0.163,0.042
0.153,0.048
0.158,0.047
0.153,0.042
0.159,0.046
0.153,0.053
0.155,0.053
0.157,0.049
0.151,0.054
0.151,0.055
0.159,0.058
0.157,0.064
0.151,0.075
0.156,0.080
0.164,0.084
0.154,0.100
0.148,0.101
0.136,0.102
0.140,0.104
0.134,0.116
0.120,0.102
0.116,0.101
0.118,0.100
0.114,0.091
0.112,0.102
0.114,0.109
0.122,0.105
0.126,0.117
0.124,0.117
0.113,0.112
0.115,0.125
0.100,0.125
0.103,0.124
0.101,0.121
0.098,0.128
0.095,0.127
0.092,0.121
0.095,0.124
0.094,0.125
0.106,0.131
0.108,0.143
0.108,0.134
0.116,0.148
0.103,0.145
0.094,0.143
0.091,0.143
0.083,0.137
0.073,0.140
0.066,0.144
0.061,0.154
0.061,0.146
0.072,0.145
0.062,0.133
0.064,0.135
0.072,0.146
0.072,0.129
0.074,0.120
0.066,0.126
0.060,0.131
0.045,0.132
0.047,0.134
0.032,0.131
0.035,0.119
0.037,0.118
0.042,0.106
0.032,0.113
0.040,0.112
0.027,0.105
0.035,0.112
0.041,0.102
0.032,0.101
0.038,0.104
0.025,0.101
0.034,0.092
0.031,0.090
0.027,0.083
0.027,0.083
0.021,0.076
0.023,0.078
0.022,0.067
0.027,0.062
0.034,0.069
0.030,0.061
0.035,0.058
0.036,0.049
0.032,0.051
0.031,0.058
0.024,0.052
0.022,0.052
0.027,0.044
0.022,0.042
0.024,0.042
0.027,0.035
0.017,0.035
0.022,0.026
0.017,0.021
0.005,0.018
0.003,0.013
0.007,0.012
0.021,0.009
0.026,-0.004
0.039,-0.009
0.037,-0.010
0.040,-0.011
0.041,-0.003
0.048,-0.012
0.046,-0.014
0.048,-0.012
0.040,-0.009
0.051,-0.028
0.040,-0.021
0.047,-0.024
0.060,-0.017
0.056,-0.018
0.065,-0.012
0.060,-0.021
0.066,-0.022
0.069,-0.024
0.073,-0.031
0.080,-0.035
0.084,-0.019
0.078,-0.022
0.077,-0.020
0.078,-0.014
0.064,-0.012
0.073,-0.022
0.075,-0.023
0.073,-0.027
0.090,-0.032
0.096,-0.022
0.099,-0.023
0.109,-0.021
0.117,-0.021
0.123,-0.029
0.119,-0.020
0.113,-0.026
0.114,-0.020
0.101,-0.015
0.096,-0.018
0.107,-0.026
0.114,-0.031
0.112,-0.028
0.116,-0.037
0.133,-0.029
0.138,-0.035
0.141,-0.033
0.140,-0.022
0.140,-0.015
0.152,-0.016
0.150,-0.002
0.159,-0.003
0.163,0.003
0.155,-0.000
0.150,0.012
0.157,0.013
0.155,0.010
0.148,0.018
0.151,0.019
0.150,0.030
0.157,0.031
0.162,0.028
0.153,0.033
0.160,0.030
0.165,0.038
0.171,0.053
0.158,0.061
0.161,0.061
0.155,0.061
0.156,0.056
0.163,0.053
0.152,0.069
0.151,0.071
0.161,0.075
0.165,0.064
0.155,0.073
0.164,0.081
0.154,0.087
0.156,0.081
0.165,0.079
0.166,0.087
0.156,0.095
0.154,0.099
0.154,0.098
0.146,0.106
0.144,0.114
0.133,0.116
0.137,0.107
0.129,0.111
0.129,0.110
0.133,0.117
0.127,0.116
0.127,0.119
0.126,0.126
0.125,0.126
0.121,0.132
0.120,0.121
0.105,0.129
0.102,0.122
0.106,0.135
0.096,0.136
0.097,0.138
0.100,0.139
0.095,0.139
0.090,0.122
0.095,0.127
0.091,0.139
0.086,0.138
0.099,0.148
0.104,0.157
0.105,0.153
0.103,0.147
0.086,0.158
0.084,0.165
0.070,0.154
0.066,0.159
0.065,0.155
0.056,0.157
0.062,0.146
0.053,0.154
0.062,0.149
0.058,0.157
0.062,0.153
0.067,0.157
0.062,0.158
0.058,0.150
0.058,0.150
0.043,0.149
0.037,0.140
0.040,0.143
0.035,0.135
0.030,0.137
0.037,0.131
0.036,0.130
0.034,0.122
0.031,0.120
0.033,0.119
0.036,0.124
0.041,0.113
0.041,0.105
0.036,0.096
0.035,0.098
0.033,0.096
0.031,0.092
0.023,0.097
0.026,0.098
0.021,0.095
0.028,0.083
0.026,0.072
0.024,0.068
0.024,0.064
0.027,0.069
0.026,0.064
0.029,0.057
0.028,0.053
0.023,0.042
0.020,0.049
0.027,0.040
0.021,0.041
0.019,0.038
0.025,0.036
0.013,0.035
0.014,0.034
0.008,0.024
0.009,0.022
0.011,0.018
0.014,-0.006
0.020,-0.002
0.023,-0.001
0.044,-0.005
0.046,-0.013
0.040,-0.007
0.048,-0.019
0.055,-0.009
0.046,-0.007
0.044,-0.019
0.047,-0.022
0.045,-0.018
0.048,-0.019
0.050,-0.017
0.049,-0.023
0.056,-0.026
0.057,-0.028
0.064,-0.026
0.065,-0.024
0.063,-0.017
0.074,-0.023
0.079,-0.027
0.087,-0.025
0.079,-0.026
0.070,-0.012
0.065,-0.025
0.068,-0.021
0.068,-0.020
0.066,-0.025
0.080,-0.034
0.091,-0.043
0.091,-0.039
0.098,-0.036
0.110,-0.030
0.118,-0.023
0.122,-0.026
0.110,-0.025
0.118,-0.029
0.108,-0.021
0.100,-0.014
0.098,-0.009
0.106,-0.021
0.107,-0.019
0.125,-0.026
0.131,-0.023
0.135,-0.025
0.142,-0.018
0.134,-0.013
0.153,-0.005
0.149,-0.002
0.150,0.001
0.152,-0.002
0.155,-0.001
0.154,-0.002
0.144,0.001
0.144,0.015
0.156,0.009
0.156,0.026
0.152,0.029
0.156,0.033
0.161,0.028
0.160,0.024
0.167,0.032
0.166,0.032
0.171,0.031
0.166,0.038
0.166,0.047
0.176,0.044
0.164,0.054
0.170,0.043
0.171,0.047
0.166,0.057
0.159,0.063
0.165,0.064
0.168,0.052
0.156,0.058
0.155,0.072
0.162,0.078
0.161,0.077
0.166,0.086
0.174,0.094
0.179,0.097
0.162,0.104
0.167,0.105
0.157,0.111
0.151,0.119
0.151,0.129
0.133,0.114
0.143,0.115
0.133,0.118
0.134,0.123
0.127,0.115
0.131,0.110
0.133,0.120
0.132,0.128
0.135,0.119
0.132,0.135
0.119,0.135
0.119,0.145
0.108,0.143
0.114,0.135
0.104,0.142
0.105,0.142
0.109,0.143
0.105,0.139
0.098,0.135
0.093,0.137
0.097,0.139
0.099,0.148
0.099,0.146
0.114,0.146
0.102,0.162
0.098,0.161
0.097,0.162
0.080,0.163
0.075,0.148
0.070,0.154
0.054,0.161
0.061,0.156
0.066,0.149
0.066,0.148
0.070,0.154
0.070,0.152
0.066,0.154
0.060,0.155
0.070,0.150
0.061,0.145
0.048,0.152
0.046,0.154
0.046,0.137
0.042,0.136
0.037,0.136
0.040,0.139
0.032,0.131
0.039,0.132
0.041,0.126
0.049,0.122
0.034,0.117
0.043,0.114
0.046,0.110
0.041,0.104
0.033,0.103
0.044,0.099
0.036,0.101
0.030,0.097
0.032,0.093
0.030,0.094
0.035,0.089
0.032,0.080
0.024,0.089
0.025,0.079
0.036,0.074
0.041,0.076
0.037,0.070
0.045,0.069
0.036,0.066
0.028,0.062
0.033,0.054
0.029,0.057
0.026,0.055
0.024,0.049
0.020,0.039
0.018,0.037
0.012,0.032
0.022,0.026
0.019,0.022
0.023,0.007
0.025,0.003
0.022,0.002
0.038,0.008
0.042,-0.001
0.038,-0.003
0.044,0.008
0.051,0.005
0.049,0.008
0.045,0.005
0.041,0.000
0.045,-0.003
0.047,-0.016
0.051,-0.020
0.053,-0.012
0.057,-0.018
0.065,-0.013
0.073,-0.021
0.071,-0.016
0.075,-0.017
0.066,-0.014
0.075,-0.012
0.075,-0.019
0.086,-0.021
0.078,-0.028
0.079,-0.025
0.076,-0.018
0.072,-0.024
0.075,-0.027
0.079,-0.029
0.079,-0.021
0.091,-0.034
0.102,-0.026
0.112,-0.021
0.118,-0.018
0.126,-0.017
0.110,-0.007
0.113,-0.012
0.117,-0.011
0.107,-0.020
0.118,-0.021
0.107,-0.028
0.108,-0.024
0.116,-0.035
0.120,-0.036
0.136,-0.028
0.143,-0.018
0.138,-0.005
0.143,-0.010
0.153,-0.010
0.152,0.001
0.165,-0.004
0.169,-0.004
0.162,0.011
0.159,0.004
0.152,0.016
0.155,0.011
0.157,0.021
0.161,0.017
0.161,0.010
0.164,0.016
0.156,0.030
0.166,0.024
0.171,0.034
0.169,0.034
0.171,0.039
0.173,0.043
0.163,0.040
0.172,0.042
0.163,0.042
0.170,0.054
0.155,0.058
0.151,0.070
0.155,0.060
0.156,0.060
0.153,0.063
0.159,0.060
0.155,0.066
0.149,0.072
0.165,0.071
0.163,0.073
0.168,0.075
0.159,0.087
0.162,0.089
0.158,0.108
0.161,0.103
0.147,0.112
0.135,0.113
0.133,0.110
0.138,0.097
0.132,0.113
0.125,0.106
0.127,0.110
0.127,0.121
0.128,0.122
0.132,0.116
0.128,0.113
0.126,0.121
0.127,0.127
0.118,0.125
0.110,0.124
0.106,0.132
0.101,0.131
0.114,0.120
0.099,0.127
0.092,0.132
0.096,0.126
0.098,0.130
0.100,0.134
0.096,0.144
0.103,0.133
0.097,0.139
0.106,0.133
0.104,0.137
0.088,0.140
0.079,0.148
0.077,0.142
0.070,0.152
0.070,0.138
0.071,0.143
0.062,0.136
0.067,0.134
0.069,0.128
0.072,0.133
0.071,0.135
0.068,0.139
0.057,0.143
0.052,0.142
0.048,0.139
0.037,0.145
0.040,0.132
0.036,0.132
0.032,0.123
0.037,0.122
0.042,0.114
0.032,0.112
0.042,0.093
0.050,0.100
0.042,0.099
0.034,0.100
0.041,0.101
0.033,0.090
0.044,0.096
0.042,0.082
0.032,0.093
0.031,0.081
0.034,0.078
0.031,0.083
0.035,0.067
0.035,0.067
0.032,0.064
0.029,0.055
0.027,0.065
0.034,0.061
0.034,0.054
0.029,0.052
0.032,0.044
0.021,0.044
0.022,0.039
0.036,0.042
0.028,0.042
0.021,0.038
0.019,0.037
0.022,0.033
0.022,0.015
0.003,0.016
0.012,0.009
0.019,-0.001
0.023,-0.001
0.026,-0.008
0.033,-0.013
0.032,-0.003
0.046,-0.014
0.049,-0.006
0.044,-0.003
0.050,-0.008
0.042,-0.005
0.047,-0.015
0.049,-0.023
0.049,-0.027
0.042,-0.018
0.052,-0.020
0.060,-0.020
0.072,-0.026
0.066,-0.016
0.074,-0.020
0.077,-0.027
0.076,-0.018
0.077,-0.017
0.077,-0.015
0.079,-0.019
0.077,-0.019
0.082,-0.023
0.082,-0.033
0.076,-0.035
0.080,-0.028
0.078,-0.032
0.094,-0.038
0.098,-0.035
0.097,-0.032
0.110,-0.033
0.116,-0.028
0.112,-0.022
0.122,-0.030
0.116,-0.023
0.113,-0.022
0.105,-0.027
0.102,-0.021
0.099,-0.030
0.104,-0.028
0.111,-0.031
0.121,-0.037
0.126,-0.036
0.135,-0.025
0.142,-0.029
0.143,-0.013
0.137,-0.008
0.146,-0.007
0.155,-0.007
0.145,0.005
0.152,0.005
0.148,0.007
0.146,0.007
0.152,0.005
0.158,0.004
0.159,0.013
0.156,0.015
0.161,0.020
0.156,0.030
0.168,0.029
0.164,0.038
0.162,0.031
0.161,0.040
0.167,0.051
0.158,0.054
0.153,0.046
0.149,0.047
0.149,0.046
0.141,0.053
0.155,0.059
0.145,0.066
0.156,0.063
0.150,0.070
0.159,0.067
0.155,0.075
0.154,0.079
0.153,0.084
0.169,0.086
0.167,0.086
0.166,0.089
0.157,0.097
0.150,0.099
0.144,0.099
0.126,0.107
0.121,0.114
0.115,0.106
0.119,0.103
0.126,0.103
0.119,0.109
0.125,0.101
0.122,0.116
0.119,0.117
0.123,0.117
0.111,0.123
0.099,0.119
0.103,0.126
0.101,0.119
0.101,0.120
0.106,0.126
0.100,0.127
0.092,0.121
0.079,0.118
0.086,0.116
0.090,0.128
0.081,0.128
0.091,0.124
0.098,0.131
0.101,0.133
0.096,0.137
0.094,0.138
0.092,0.141
0.075,0.152
0.067,0.146
0.067,0.147
0.060,0.141
0.061,0.139
0.061,0.138
0.052,0.140
0.056,0.131
0.055,0.138
0.067,0.132
0.059,0.139
0.062,0.137
0.053,0.138
0.039,0.140
0.035,0.135
0.053,0.124
0.037,0.132
0.036,0.132
0.032,0.123
0.029,0.114
0.027,0.108
0.029,0.109
0.028,0.099
0.030,0.101
0.028,0.101
0.036,0.098
0.032,0.106
0.028,0.111
0.030,0.102
0.028,0.098
0.030,0.096
0.027,0.092
0.025,0.095
0.021,0.082
0.029,0.081
0.022,0.080
0.025,0.061
0.026,0.056
0.030,0.057
0.032,0.057
0.026,0.060
0.017,0.051
0.026,0.056
0.019,0.055
0.019,0.050
0.022,0.043
0.025,0.035
0.018,0.034
0.020,0.029
0.011,0.026
0.005,0.025
0.001,0.010
0.017,0.003
0.022,-0.005
0.022,0.005
0.026,-0.005
0.037,-0.006
0.042,-0.011
0.037,-0.013
0.037,-0.010
0.043,-0.026
0.039,-0.005
0.046,-0.013
0.041,-0.021
0.039,-0.010
0.034,-0.017
0.043,-0.022
0.048,-0.029
0.049,-0.024
0.065,-0.017
0.064,-0.028
0.070,-0.028
0.068,-0.021
0.070,-0.019
0.079,-0.021
0.085,-0.012
0.082,-0.019
0.069,-0.018
0.067,-0.020
0.068,-0.026
0.070,-0.016
0.067,-0.016
0.075,-0.029
0.083,-0.026
0.095,-0.030
0.107,-0.018
0.125,-0.019
0.106,-0.008
0.119,-0.016
0.118,0.001
0.112,-0.002
0.108,-0.003
0.104,0.002
0.102,-0.008
0.105,-0.010
0.109,-0.018
0.117,-0.019
0.122,-0.003
0.126,-0.003
0.135,-0.002
0.143,0.003
0.151,0.002
0.144,0.006
0.151,0.017
0.147,0.024
0.151,0.020
0.145,0.020
0.147,0.020
0.153,0.027
0.150,0.034
0.160,0.030
0.154,0.033
0.149,0.041
0.156,0.038
0.156,0.033
0.160,0.041
0.155,0.047
0.164,0.046
0.158,0.047
0.161,0.043
0.162,0.062
0.158,0.058
0.148,0.055
0.149,0.058
0.153,0.067
0.156,0.066
0.149,0.073
0.147,0.073
0.154,0.075
0.152,0.081
0.161,0.076
0.158,0.082
0.160,0.094
0.163,0.095
0.167,0.093
0.170,0.103
0.160,0.116
0.144,0.123
0.144,0.111
0.142,0.116
0.127,0.115
0.134,0.120
0.121,0.125
0.115,0.121
0.120,0.121
0.127,0.121
0.127,0.137
0.124,0.136
0.122,0.131
0.121,0.137
0.111,0.144
0.112,0.147
0.107,0.147
0.099,0.154
0.102,0.148
0.100,0.156
0.102,0.150
0.094,0.151
0.089,0.154
0.096,0.151
0.101,0.147
0.091,0.139
0.107,0.140
0.102,0.151
0.105,0.156
0.085,0.167
0.092,0.158
0.079,0.164
0.074,0.158
0.071,0.159
0.065,0.162
0.061,0.154
0.063,0.147
0.065,0.143
0.070,0.144
0.067,0.140
0.079,0.148
0.071,0.157
0.059,0.141
0.047,0.149
0.047,0.157
0.041,0.148
0.045,0.141
0.037,0.144
0.035,0.133
0.028,0.136
0.029,0.119
0.034,0.122
0.034,0.110
0.033,0.115
0.035,0.107
0.032,0.111
0.032,0.105
0.036,0.102
0.031,0.105
0.031,0.105
0.035,0.095
0.031,0.091
0.031,0.089
0.028,0.090
0.028,0.083
0.026,0.079
0.019,0.071
0.023,0.073
