File Version,253.000000
# of Channels,2.000000
Samples/Channel,110100.000000
Scan Rate (Hz),100000.000000
Timestamp,3799319947.584150
Operating Mode,1.000000
Trial #,34.000000
Session #,4.000000
Subject code 1,67.000000
Subject code 2,50.000000
Feedback Window,0.000000
Feedback Ch,0.000000
Ch B,0.000000
Pre-Stim Acq. time (ms),1.000000
Post-Stim Acq. time (ms),1000.000000
EMG Hi Limit,50.000000
EMG Lo Limit,0.003000
Target Value (V),10.000000
Stimulus Value (V),0.337283
Stimulus duration (ms),0.100000
EMG conditions time limit (sec),0.200000
M-response Start (ms),0.000000
M-response Duration (ms),4.000000
H-response Duration (ms),6.000000
H-response Start (ms),4.000000
Proportioanl gain,0.001000
Channel to monitor,0.000000
SIU gain,20.000000
FB Monitor value,0.513980
Inter-Stim delay (sec),5.000000
M-Window Mean,0.486254
H-Window Mean,0.139572
Stimulus paradigm,2.000000
# of Pulses in cond train,1.000000
Cond duration (ms),0.100000
Cond Train pulse period (ms),100.000000
Cond Value (V),0.337283
Start Delay (ms),0.000000
# of Pulses in stim train,1.000000
Stim Train pulse period (ms),100.000000
EMG amp gain ch 1,500.000000
EMG amp gain ch 2,1000.000000
EMG amp gain ch 3,500.000000
EMG amp gain ch 4,500.000000
EMG amp gain ch 5,500.000000
EMG amp gain ch 6,500.000000
Stim Type 1,2.000000
Stim/Cond 1,0.000000
Stim Type 2,3.000000
Stim/Cond 2,0.000000
Stim Type 3,3.000000
Stim/Cond 3,0.000000
Stim Type 4,3.000000
Stim/Cond 4,0.000000
Stim Value 1,0.337283
Stim Value 2,0.000000
Stim Value 3,0.000000
Stim Value 4,0.000000
1st PP Channel,-1.000000
Pressure (g),0.000000
Speed (mm/sec),0.000000
Dwell (ms),0.000000
Pressure limit (g),0.000000
Travel limit (mm),0.000000
Amp gain,0.000000
Wait Trig?,0.000000
Move Timeout (ms),0.000000
Time Taken (ms),0.000000
Actual Travel (mm),0.000000
Recorded Data (mV),
-0.045,0.017
-0.045,0.017
-0.046,0.017
-0.044,0.017
-0.044,0.017
-0.045,0.016
-0.042,0.016
-0.043,0.016
-0.044,0.016
-0.041,0.017
-0.042,0.018
-0.042,0.018
-0.039,0.018
-0.040,0.019
-0.039,0.018
-0.036,0.019
-0.037,0.019
-0.037,0.018
-0.033,0.020
-0.035,0.021
-0.034,0.020
-0.030,0.021
-0.032,0.022
-0.031,0.020
-0.029,0.021
-0.031,0.022
-0.031,0.020
-0.028,0.022
-0.031,0.023
-0.030,0.023
-0.027,0.023
-0.029,0.023
-0.028,0.021
-0.026,0.021
-0.028,0.021
-0.027,0.019
-0.024,0.019
-0.027,0.017
-0.025,0.015
-0.023,0.014
-0.025,0.013
-0.023,0.011
-0.022,0.011
-0.023,0.010
-0.022,0.009
-0.019,0.009
-0.021,0.008
-0.020,0.007
-0.019,0.008
-0.021,0.007
-0.019,0.007
-0.018,0.007
-0.019,0.007
-0.019,0.008
-0.017,0.008
-0.018,0.007
-0.018,0.007
-0.017,0.006
-0.019,0.004
-0.018,0.005
-0.018,0.005
-0.020,0.005
-0.019,0.008
-0.018,0.009
-0.020,0.009
-0.019,0.010
-0.019,0.010
-0.020,0.010
-0.018,0.009
-0.018,0.006
-0.020,0.005
-0.019,0.004
-0.019,0.004
-0.019,0.004
-0.019,0.007
-0.018,0.008
-0.019,0.009
-0.020,0.010
-0.019,0.008
-0.022,0.009
-0.020,0.008
-0.021,0.006
-0.021,0.006
-0.020,0.006
-0.021,0.005
-0.022,0.006
-0.022,0.007
-0.021,0.006
-0.022,0.007
-0.023,0.006
-0.022,0.005
-0.024,0.004
-0.024,0.003
-0.023,0.003
-0.024,0.002
-0.024,0.002
-0.023,0.001
-0.026,0.001
-0.025,0.001
-0.026,0.000
-0.028,0.001
-0.028,0.001
-0.029,0.000
-0.031,-0.003
-0.031,-0.007
-0.032,-0.014
-0.035,-0.023
-0.034,-0.030
-0.037,-0.038
-0.038,-0.043
-0.037,-0.047
-0.038,-0.050
-0.040,-0.052
-0.039,-0.049
-0.041,-0.044
-0.042,-0.039
-0.041,-0.031
-0.042,-0.025
-0.043,-0.018
-0.042,-0.013
-0.042,-0.008
-0.043,-0.005
-0.041,-0.003
-0.040,-0.001
-0.041,0.000
-0.039,0.001
-0.039,0.004
-0.040,0.006
-0.038,0.007
-0.039,0.008
-0.039,0.009
-0.037,0.009
-0.039,0.009
-0.039,0.010
-0.037,0.010
-0.038,0.011
-0.038,0.011
-0.035,0.012
-0.037,0.011
-0.037,0.010
-0.035,0.008
-0.037,0.008
-0.036,0.006
-0.034,0.006
-0.036,0.006
-0.035,0.004
-0.033,0.004
-0.035,0.003
-0.034,0.001
-0.032,0.001
-0.033,0.002
-0.032,0.003
-0.030,0.005
-0.032,0.006
-0.030,0.006
-0.029,0.007
-0.030,0.005
-0.028,0.005
-0.028,0.005
-0.029,0.003
-0.028,0.001
-0.028,0.001
-0.028,-0.001
-0.027,-0.001
-0.027,0.000
-0.028,-0.001
-0.026,0.001
-0.027,0.001
-0.027,0.000
-0.025,0.002
-0.025,0.003
-0.024,0.002
-0.023,0.003
-0.022,0.005
-0.022,0.004
-0.020,0.004
-0.021,0.006
-0.021,0.004
-0.019,0.003
-0.021,0.001
-0.020,-0.002
-0.019,-0.003
-0.019,-0.003
-0.020,-0.004
-0.019,-0.002
-0.019,-0.002
-0.019,-0.003
-0.019,-0.002
-0.018,-0.003
-0.019,-0.003
-0.019,-0.002
-0.019,-0.003
-0.019,-0.003
-0.020,-0.003
-0.021,-0.003
-0.021,-0.005
-0.023,-0.003
-0.025,-0.003
-0.026,-0.004
-0.027,-0.003
-0.029,-0.005
-0.028,-0.008
-0.028,-0.010
-0.028,-0.012
-0.026,-0.016
-0.023,-0.017
-0.021,-0.020
-0.018,-0.024
-0.015,-0.024
-0.012,-0.027
-0.006,-0.032
-0.001,-0.035
0.006,-0.040
0.014,-0.045
0.022,-0.049
0.032,-0.053
0.043,-0.056
0.054,-0.057
0.069,-0.059
0.084,-0.060
0.100,-0.061
0.118,-0.065
0.137,-0.067
0.158,-0.068
0.180,-0.073
0.204,-0.073
0.228,-0.075
0.256,-0.077
0.284,-0.077
0.315,-0.079
0.348,-0.080
0.383,-0.079
0.416,-0.080
0.453,-0.081
0.491,-0.081
0.529,-0.081
0.568,-0.082
0.607,-0.081
0.646,-0.081
0.687,-0.082
0.728,-0.081
0.768,-0.082
0.809,-0.085
0.849,-0.086
0.888,-0.086
0.927,-0.086
0.964,-0.084
1.000,-0.081
1.038,-0.080
1.074,-0.077
1.110,-0.076
1.144,-0.073
1.180,-0.071
1.214,-0.069
1.247,-0.067
1.280,-0.065
1.313,-0.063
1.342,-0.060
1.371,-0.057
1.399,-0.052
1.421,-0.048
1.444,-0.044
1.466,-0.040
1.483,-0.036
1.500,-0.034
1.516,-0.031
1.528,-0.028
1.539,-0.026
1.549,-0.024
1.557,-0.021
1.564,-0.020
1.569,-0.018
1.571,-0.017
1.573,-0.017
1.573,-0.015
1.571,-0.015
1.568,-0.015
1.563,-0.015
1.557,-0.015
1.549,-0.014
1.538,-0.011
1.528,-0.010
1.518,-0.008
1.503,-0.003
1.488,-0.002
1.471,0.002
1.453,0.007
1.433,0.010
1.413,0.014
1.390,0.016
1.367,0.018
1.340,0.022
1.311,0.025
1.282,0.028
1.248,0.032
1.215,0.036
1.181,0.039
1.144,0.044
1.108,0.047
1.070,0.050
1.028,0.054
0.989,0.056
0.950,0.057
0.906,0.059
0.866,0.059
0.825,0.060
0.779,0.061
0.734,0.059
0.689,0.059
0.640,0.060
0.591,0.057
0.542,0.056
0.487,0.056
0.436,0.053
0.380,0.052
0.323,0.051
0.268,0.048
0.212,0.045
0.154,0.044
0.099,0.040
0.042,0.039
-0.016,0.037
-0.072,0.036
-0.129,0.035
-0.187,0.035
-0.242,0.033
-0.299,0.032
-0.355,0.032
-0.408,0.030
-0.464,0.030
-0.519,0.029
-0.573,0.028
-0.626,0.029
-0.680,0.030
-0.730,0.029
-0.780,0.028
-0.829,0.028
-0.875,0.026
-0.922,0.026
-0.967,0.025
-1.007,0.024
-1.049,0.024
-1.087,0.025
-1.122,0.025
-1.157,0.026
-1.190,0.025
-1.220,0.022
-1.248,0.021
-1.273,0.018
-1.296,0.016
-1.317,0.015
-1.335,0.014
-1.349,0.013
-1.364,0.012
-1.375,0.012
-1.383,0.012
-1.392,0.011
-1.397,0.011
-1.401,0.011
-1.404,0.011
-1.404,0.010
-1.401,0.010
-1.398,0.010
-1.393,0.010
-1.385,0.010
-1.379,0.009
-1.367,0.008
-1.355,0.007
-1.343,0.006
-1.329,0.003
-1.314,0.003
-1.299,0.003
-1.280,0.003
-1.262,0.004
-1.246,0.003
-1.224,0.004
-1.204,0.004
-1.185,0.003
-1.162,0.002
-1.139,0.003
-1.118,0.004
-1.095,0.003
-1.072,0.003
-1.050,0.003
-1.026,0.004
-1.003,0.003
-0.980,0.001
-0.956,0.002
-0.931,0.000
-0.907,-0.001
-0.882,-0.002
-0.859,-0.003
-0.835,-0.003
-0.810,-0.003
-0.786,-0.003
-0.763,-0.003
-0.741,-0.002
-0.719,-0.002
-0.696,-0.002
-0.673,-0.002
-0.651,-0.003
-0.630,-0.004
-0.609,-0.006
-0.589,-0.008
-0.569,-0.008
-0.548,-0.009
-0.528,-0.010
-0.510,-0.010
-0.491,-0.010
-0.471,-0.010
-0.455,-0.009
-0.436,-0.008
-0.419,-0.008
-0.404,-0.006
-0.387,-0.007
-0.372,-0.007
-0.359,-0.005
-0.343,-0.007
-0.330,-0.007
-0.319,-0.006
-0.304,-0.007
-0.292,-0.007
-0.282,-0.008
-0.268,-0.009
-0.258,-0.010
-0.249,-0.010
-0.236,-0.012
-0.227,-0.011
-0.217,-0.011
-0.204,-0.012
-0.196,-0.012
-0.187,-0.013
-0.176,-0.013
-0.169,-0.012
-0.161,-0.011
-0.151,-0.010
-0.146,-0.008
-0.140,-0.007
-0.131,-0.007
-0.126,-0.005
-0.120,-0.007
-0.112,-0.009
-0.108,-0.011
-0.103,-0.011
-0.094,-0.011
-0.090,-0.011
-0.085,-0.010
-0.079,-0.010
-0.075,-0.009
-0.071,-0.008
-0.065,-0.008
-0.062,-0.007
-0.058,-0.008
-0.052,-0.009
-0.051,-0.010
-0.046,-0.010
-0.042,-0.010
-0.039,-0.010
-0.036,-0.008
-0.031,-0.007
-0.030,-0.007
-0.027,-0.006
-0.023,-0.006
-0.022,-0.007
-0.018,-0.008
-0.015,-0.009
-0.014,-0.008
-0.009,-0.008
-0.006,-0.008
-0.004,-0.008
-0.001,-0.009
0.004,-0.008
0.005,-0.009
0.009,-0.009
0.012,-0.010
0.012,-0.010
0.017,-0.011
0.018,-0.011
0.019,-0.011
0.024,-0.010
0.025,-0.008
0.024,-0.007
0.028,-0.006
0.031,-0.005
0.031,-0.005
0.035,-0.005
0.036,-0.005
0.036,-0.006
0.040,-0.006
0.040,-0.009
0.040,-0.010
0.042,-0.009
0.043,-0.008
0.042,-0.009
0.046,-0.010
0.047,-0.010
0.048,-0.010
0.051,-0.011
0.050,-0.012
0.051,-0.011
0.054,-0.009
0.055,-0.007
0.056,-0.007
0.060,-0.004
0.061,-0.002
0.062,-0.004
0.066,-0.004
0.066,-0.005
0.071,-0.009
0.073,-0.008
0.073,-0.008
0.075,-0.010
0.078,-0.008
0.077,-0.008
0.080,-0.010
0.082,-0.008
0.080,-0.009
0.083,-0.008
0.084,-0.008
0.084,-0.009
0.085,-0.011
0.088,-0.009
0.088,-0.011
0.088,-0.010
0.090,-0.008
0.090,-0.011
0.092,-0.010
0.093,-0.010
0.093,-0.011
0.093,-0.010
0.094,-0.009
0.095,-0.008
0.096,-0.008
0.096,-0.008
0.096,-0.007
0.097,-0.004
0.097,-0.005
0.096,-0.006
0.097,-0.007
0.100,-0.007
0.101,-0.008
0.100,-0.008
0.102,-0.006
0.102,-0.007
0.103,-0.007
0.104,-0.007
0.104,-0.007
0.104,-0.006
0.105,-0.007
0.105,-0.007
0.105,-0.005
0.106,-0.006
0.105,-0.005
0.105,-0.004
0.104,-0.006
0.102,-0.005
0.102,-0.006
0.105,-0.008
0.104,-0.007
0.104,-0.006
0.105,-0.005
0.105,-0.004
0.105,-0.003
0.107,-0.003
0.106,-0.002
0.106,-0.002
0.106,-0.002
0.104,-0.001
0.103,-0.003
0.105,-0.003
0.104,-0.004
0.102,-0.005
0.103,-0.004
0.102,-0.003
0.103,-0.003
0.104,-0.003
0.102,-0.002
0.105,-0.001
0.105,0.002
0.103,0.001
0.104,0.000
0.104,0.000
0.105,-0.002
0.106,-0.001
0.105,-0.002
0.103,-0.002
0.106,-0.004
0.104,-0.004
0.104,-0.005
0.106,-0.005
0.104,-0.002
0.103,-0.004
0.103,-0.003
0.102,-0.002
0.102,-0.002
0.104,-0.001
0.104,0.000
0.102,-0.002
0.104,-0.001
0.104,0.000
0.104,-0.002
0.105,-0.001
0.105,-0.001
0.104,-0.001
0.105,0.001
0.104,0.001
0.103,0.001
0.105,0.002
0.104,0.003
0.104,0.001
0.104,0.002
0.105,0.002
0.106,0.004
0.107,0.006
0.107,0.008
0.107,0.009
0.107,0.012
0.107,0.012
0.108,0.010
0.108,0.010
0.109,0.009
0.110,0.007
0.111,0.006
0.110,0.004
0.110,0.003
0.113,0.005
0.112,0.005
0.113,0.004
0.113,0.006
0.112,0.007
0.114,0.007
0.113,0.010
0.113,0.009
0.114,0.009
0.116,0.010
0.115,0.010
0.117,0.009
0.118,0.010
0.118,0.010
0.120,0.010
0.120,0.011
0.120,0.010
0.121,0.010
0.121,0.010
0.121,0.007
0.122,0.007
0.122,0.007
0.122,0.006
0.123,0.007
0.123,0.008
0.124,0.006
0.125,0.008
0.124,0.010
0.126,0.008
0.126,0.010
0.125,0.011
0.126,0.010
0.126,0.011
0.126,0.010
0.127,0.008
0.128,0.008
0.127,0.007
0.128,0.005
0.128,0.007
0.128,0.006
0.129,0.007
0.129,0.008
0.129,0.009
0.130,0.010
0.129,0.010
0.130,0.010
0.129,0.009
0.128,0.008
0.128,0.006
0.128,0.005
0.128,0.005
0.128,0.005
0.128,0.007
0.127,0.007
0.128,0.008
0.127,0.010
0.127,0.010
0.127,0.011
0.126,0.011
0.126,0.010
0.127,0.011
0.126,0.011
0.126,0.010
0.126,0.010
0.125,0.009
0.124,0.008
0.125,0.009
0.124,0.010
0.123,0.009
0.124,0.010
0.122,0.011
0.124,0.011
0.123,0.012
0.123,0.011
0.124,0.011
0.125,0.011
0.124,0.010
0.124,0.011
0.125,0.013
0.124,0.012
0.125,0.014
0.124,0.016
0.125,0.017
0.125,0.017
0.125,0.020
0.125,0.020
0.126,0.021
0.126,0.023
0.125,0.022
0.126,0.023
0.125,0.023
0.125,0.022
0.124,0.023
0.124,0.024
0.126,0.023
0.125,0.023
0.125,0.023
0.126,0.021
0.125,0.022
0.126,0.019
0.126,0.019
0.125,0.021
0.127,0.022
0.127,0.023
0.126,0.024
0.126,0.024
0.127,0.024
0.124,0.025
0.124,0.022
0.125,0.022
0.122,0.022
0.122,0.019
0.123,0.019
0.122,0.019
0.124,0.018
0.124,0.017
0.122,0.019
0.123,0.019
0.123,0.020
0.121,0.021
0.122,0.021
0.123,0.022
0.121,0.023
0.122,0.023
0.122,0.023
0.121,0.025
0.122,0.025
0.122,0.025
0.121,0.027
0.123,0.028
0.123,0.029
0.122,0.030
0.124,0.030
0.123,0.030
0.122,0.030
0.125,0.030
0.124,0.029
0.123,0.029
0.126,0.027
0.125,0.028
0.125,0.027
0.127,0.027
0.127,0.028
0.126,0.029
0.128,0.029
0.127,0.031
0.127,0.032
0.128,0.032
0.126,0.032
0.128,0.031
0.129,0.030
0.128,0.028
0.129,0.026
0.131,0.027
0.128,0.026
0.129,0.025
0.131,0.027
0.128,0.028
0.130,0.027
0.131,0.026
0.130,0.026
0.133,0.025
0.133,0.026
0.132,0.026
0.133,0.028
0.135,0.031
0.134,0.032
0.136,0.033
0.137,0.033
0.136,0.033
0.137,0.033
0.137,0.033
0.138,0.032
0.139,0.033
0.140,0.032
0.140,0.029
0.142,0.029
0.143,0.027
0.143,0.027
0.144,0.028
0.145,0.029
0.144,0.031
0.146,0.033
0.146,0.035
0.145,0.036
0.147,0.037
0.146,0.037
0.146,0.037
0.147,0.038
0.147,0.036
0.147,0.035
0.149,0.036
0.150,0.035
0.148,0.034
0.149,0.034
0.149,0.034
0.148,0.035
0.149,0.036
0.149,0.036
0.149,0.038
0.150,0.040
0.149,0.040
0.147,0.039
0.148,0.040
0.147,0.039
0.145,0.038
0.146,0.039
0.144,0.038
0.144,0.037
0.145,0.037
0.144,0.038
0.144,0.037
0.145,0.038
0.144,0.038
0.143,0.037
0.144,0.037
0.142,0.037
0.142,0.036
0.142,0.036
0.139,0.037
0.139,0.037
0.139,0.037
0.137,0.038
0.136,0.039
0.138,0.039
0.136,0.039
0.134,0.040
0.137,0.040
0.134,0.040
0.134,0.039
0.135,0.038
0.134,0.039
0.132,0.038
0.133,0.039
0.131,0.041
0.129,0.043
0.130,0.045
0.128,0.045
0.127,0.047
0.127,0.045
0.126,0.046
0.125,0.045
0.126,0.045
0.125,0.045
0.124,0.044
0.126,0.042
0.124,0.042
0.123,0.042
0.125,0.042
0.123,0.044
0.123,0.044
0.124,0.044
0.122,0.045
0.122,0.045
0.123,0.046
0.121,0.048
0.121,0.048
0.122,0.049
0.120,0.051
0.122,0.051
0.124,0.052
0.122,0.053
0.122,0.051
0.125,0.052
0.122,0.052
0.123,0.051
0.123,0.052
0.120,0.052
0.122,0.051
0.122,0.052
0.121,0.052
0.121,0.051
0.122,0.051
0.119,0.051
0.121,0.050
0.121,0.051
0.118,0.050
0.120,0.050
0.119,0.050
0.120,0.048
0.121,0.048
0.121,0.050
0.121,0.051
0.124,0.053
0.123,0.054
0.122,0.054
0.124,0.055
0.123,0.056
0.122,0.055
0.124,0.057
0.122,0.059
0.123,0.057
0.123,0.058
0.122,0.058
0.122,0.056
0.124,0.057
0.123,0.057
0.124,0.057
0.125,0.058
0.124,0.058
0.124,0.057
0.127,0.058
0.125,0.059
0.126,0.060
0.127,0.062
0.126,0.062
0.127,0.062
0.128,0.063
0.127,0.062
0.127,0.061
0.127,0.061
0.128,0.061
0.128,0.060
0.128,0.061
0.128,0.060
0.127,0.061
0.128,0.062
0.127,0.063
0.127,0.064
0.127,0.065
0.126,0.065
0.127,0.063
0.127,0.065
0.125,0.063
0.125,0.061
0.126,0.061
0.124,0.058
0.125,0.056
0.123,0.055
0.122,0.054
0.122,0.053
0.123,0.054
0.121,0.054
0.122,0.055
0.123,0.057
0.121,0.056
0.123,0.056
0.122,0.058
0.121,0.056
0.120,0.057
0.117,0.057
0.117,0.055
0.116,0.057
0.115,0.057
0.114,0.056
0.115,0.058
0.114,0.059
0.114,0.058
0.114,0.060
0.113,0.061
0.114,0.060
0.114,0.061
0.113,0.060
0.114,0.059
0.113,0.061
0.112,0.060
0.110,0.059
0.110,0.061
0.108,0.062
0.108,0.062
0.107,0.063
0.105,0.064
0.105,0.063
0.104,0.063
0.104,0.063
0.103,0.062
0.104,0.062
0.104,0.061
0.103,0.061
0.104,0.062
0.103,0.061
0.102,0.062
0.101,0.063
0.101,0.064
0.100,0.065
0.100,0.065
0.101,0.065
0.100,0.065
0.101,0.065
0.100,0.065
0.100,0.065
0.100,0.065
0.100,0.066
0.099,0.065
0.097,0.067
0.098,0.067
0.096,0.069
0.096,0.070
0.095,0.070
0.094,0.070
0.094,0.070
0.094,0.069
0.093,0.068
0.095,0.069
0.093,0.069
0.092,0.069
0.093,0.069
0.091,0.071
0.091,0.070
0.091,0.069
0.092,0.070
0.091,0.068
0.091,0.068
0.089,0.068
0.090,0.068
0.090,0.070
0.088,0.071
0.088,0.070
0.088,0.071
0.086,0.072
0.086,0.071
0.085,0.073
0.085,0.074
0.085,0.073
0.085,0.073
0.085,0.072
0.086,0.073
0.084,0.074
0.084,0.073
0.085,0.073
0.083,0.075
0.083,0.072
0.083,0.071
0.082,0.073
0.082,0.072
0.082,0.071
0.081,0.073
0.081,0.073
0.082,0.073
0.082,0.075
0.082,0.074
0.083,0.074
0.082,0.075
0.082,0.075
0.082,0.075
0.081,0.076
0.081,0.076
0.081,0.075
0.081,0.075
0.082,0.075
0.082,0.075
0.081,0.076
0.081,0.074
0.080,0.075
0.079,0.076
0.078,0.075
0.078,0.076
0.077,0.076
0.078,0.076
0.077,0.074
0.076,0.074
0.078,0.074
0.078,0.073
0.078,0.074
0.078,0.072
0.079,0.073
0.078,0.073
0.079,0.072
0.078,0.072
0.077,0.073
0.079,0.071
0.078,0.071
0.076,0.071
0.078,0.070
0.077,0.071
0.076,0.071
0.076,0.070
0.075,0.072
0.075,0.072
0.077,0.073
0.075,0.073
0.075,0.073
0.076,0.073
0.074,0.073
0.075,0.072
0.075,0.072
0.074,0.073
0.075,0.071
0.076,0.071
0.074,0.071
0.075,0.070
0.075,0.071
0.071,0.070
0.072,0.070
0.072,0.071
0.069,0.070
0.070,0.069
0.070,0.070
0.068,0.070
0.070,0.069
0.070,0.070
0.068,0.069
0.071,0.069
0.070,0.068
0.069,0.068
0.070,0.067
0.069,0.067
0.068,0.067
0.069,0.069
0.069,0.071
0.067,0.071
0.069,0.073
0.068,0.075
0.068,0.075
0.069,0.075
0.067,0.075
0.067,0.072
0.067,0.072
0.066,0.071
0.065,0.070
0.066,0.071
0.066,0.070
0.065,0.070
0.066,0.070
0.065,0.070
0.065,0.071
0.066,0.071
0.066,0.071
0.066,0.072
0.066,0.074
0.066,0.073
0.064,0.075
0.065,0.075
0.065,0.074
0.064,0.075
0.064,0.073
0.063,0.072
0.062,0.072
0.063,0.072
0.063,0.071
0.062,0.073
0.063,0.072
0.063,0.072
0.062,0.073
0.063,0.073
0.063,0.074
0.061,0.075
0.062,0.075
0.062,0.075
0.059,0.076
0.061,0.075
0.061,0.074
0.059,0.076
0.061,0.074
0.061,0.074
0.059,0.073
0.061,0.072
0.060,0.071
0.058,0.071
0.060,0.070
0.058,0.071
0.057,0.072
0.058,0.072
0.057,0.073
0.056,0.073
0.058,0.073
0.056,0.075
0.054,0.075
0.057,0.075
0.054,0.075
0.053,0.073
0.056,0.074
0.052,0.073
0.053,0.072
0.054,0.071
0.051,0.070
0.051,0.069
0.052,0.068
0.050,0.068
0.050,0.069
0.053,0.069
0.050,0.069
0.050,0.069
0.051,0.070
0.049,0.071
0.049,0.070
0.049,0.070
0.048,0.069
0.048,0.068
0.049,0.067
0.047,0.067
0.047,0.067
0.049,0.068
0.046,0.068
0.048,0.066
0.048,0.065
0.046,0.064
0.047,0.063
0.047,0.065
0.045,0.066
0.047,0.068
0.047,0.068
0.045,0.069
0.049,0.069
0.049,0.069
0.046,0.068
0.048,0.067
0.048,0.068
0.047,0.068
0.048,0.068
0.048,0.068
0.047,0.066
0.049,0.066
0.047,0.065
0.047,0.063
0.049,0.063
0.047,0.062
0.047,0.061
0.049,0.062
0.047,0.062
0.047,0.061
0.050,0.064
0.047,0.065
0.047,0.063
0.048,0.065
0.045,0.065
0.046,0.064
0.046,0.066
0.045,0.065
0.044,0.064
0.045,0.065
0.044,0.065
0.043,0.065
0.044,0.067
0.043,0.066
0.042,0.066
0.043,0.068
0.042,0.068
0.042,0.068
0.041,0.070
0.041,0.069
0.040,0.069
0.041,0.070
0.040,0.068
0.039,0.067
0.039,0.067
0.038,0.066
0.036,0.066
0.036,0.066
0.035,0.066
0.035,0.066
0.036,0.065
0.036,0.063
0.036,0.064
0.036,0.063
0.035,0.063
0.034,0.063
0.034,0.063
0.033,0.063
0.032,0.065
0.032,0.066
0.032,0.067
0.032,0.069
0.033,0.069
0.033,0.069
0.032,0.070
0.034,0.069
0.033,0.068
0.032,0.067
0.033,0.066
0.030,0.064
0.029,0.065
0.031,0.063
0.028,0.063
0.029,0.062
0.030,0.062
0.029,0.062
0.028,0.063
0.028,0.064
0.026,0.067
0.026,0.069
0.027,0.071
0.026,0.071
0.027,0.071
0.027,0.071
0.027,0.068
0.027,0.067
0.027,0.066
0.026,0.064
0.026,0.065
0.026,0.064
0.024,0.063
0.023,0.063
0.024,0.063
0.023,0.063
0.023,0.063
0.022,0.065
0.021,0.065
0.022,0.064
0.021,0.065
0.020,0.065
0.020,0.066
0.020,0.065
0.017,0.065
0.018,0.066
0.017,0.065
0.017,0.063
0.016,0.063
0.015,0.062
0.013,0.062
0.013,0.061
0.013,0.061
0.010,0.062
0.012,0.063
0.011,0.063
0.010,0.062
0.009,0.062
0.007,0.061
0.007,0.060
0.006,0.060
0.005,0.061
0.003,0.061
0.004,0.061
0.002,0.062
0.001,0.059
0.000,0.059
-0.001,0.059
-0.002,0.060
-0.004,0.062
-0.004,0.064
-0.004,0.064
-0.004,0.065
-0.006,0.067
-0.006,0.065
-0.007,0.066
-0.009,0.066
-0.009,0.063
-0.009,0.064
-0.009,0.064
-0.012,0.062
-0.011,0.065
-0.013,0.064
-0.014,0.062
-0.014,0.061
-0.016,0.062
-0.015,0.060
-0.017,0.059
-0.018,0.060
-0.019,0.059
-0.019,0.060
-0.021,0.060
-0.022,0.061
-0.023,0.062
-0.024,0.061
-0.023,0.061
-0.024,0.062
-0.023,0.062
-0.022,0.062
-0.024,0.065
-0.024,0.064
-0.024,0.064
-0.024,0.065
-0.024,0.063
-0.023,0.063
-0.025,0.064
-0.024,0.062
-0.025,0.062
-0.027,0.062
-0.028,0.062
-0.028,0.063
-0.029,0.066
-0.030,0.065
-0.028,0.067
-0.029,0.068
-0.027,0.066
-0.027,0.067
-0.027,0.067
-0.028,0.068
-0.027,0.066
-0.027,0.065
-0.026,0.064
-0.025,0.063
-0.027,0.063
-0.027,0.062
-0.028,0.062
-0.029,0.061
-0.027,0.060
-0.028,0.059
-0.026,0.058
-0.027,0.055
-0.026,0.056
-0.024,0.056
-0.022,0.055
-0.023,0.058
-0.023,0.059
-0.022,0.062
-0.023,0.063
-0.022,0.064
-0.022,0.064
-0.022,0.064
-0.020,0.062
-0.021,0.061
-0.022,0.061
-0.022,0.057
-0.020,0.057
-0.020,0.058
-0.021,0.058
-0.021,0.058
-0.022,0.060
-0.021,0.059
-0.021,0.058
-0.022,0.057
-0.021,0.056
-0.020,0.058
-0.022,0.059
-0.021,0.060
-0.021,0.060
-0.019,0.061
-0.019,0.062
-0.020,0.061
-0.022,0.063
-0.021,0.062
-0.021,0.062
-0.021,0.061
-0.021,0.061
-0.023,0.061
-0.022,0.060
-0.022,0.057
-0.022,0.056
-0.022,0.055
-0.021,0.055
-0.021,0.056
-0.023,0.056
-0.023,0.057
-0.023,0.057
-0.024,0.056
-0.024,0.056
-0.025,0.056
-0.026,0.056
-0.027,0.056
-0.027,0.058
-0.028,0.057
-0.028,0.056
-0.028,0.056
-0.029,0.055
-0.029,0.056
-0.029,0.053
-0.030,0.055
-0.030,0.054
-0.031,0.055
-0.033,0.056
-0.034,0.055
-0.034,0.054
-0.034,0.054
-0.034,0.052
-0.033,0.051
-0.034,0.052
-0.035,0.050
-0.034,0.049
-0.035,0.049
-0.035,0.048
-0.034,0.047
-0.035,0.047
-0.036,0.046
-0.036,0.045
-0.037,0.047
-0.038,0.045
-0.038,0.045
-0.039,0.046
-0.040,0.045
-0.041,0.044
-0.042,0.046
-0.045,0.046
-0.044,0.047
-0.045,0.048
-0.045,0.048
-0.044,0.048
-0.044,0.049
-0.045,0.046
-0.045,0.045
-0.045,0.047
-0.045,0.045
-0.044,0.044
-0.046,0.046
-0.046,0.046
-0.046,0.046
-0.047,0.047
-0.047,0.046
-0.047,0.047
-0.046,0.047
-0.046,0.046
-0.046,0.046
-0.046,0.046
-0.048,0.045
-0.047,0.045
-0.048,0.046
-0.047,0.045
-0.047,0.046
-0.047,0.047
-0.046,0.046
-0.046,0.047
-0.046,0.047
-0.045,0.047
-0.045,0.048
-0.046,0.048
-0.045,0.047
-0.045,0.047
-0.045,0.046
-0.045,0.044
-0.045,0.045
-0.045,0.045
-0.044,0.045
-0.043,0.047
-0.045,0.045
-0.043,0.044
-0.044,0.044
-0.044,0.043
-0.043,0.042
-0.045,0.044
-0.044,0.043
-0.043,0.045
-0.045,0.047
-0.044,0.045
-0.043,0.047
-0.045,0.048
-0.043,0.046
-0.043,0.047
-0.045,0.048
-0.042,0.047
-0.044,0.047
-0.046,0.048
-0.044,0.046
-0.044,0.047
-0.046,0.046
-0.045,0.044
-0.044,0.043
-0.047,0.042
-0.045,0.041
-0.045,0.043
-0.046,0.043
-0.044,0.043
-0.044,0.044
-0.045,0.045
-0.044,0.045
-0.044,0.044
-0.046,0.043
-0.044,0.042
-0.045,0.040
-0.046,0.040
-0.045,0.039
-0.045,0.038
-0.045,0.038
-0.044,0.037
-0.044,0.037
-0.043,0.037
-0.043,0.038
-0.044,0.039
-0.044,0.040
-0.043,0.041
-0.043,0.041
-0.044,0.040
-0.043,0.039
-0.043,0.038
-0.044,0.037
-0.043,0.036
-0.043,0.034
-0.044,0.034
-0.043,0.032
-0.043,0.031
-0.044,0.033
-0.042,0.032
-0.042,0.032
-0.043,0.032
-0.042,0.032
-0.042,0.030
-0.042,0.031
-0.042,0.030
-0.041,0.029
-0.042,0.030
-0.042,0.029
-0.042,0.029
-0.045,0.031
-0.044,0.030
-0.044,0.029
-0.046,0.030
-0.044,0.029
-0.045,0.029
-0.045,0.030
-0.044,0.028
-0.044,0.027
-0.046,0.027
-0.045,0.026
-0.045,0.027
-0.048,0.028
-0.046,0.027
-0.047,0.028
-0.048,0.029
-0.047,0.029
-0.049,0.030
-0.049,0.030
-0.048,0.030
-0.049,0.030
-0.050,0.028
-0.048,0.028
-0.051,0.029
-0.052,0.028
-0.050,0.028
-0.055,0.030
-0.054,0.031
-0.053,0.032
-0.057,0.034
-0.057,0.034
-0.057,0.033
-0.059,0.033
-0.060,0.031
-0.058,0.029
-0.061,0.029
-0.061,0.027
-0.061,0.027
-0.064,0.028
-0.063,0.027
-0.063,0.027
-0.066,0.028
-0.066,0.028
-0.065,0.028
-0.067,0.028
-0.067,0.027
-0.067,0.026
-0.069,0.026
-0.068,0.025
-0.068,0.025
-0.070,0.025
-0.069,0.025
-0.069,0.026
-0.071,0.025
-0.069,0.024
-0.068,0.024
-0.070,0.022
-0.068,0.020
-0.068,0.019
-0.069,0.018
-0.068,0.018
-0.068,0.020
-0.070,0.020
-0.069,0.021
-0.070,0.024
-0.072,0.024
-0.070,0.026
-0.071,0.027
-0.071,0.026
-0.069,0.027
-0.070,0.028
-0.068,0.026
-0.067,0.026
-0.068,0.026
-0.068,0.024
-0.065,0.025
-0.067,0.024
-0.067,0.023
-0.065,0.024
-0.068,0.023
-0.067,0.022
-0.065,0.024
-0.067,0.023
-0.066,0.022
-0.065,0.024
-0.066,0.024
-0.065,0.025
-0.064,0.027
-0.064,0.027
-0.062,0.028
-0.061,0.028
-0.061,0.027
-0.059,0.027
-0.058,0.028
-0.057,0.028
-0.057,0.029
-0.055,0.030
-0.055,0.030
-0.055,0.030
-0.053,0.030
-0.054,0.030
-0.053,0.029
-0.052,0.030
-0.052,0.028
-0.050,0.028
-0.049,0.028
-0.049,0.027
-0.049,0.026
-0.048,0.024
-0.048,0.024
-0.048,0.022
-0.047,0.020
-0.047,0.020
-0.047,0.020
-0.045,0.019
-0.046,0.020
-0.045,0.020
-0.044,0.021
-0.045,0.021
-0.045,0.021
-0.045,0.021
-0.044,0.020
-0.044,0.019
-0.044,0.019
-0.044,0.019
-0.043,0.019
-0.044,0.019
-0.045,0.018
-0.044,0.018
-0.043,0.017
-0.043,0.017
-0.044,0.017
-0.043,0.018
-0.044,0.017
-0.044,0.017
-0.044,0.016
-0.045,0.014
-0.045,0.014
-0.045,0.013
-0.045,0.013
-0.044,0.012
-0.045,0.013
-0.044,0.014
-0.044,0.014
-0.044,0.015
-0.045,0.015
-0.045,0.014
-0.044,0.015
-0.046,0.014
-0.045,0.013
-0.045,0.012
-0.046,0.011
-0.047,0.011
-0.047,0.011
-0.049,0.012
-0.048,0.012
-0.048,0.013
-0.050,0.014
-0.050,0.014
-0.051,0.015
-0.052,0.016
-0.052,0.017
-0.052,0.017
-0.054,0.016
-0.053,0.014
-0.054,0.014
-0.056,0.012
-0.055,0.011
-0.057,0.011
-0.057,0.010
-0.057,0.010
-0.059,0.010
-0.059,0.009
-0.059,0.010
-0.059,0.010
-0.061,0.008
-0.061,0.010
-0.063,0.010
-0.062,0.009
-0.063,0.009
-0.064,0.010
-0.063,0.008
-0.064,0.009
-0.065,0.008
-0.065,0.008
-0.066,0.009
-0.067,0.009
-0.067,0.009
-0.067,0.010
-0.068,0.010
-0.066,0.008
-0.068,0.009
-0.068,0.009
-0.068,0.009
-0.068,0.011
-0.068,0.010
-0.068,0.011
-0.068,0.012
-0.067,0.011
-0.065,0.010
-0.067,0.011
-0.067,0.009
-0.065,0.008
-0.068,0.008
-0.066,0.006
-0.065,0.007
-0.066,0.007
-0.066,0.006
-0.063,0.007
-0.065,0.009
-0.064,0.008
-0.064,0.008
-0.065,0.010
-0.064,0.009
-0.064,0.009
-0.065,0.009
-0.064,0.008
-0.064,0.009
-0.065,0.010
-0.063,0.010
-0.063,0.010
-0.064,0.011
-0.062,0.009
-0.063,0.010
-0.063,0.009
-0.061,0.007
-0.061,0.006
-0.062,0.004
-0.061,0.002
-0.060,0.002
-0.060,0.002
-0.057,0.001
-0.058,0.002
-0.057,0.004
-0.055,0.002
-0.056,0.004
-0.056,0.006
-0.055,0.005
-0.055,0.005
-0.056,0.004
-0.053,0.002
-0.054,0.002
-0.053,0.002
-0.051,0.001
-0.052,0.001
-0.051,0.001
-0.050,0.001
-0.051,0.002
-0.049,0.002
-0.047,0.001
-0.048,0.001
-0.046,0.001
-0.044,0.001
-0.046,0.003
-0.044,0.003
-0.043,0.004
-0.044,0.005
-0.043,0.006
-0.042,0.006
-0.042,0.006
-0.041,0.006
-0.039,0.005
-0.040,0.005
-0.038,0.003
-0.038,0.003
-0.039,0.002
-0.038,0.001
-0.037,0.002
-0.039,0.002
-0.037,0.001
-0.036,0.002
-0.039,0.002
-0.036,0.001
-0.035,0.002
-0.037,0.002
-0.035,0.001
-0.035,0.002
-0.036,0.001
-0.035,0.001
-0.035,-0.000
-0.035,-0.001
-0.032,-0.001
-0.033,-0.002
-0.033,-0.002
-0.031,0.000
-0.032,0.002
-0.032,0.002
-0.032,0.003
-0.032,0.004
-0.032,0.004
-0.031,0.006
-0.030,0.006
-0.029,0.007
-0.028,0.007
-0.029,0.006
-0.028,0.006
-0.028,0.006
-0.027,0.006
-0.028,0.005
-0.027,0.005
-0.028,0.003
-0.028,0.002
-0.028,0.001
-0.028,-0.002
-0.028,-0.002
-0.027,-0.002
-0.027,-0.003
-0.028,-0.002
-0.025,-0.001
-0.024,-0.000
-0.025,0.002
-0.023,0.002
-0.023,0.002
-0.024,0.003
-0.023,0.001
-0.023,-0.001
-0.024,-0.001
-0.022,-0.002
-0.023,-0.003
-0.024,-0.003
-0.022,-0.004
-0.024,-0.005
-0.024,-0.005
-0.023,-0.005
-0.023,-0.005
-0.022,-0.005
-0.021,-0.004
-0.022,-0.005
-0.022,-0.004
-0.019,-0.004
-0.021,-0.004
-0.022,-0.003
-0.021,-0.003
-0.023,-0.003
-0.023,-0.003
-0.021,-0.003
-0.022,-0.003
-0.022,-0.003
-0.021,-0.003
-0.021,-0.003
-0.021,-0.003
-0.019,-0.004
-0.020,-0.004
-0.019,-0.004
-0.018,-0.005
-0.019,-0.005
-0.019,-0.006
-0.017,-0.005
-0.018,-0.005
-0.018,-0.005
-0.016,-0.007
-0.017,-0.007
-0.017,-0.008
-0.016,-0.010
-0.017,-0.010
-0.017,-0.010
-0.016,-0.010
-0.017,-0.011
-0.017,-0.010
-0.015,-0.010
-0.017,-0.009
-0.016,-0.008
-0.015,-0.008
-0.016,-0.006
-0.015,-0.005
-0.014,-0.003
-0.015,-0.001
-0.013,-0.001
-0.011,0.001
-0.013,0.001
-0.011,0.000
-0.009,-0.002
-0.011,-0.002
-0.009,-0.003
-0.009,-0.004
-0.010,-0.004
-0.009,-0.006
-0.008,-0.006
-0.009,-0.007
-0.007,-0.008
-0.005,-0.008
-0.007,-0.007
-0.004,-0.007
-0.003,-0.007
-0.004,-0.007
-0.003,-0.008
-0.002,-0.006
-0.003,-0.007
-0.002,-0.006
-0.002,-0.005
-0.003,-0.006
-0.000,-0.005
-0.001,-0.006
-0.003,-0.007
-0.000,-0.005
-0.002,-0.004
-0.002,-0.006
-0.001,-0.004
-0.001,-0.003
-0.002,-0.005
0.000,-0.003
-0.002,-0.003
-0.002,-0.004
0.000,-0.003
-0.003,-0.004
-0.003,-0.006
-0.001,-0.005
-0.002,-0.005
0.000,-0.006
0.002,-0.003
0.001,-0.003
0.002,-0.005
0.004,-0.004
0.002,-0.004
0.003,-0.006
0.004,-0.005
0.003,-0.006
0.004,-0.007
0.004,-0.005
0.004,-0.006
0.005,-0.007
0.006,-0.007
0.005,-0.009
0.006,-0.009
0.007,-0.009
0.006,-0.010
0.006,-0.010
0.007,-0.009
0.007,-0.010
0.008,-0.010
0.009,-0.010
0.008,-0.012
0.009,-0.011
0.010,-0.012
0.010,-0.011
0.010,-0.011
0.011,-0.010
0.011,-0.011
0.011,-0.011
0.011,-0.010
0.011,-0.010
0.011,-0.008
0.013,-0.007
0.012,-0.006
0.012,-0.005
0.013,-0.005
0.014,-0.006
0.014,-0.007
0.016,-0.008
0.015,-0.008
0.015,-0.009
0.016,-0.009
0.015,-0.008
0.015,-0.007
0.016,-0.008
0.015,-0.007
0.014,-0.007
0.015,-0.007
0.013,-0.006
0.013,-0.007
0.015,-0.006
0.013,-0.006
0.014,-0.007
0.015,-0.008
0.014,-0.009
0.015,-0.011
0.015,-0.011
0.015,-0.012
0.016,-0.011
0.016,-0.010
0.016,-0.010
0.017,-0.009
0.017,-0.008
0.016,-0.009
0.015,-0.011
0.014,-0.010
0.014,-0.012
0.014,-0.014
0.015,-0.014
0.015,-0.015
0.016,-0.013
0.016,-0.012
0.015,-0.012
0.016,-0.011
0.016,-0.010
0.015,-0.009
0.016,-0.011
0.016,-0.010
0.016,-0.011
0.018,-0.011
0.017,-0.010
0.018,-0.011
0.021,-0.010
0.020,-0.011
0.021,-0.012
0.023,-0.012
0.023,-0.011
0.024,-0.013
0.024,-0.012
0.024,-0.011
0.025,-0.012
0.024,-0.010
0.025,-0.010
0.026,-0.009
0.026,-0.008
0.026,-0.009
0.027,-0.009
0.025,-0.008
0.026,-0.008
0.027,-0.008
0.026,-0.005
0.027,-0.005
0.028,-0.005
0.026,-0.004
0.027,-0.005
0.029,-0.005
0.027,-0.004
0.029,-0.006
0.028,-0.008
0.027,-0.007
0.029,-0.008
0.029,-0.009
0.029,-0.007
0.030,-0.007
0.033,-0.007
0.032,-0.007
0.033,-0.007
0.034,-0.009
0.033,-0.010
0.035,-0.011
0.035,-0.012
0.033,-0.010
0.035,-0.010
0.035,-0.008
0.033,-0.006
0.035,-0.004
0.035,-0.003
0.034,-0.002
0.036,-0.003
0.035,-0.003
0.035,-0.003
0.036,-0.006
0.037,-0.006
0.036,-0.006
0.039,-0.007
0.039,-0.007
0.037,-0.006
0.040,-0.006
0.039,-0.003
0.039,-0.002
0.042,-0.003
0.041,-0.002
0.042,-0.003
0.044,-0.003
0.044,-0.002
0.045,-0.003
0.047,-0.003
0.046,-0.003
0.047,-0.005
0.049,-0.005
0.046,-0.005
0.047,-0.005
0.050,-0.004
0.048,-0.003
0.050,-0.005
0.053,-0.003
0.051,-0.003
0.052,-0.003
0.054,-0.003
0.051,-0.003
0.055,-0.003
0.057,-0.002
0.055,-0.001
0.057,-0.001
0.059,0.000
0.059,-0.000
0.060,-0.002
0.062,-0.002
0.063,-0.002
0.065,-0.002
0.066,-0.003
0.066,-0.005
0.067,-0.005
0.069,-0.004
0.068,-0.006
0.069,-0.007
0.069,-0.006
0.069,-0.008
0.071,-0.008
0.071,-0.009
0.071,-0.010
0.074,-0.008
0.074,-0.008
0.075,-0.009
0.077,-0.008
0.077,-0.008
0.077,-0.008
0.079,-0.007
0.078,-0.006
0.077,-0.005
0.080,-0.004
0.080,-0.005
0.081,-0.005
0.081,-0.004
0.081,-0.004
0.081,-0.003
0.082,-0.003
0.082,-0.002
0.082,-0.001
0.084,-0.000
0.084,-0.000
0.082,-0.001
0.082,-0.001
0.085,-0.000
0.084,0.000
0.084,0.001
0.085,-0.000
0.084,-0.001
0.086,-0.001
0.085,-0.004
0.084,-0.005
0.085,-0.005
0.085,-0.006
0.084,-0.006
0.084,-0.007
0.083,-0.007
0.084,-0.007
0.084,-0.005
0.082,-0.006
0.081,-0.003
0.083,-0.002
0.080,-0.002
0.080,-0.003
0.080,-0.003
0.079,-0.004
0.077,-0.007
0.079,-0.009
0.079,-0.010
0.078,-0.010
0.080,-0.009
0.079,-0.009
0.076,-0.007
0.079,-0.009
0.079,-0.008
0.078,-0.008
0.080,-0.009
0.077,-0.009
0.076,-0.007
0.078,-0.007
0.077,-0.006
0.075,-0.005
0.078,-0.006
0.078,-0.005
0.077,-0.004
0.079,-0.005
0.075,-0.005
0.077,-0.005
0.079,-0.004
0.076,-0.003
0.076,-0.002
0.078,-0.002
0.076,0.000
0.077,-0.002
0.077,-0.001
0.076,0.000
0.076,-0.001
0.077,-0.001
0.075,-0.002
0.077,-0.003
0.079,-0.001
0.077,-0.001
0.078,-0.002
0.078,0.000
0.077,0.000
0.078,-0.000
0.079,0.000
0.077,0.000
0.079,0.002
0.078,0.002
0.077,0.002
0.079,0.003
0.079,0.004
0.079,0.003
0.079,0.003
0.078,0.004
0.077,0.003
0.078,0.003
0.078,0.003
0.077,0.002
0.079,0.004
0.078,0.005
0.079,0.003
0.082,0.002
0.081,0.003
0.082,0.002
0.085,0.003
0.083,0.004
0.083,0.004
0.084,0.005
0.084,0.005
0.085,0.006
0.086,0.006
0.086,0.007
0.086,0.006
0.088,0.007
0.087,0.007
0.087,0.006
0.088,0.006
0.089,0.006
0.089,0.007
0.091,0.007
0.090,0.007
0.091,0.006
0.092,0.007
0.091,0.006
0.091,0.005
0.093,0.006
0.092,0.007
0.093,0.006
0.093,0.009
0.093,0.010
0.094,0.010
0.095,0.011
0.094,0.011
0.094,0.010
0.095,0.011
0.094,0.010
0.095,0.010
0.096,0.012
0.095,0.011
0.097,0.012
0.098,0.013
0.098,0.013
0.099,0.011
0.100,0.011
0.099,0.012
0.100,0.012
0.101,0.013
0.100,0.013
0.101,0.012
0.101,0.012
0.101,0.011
0.100,0.012
0.099,0.012
0.100,0.011
0.099,0.011
0.100,0.011
0.100,0.009
0.101,0.008
0.100,0.008
0.099,0.005
0.099,0.006
0.097,0.008
0.097,0.007
0.096,0.009
0.095,0.010
0.095,0.008
0.095,0.009
0.093,0.009
0.094,0.007
0.095,0.007
0.094,0.005
0.095,0.004
0.097,0.005
0.096,0.006
0.097,0.006
0.096,0.009
0.096,0.010
0.096,0.011
0.096,0.013
0.096,0.013
0.096,0.013
0.097,0.013
0.095,0.013
0.095,0.012
0.095,0.014
0.095,0.013
0.094,0.014
0.094,0.016
0.094,0.016
0.093,0.016
0.094,0.016
0.094,0.018
0.094,0.019
0.094,0.020
0.095,0.021
0.093,0.021
0.095,0.021
0.095,0.022
0.095,0.021
0.095,0.021
0.096,0.019
0.095,0.018
0.095,0.017
0.096,0.017
0.094,0.018
0.095,0.018
0.095,0.018
0.093,0.018
0.094,0.017
0.094,0.015
0.093,0.014
0.093,0.013
0.095,0.013
0.094,0.013
0.095,0.013
0.096,0.013
0.095,0.014
0.097,0.013
0.096,0.014
0.097,0.013
0.098,0.013
0.096,0.014
0.096,0.013
0.097,0.015
0.096,0.015
0.095,0.015
0.095,0.015
0.094,0.017
0.094,0.017
0.095,0.021
0.093,0.023
0.094,0.023
0.094,0.024
0.093,0.023
0.093,0.022
0.093,0.023
0.092,0.023
0.093,0.023
0.092,0.025
0.092,0.026
0.094,0.025
0.093,0.028
0.094,0.027
0.094,0.027
0.093,0.029
0.093,0.027
0.094,0.027
0.093,0.029
0.094,0.027
0.096,0.028
0.094,0.030
0.096,0.029
0.098,0.029
0.097,0.032
0.098,0.031
0.098,0.031
0.097,0.031
0.097,0.031
0.097,0.031
0.097,0.032
0.097,0.032
0.099,0.032
0.099,0.034
0.101,0.034
0.102,0.035
0.102,0.036
0.104,0.037
0.105,0.038
0.105,0.039
0.108,0.039
0.108,0.041
0.107,0.043
0.110,0.042
0.110,0.042
0.110,0.044
0.111,0.043
0.111,0.044
0.110,0.043
0.112,0.041
0.113,0.043
0.114,0.043
0.116,0.042
0.116,0.043
0.117,0.044
0.119,0.043
0.119,0.043
0.119,0.043
0.121,0.041
0.121,0.041
0.120,0.039
0.122,0.038
0.121,0.037
0.121,0.037
0.122,0.036
0.121,0.036
0.123,0.037
0.123,0.037
0.121,0.040
0.122,0.040
0.124,0.042
0.123,0.042
0.124,0.041
0.125,0.042
0.121,0.041
0.123,0.040
0.124,0.041
0.122,0.040
0.123,0.039
0.123,0.040
0.121,0.039
0.122,0.041
0.123,0.042
0.121,0.042
0.123,0.043
0.122,0.043
0.121,0.043
0.123,0.043
0.121,0.043
0.121,0.043
0.122,0.043
0.120,0.041
0.119,0.038
0.119,0.039
0.119,0.037
0.117,0.037
0.117,0.038
0.116,0.039
0.115,0.038
0.115,0.039
0.115,0.038
0.114,0.038
0.114,0.041
0.113,0.039
0.112,0.041
0.112,0.042
0.111,0.042
0.110,0.042
0.109,0.043
0.109,0.044
0.107,0.044
0.106,0.047
0.106,0.048
0.104,0.050
0.104,0.050
0.104,0.049
0.103,0.049
0.104,0.048
0.103,0.046
0.101,0.046
0.102,0.045
0.101,0.045
0.099,0.045
0.101,0.044
0.098,0.044
0.097,0.045
0.098,0.044
0.096,0.044
0.096,0.045
0.098,0.047
0.096,0.049
0.095,0.049
0.097,0.050
0.095,0.051
0.094,0.050
0.096,0.051
0.093,0.051
0.094,0.050
0.095,0.048
0.094,0.047
0.094,0.048
0.096,0.047
0.094,0.047
0.092,0.048
0.095,0.048
0.093,0.049
0.092,0.049
0.095,0.048
0.093,0.049
0.093,0.048
0.094,0.049
0.093,0.049
0.092,0.051
0.094,0.051
0.093,0.052
0.093,0.052
0.096,0.052
0.094,0.052
0.094,0.051
0.096,0.051
0.094,0.052
0.095,0.052
0.096,0.053
0.095,0.053
0.096,0.054
0.098,0.056
0.097,0.057
0.098,0.058
0.099,0.058
0.097,0.059
0.097,0.057
0.099,0.057
0.097,0.056
0.098,0.055
0.099,0.056
0.097,0.056
0.099,0.056
0.100,0.057
0.098,0.058
0.101,0.058
0.102,0.059
0.101,0.058
0.101,0.060
0.102,0.060
0.101,0.059
0.102,0.059
0.102,0.059
0.101,0.057
0.102,0.056
0.101,0.056
0.101,0.054
0.102,0.056
0.101,0.058
0.101,0.057
0.103,0.059
0.102,0.060
0.102,0.059
0.104,0.061
0.102,0.062
0.103,0.062
0.103,0.063
0.102,0.063
0.101,0.063
0.102,0.065
0.100,0.064
0.100,0.062
0.102,0.062
0.100,0.062
0.100,0.059
0.100,0.060
0.098,0.059
0.098,0.058
0.098,0.060
0.097,0.059
0.097,0.059
0.098,0.061
0.096,0.060
0.096,0.061
0.097,0.062
0.095,0.062
0.094,0.061
0.094,0.063
0.094,0.062
0.093,0.063
0.093,0.064
0.093,0.063
0.092,0.063
0.093,0.063
0.091,0.063
0.091,0.063
0.090,0.065
0.089,0.063
0.088,0.063
0.088,0.063
0.088,0.062
0.088,0.063
0.088,0.063
0.088,0.065
0.087,0.066
0.088,0.067
0.086,0.067
0.085,0.067
0.086,0.067
0.084,0.066
0.083,0.067
0.084,0.068
0.083,0.068
0.082,0.068
0.083,0.069
0.083,0.069
0.081,0.068
0.082,0.069
0.081,0.068
0.080,0.068
0.082,0.069
0.080,0.069
0.081,0.070
0.083,0.071
0.082,0.073
0.081,0.072
0.082,0.072
0.081,0.072
0.081,0.071
0.082,0.071
0.081,0.071
0.082,0.071
0.082,0.070
0.080,0.070
0.080,0.069
0.079,0.070
0.077,0.070
0.076,0.068
0.076,0.067
0.075,0.065
0.075,0.064
0.075,0.063
0.074,0.062
0.075,0.062
0.074,0.064
0.073,0.063
0.073,0.064
0.073,0.066
0.072,0.065
0.073,0.067
0.073,0.068
0.073,0.068
0.074,0.069
0.073,0.070
0.073,0.068
0.074,0.068
0.073,0.069
0.072,0.069
0.072,0.068
0.072,0.067
0.070,0.066
0.071,0.064
0.071,0.065
0.070,0.065
0.070,0.065
0.070,0.067
0.070,0.068
0.069,0.071
0.070,0.073
0.068,0.073
0.069,0.074
0.070,0.074
0.069,0.073
0.070,0.073
0.069,0.074
0.069,0.073
0.069,0.072
0.068,0.072
0.068,0.071
0.068,0.071
0.068,0.071
0.068,0.070
0.070,0.071
0.069,0.072
0.070,0.070
0.069,0.070
0.068,0.071
0.069,0.069
0.069,0.070
0.068,0.069
0.069,0.068
0.069,0.069
0.067,0.069
0.068,0.067
0.067,0.068
0.067,0.069
0.068,0.068
0.068,0.071
0.067,0.072
0.067,0.073
0.066,0.075
0.066,0.073
0.068,0.073
0.065,0.074
0.066,0.071
0.067,0.071
0.065,0.071
0.066,0.069
0.066,0.070
0.064,0.071
0.064,0.070
0.066,0.070
0.063,0.070
0.063,0.069
0.064,0.070
0.062,0.072
0.063,0.072
0.061,0.075
0.061,0.077
0.062,0.076
0.061,0.076
0.060,0.075
0.060,0.075
0.060,0.075
0.058,0.075
0.060,0.075
0.059,0.075
0.059,0.076
0.060,0.075
0.060,0.075
0.059,0.076
0.060,0.075
0.060,0.076
0.059,0.076
0.060,0.075
0.059,0.076
0.059,0.075
0.059,0.074
0.058,0.074
0.058,0.073
0.058,0.072
0.058,0.072
0.057,0.072
0.059,0.071
0.059,0.072
0.057,0.072
0.057,0.070
0.055,0.071
0.055,0.071
0.054,0.072
0.054,0.073
0.053,0.073
0.054,0.073
0.053,0.072
0.052,0.072
0.053,0.071
0.052,0.071
0.053,0.072
0.054,0.073
0.053,0.073
0.054,0.074
0.054,0.076
0.052,0.077
0.051,0.077
0.052,0.078
0.049,0.079
0.050,0.078
0.049,0.078
0.048,0.077
0.050,0.075
0.050,0.075
0.049,0.074
0.051,0.072
0.051,0.072
0.050,0.071
0.052,0.072
0.052,0.073
0.050,0.073
0.051,0.073
0.050,0.075
0.049,0.075
0.049,0.075
0.048,0.075
0.047,0.074
0.049,0.074
0.049,0.072
0.049,0.073
0.049,0.074
0.049,0.073
0.049,0.074
0.048,0.074
0.047,0.072
0.046,0.071
0.045,0.071
0.046,0.070
0.045,0.071
0.045,0.072
0.045,0.071
0.045,0.074
0.044,0.075
0.044,0.074
0.043,0.074
0.043,0.073
0.043,0.072
0.042,0.072
0.043,0.072
0.042,0.072
0.041,0.073
0.041,0.071
0.041,0.070
0.040,0.071
0.041,0.069
0.041,0.066
0.039,0.067
0.041,0.067
0.042,0.067
0.039,0.068
0.041,0.068
0.041,0.069
0.041,0.071
0.041,0.070
0.043,0.071
0.041,0.074
0.043,0.073
0.044,0.075
0.042,0.078
0.045,0.078
0.043,0.081
0.042,0.084
0.044,0.083
0.043,0.085
0.043,0.084
0.045,0.082
0.043,0.081
0.043,0.081
0.045,0.079
0.042,0.078
0.043,0.076
0.045,0.074
0.042,0.073
0.043,0.071
0.045,0.071
0.042,0.071
0.043,0.069
0.045,0.071
0.041,0.072
0.043,0.073
0.044,0.074
0.041,0.075
0.043,0.074
0.043,0.075
0.041,0.075
0.042,0.075
0.044,0.076
0.041,0.077
0.042,0.077
0.043,0.075
0.041,0.075
0.042,0.074
0.042,0.071
0.041,0.070
0.042,0.069
0.043,0.069
0.041,0.068
0.042,0.069
0.041,0.069
0.039,0.067
0.039,0.067
0.038,0.067
0.037,0.067
0.039,0.069
0.039,0.069
0.038,0.069
0.039,0.070
0.038,0.071
0.036,0.070
0.038,0.071
0.036,0.071
0.036,0.070
0.036,0.070
0.036,0.070
0.035,0.069
0.035,0.069
0.035,0.068
0.034,0.065
0.035,0.064
0.034,0.062
0.032,0.060
0.033,0.059
0.032,0.059
0.031,0.059
0.033,0.059
0.033,0.060
0.032,0.060
0.033,0.060
0.032,0.060
0.031,0.061
0.033,0.060
0.030,0.059
0.030,0.060
0.032,0.060
0.029,0.060
0.029,0.061
0.030,0.063
0.028,0.063
0.027,0.063
0.028,0.065
0.026,0.065
0.026,0.063
0.027,0.063
0.025,0.063
0.026,0.062
0.028,0.064
0.026,0.063
0.026,0.063
0.028,0.064
0.025,0.063
0.025,0.063
0.026,0.062
0.025,0.062
0.023,0.061
0.024,0.060
0.023,0.059
0.022,0.058
0.023,0.058
0.021,0.057
0.022,0.058
0.024,0.058
0.022,0.059
0.021,0.060
0.022,0.060
0.022,0.060
0.020,0.061
0.020,0.060
0.017,0.059
0.017,0.060
0.017,0.057
0.015,0.056
0.014,0.056
0.015,0.055
0.013,0.055
0.012,0.054
0.012,0.055
0.011,0.055
0.011,0.056
0.012,0.055
0.010,0.055
0.010,0.054
0.013,0.053
0.010,0.053
0.010,0.051
0.010,0.051
0.006,0.052
0.006,0.051
0.007,0.051
0.002,0.052
0.003,0.053
0.003,0.054
-0.000,0.058
-0.002,0.058
-0.001,0.059
-0.003,0.060
-0.003,0.058
-0.005,0.059
-0.006,0.057
-0.005,0.057
-0.006,0.057
-0.008,0.055
-0.009,0.054
-0.008,0.055
-0.009,0.053
-0.008,0.051
-0.011,0.050
-0.010,0.049
-0.010,0.050
-0.012,0.051
-0.014,0.051
-0.013,0.053
-0.013,0.055
-0.014,0.054
-0.013,0.053
-0.014,0.055
-0.014,0.053
-0.014,0.053
-0.015,0.051
-0.016,0.049
-0.014,0.050
-0.015,0.050
-0.017,0.049
-0.017,0.049
-0.019,0.050
-0.018,0.051
-0.019,0.053
-0.020,0.054
-0.020,0.055
-0.020,0.056
-0.019,0.055
-0.019,0.055
-0.018,0.056
-0.019,0.056
-0.017,0.055
-0.019,0.055
-0.020,0.054
-0.018,0.055
-0.018,0.056
-0.018,0.056
-0.020,0.055
-0.019,0.056
-0.019,0.055
-0.017,0.053
-0.018,0.054
-0.020,0.053
-0.018,0.054
-0.018,0.056
-0.018,0.055
-0.018,0.056
-0.015,0.056
-0.016,0.056
-0.015,0.056
-0.015,0.056
-0.016,0.056
-0.013,0.056
-0.014,0.056
-0.013,0.054
-0.013,0.054
-0.013,0.054
-0.014,0.052
-0.013,0.051
-0.013,0.052
-0.013,0.052
-0.012,0.052
-0.013,0.050
-0.013,0.049
-0.013,0.051
-0.012,0.051
-0.010,0.049
-0.009,0.048
-0.010,0.048
-0.010,0.047
-0.009,0.046
-0.010,0.045
-0.010,0.043
-0.010,0.044
-0.010,0.044
-0.009,0.044
-0.010,0.046
-0.011,0.048
-0.010,0.048
-0.009,0.050
-0.013,0.050
-0.012,0.049
-0.012,0.048
-0.013,0.048
-0.013,0.046
-0.014,0.045
-0.012,0.046
-0.011,0.044
-0.011,0.043
-0.012,0.044
-0.011,0.043
-0.011,0.044
-0.011,0.044
-0.011,0.044
-0.011,0.046
-0.009,0.047
-0.011,0.046
-0.011,0.045
-0.011,0.046
-0.012,0.047
-0.013,0.046
-0.014,0.046
-0.014,0.047
-0.015,0.046
-0.014,0.047
-0.016,0.044
-0.017,0.041
-0.017,0.041
-0.018,0.041
-0.018,0.039
-0.018,0.040
-0.019,0.042
-0.019,0.043
-0.019,0.045
-0.019,0.046
-0.019,0.046
-0.019,0.046
-0.020,0.046
-0.018,0.045
-0.019,0.046
-0.020,0.043
-0.020,0.042
-0.021,0.041
-0.022,0.038
-0.022,0.036
-0.023,0.035
-0.025,0.034
-0.024,0.034
-0.027,0.036
-0.026,0.036
-0.026,0.037
-0.028,0.038
-0.026,0.036
-0.027,0.036
-0.028,0.038
-0.028,0.038
-0.027,0.038
-0.029,0.039
-0.029,0.037
-0.029,0.039
-0.030,0.040
-0.030,0.038
-0.030,0.040
-0.031,0.041
-0.029,0.040
-0.030,0.041
-0.031,0.041
-0.030,0.041
-0.031,0.043
-0.031,0.043
-0.030,0.042
-0.032,0.044
-0.031,0.042
-0.030,0.041
-0.032,0.042
-0.030,0.039
-0.030,0.039
-0.032,0.039
-0.031,0.038
-0.030,0.038
-0.032,0.039
-0.031,0.037
-0.030,0.037
-0.030,0.038
-0.029,0.036
-0.029,0.036
-0.030,0.036
-0.029,0.035
-0.028,0.036
-0.031,0.036
-0.029,0.036
-0.029,0.037
-0.029,0.039
-0.028,0.039
-0.027,0.039
-0.028,0.040
-0.027,0.038
-0.026,0.038
-0.028,0.038
-0.027,0.038
-0.027,0.038
-0.029,0.037
-0.028,0.036
-0.027,0.036
-0.027,0.036
-0.026,0.034
-0.026,0.036
-0.026,0.036
-0.026,0.036
-0.026,0.036
-0.027,0.036
-0.026,0.035
-0.027,0.035
-0.027,0.035
-0.026,0.034
-0.026,0.035
-0.027,0.035
-0.026,0.034
-0.026,0.033
-0.026,0.031
-0.024,0.029
-0.025,0.028
-0.025,0.028
-0.024,0.028
-0.026,0.029
-0.025,0.031
-0.025,0.031
-0.025,0.032
-0.025,0.032
-0.023,0.032
-0.023,0.032
-0.023,0.032
-0.022,0.032
-0.023,0.032
-0.023,0.032
-0.022,0.034
-0.022,0.034
-0.022,0.036
-0.022,0.036
-0.023,0.036
-0.023,0.035
-0.022,0.034
-0.024,0.034
-0.023,0.032
-0.022,0.031
-0.024,0.030
-0.022,0.030
-0.021,0.032
-0.022,0.033
-0.020,0.033
-0.020,0.034
-0.021,0.033
-0.019,0.032
-0.019,0.031
-0.021,0.030
-0.019,0.028
-0.019,0.028
-0.021,0.028
-0.020,0.029
-0.020,0.030
-0.022,0.030
-0.021,0.031
-0.021,0.031
-0.023,0.031
-0.022,0.032
-0.023,0.032
-0.024,0.032
-0.023,0.031
-0.022,0.030
-0.024,0.029
-0.022,0.029
-0.023,0.028
-0.024,0.027
-0.024,0.027
-0.024,0.025
-0.025,0.024
-0.026,0.023
-0.026,0.021
-0.028,0.022
-0.027,0.022
-0.028,0.022
-0.029,0.023
-0.029,0.024
-0.029,0.021
-0.030,0.021
-0.030,0.020
-0.030,0.019
-0.032,0.019
-0.033,0.020
-0.033,0.019
-0.035,0.021
-0.035,0.019
-0.036,0.016
-0.038,0.016
-0.038,0.014
-0.039,0.012
-0.040,0.012
-0.040,0.012
-0.039,0.011
-0.041,0.011
-0.040,0.010
-0.039,0.010
-0.042,0.011
-0.041,0.009
-0.042,0.010
-0.044,0.011
-0.043,0.009
-0.043,0.010
-0.045,0.012
-0.044,0.012
-0.044,0.013
-0.047,0.015
-0.046,0.014
-0.046,0.014
-0.048,0.015
-0.046,0.012
-0.047,0.013
-0.048,0.013
-0.046,0.014
-0.047,0.014
-0.049,0.016
-0.046,0.017
-0.047,0.019
-0.048,0.019
-0.046,0.019
-0.048,0.019
-0.047,0.017
-0.046,0.017
-0.048,0.017
-0.048,0.016
-0.046,0.015
-0.048,0.015
-0.048,0.014
-0.045,0.015
-0.048,0.016
-0.048,0.016
-0.046,0.017
-0.049,0.018
-0.047,0.017
-0.044,0.019
-0.047,0.019
-0.045,0.016
-0.044,0.017
-0.046,0.016
-0.044,0.014
-0.043,0.014
-0.045,0.013
-0.043,0.012
-0.040,0.013
-0.041,0.011
-0.039,0.010
-0.036,0.011
-0.038,0.012
-0.034,0.013
-0.033,0.013
-0.035,0.014
-0.032,0.016
-0.031,0.016
-0.031,0.015
-0.030,0.016
-0.029,0.016
-0.030,0.014
-0.029,0.014
-0.028,0.013
-0.029,0.012
-0.027,0.012
-0.027,0.012
-0.026,0.012
-0.025,0.014
-0.024,0.015
-0.024,0.015
-0.022,0.017
-0.022,0.016
-0.023,0.016
-0.021,0.017
-0.022,0.016
-0.022,0.016
-0.020,0.017
-0.020,0.016
-0.019,0.016
-0.017,0.016
-0.017,0.015
-0.018,0.016
-0.016,0.017
-0.016,0.016
-0.016,0.016
-0.016,0.015
-0.016,0.015
-0.017,0.014
-0.016,0.014
-0.017,0.012
-0.018,0.011
-0.017,0.010
-0.017,0.008
-0.018,0.009
-0.016,0.009
-0.015,0.009
-0.016,0.009
-0.014,0.008
-0.014,0.008
-0.015,0.007
-0.014,0.007
-0.015,0.007
-0.016,0.008
-0.015,0.008
-0.016,0.008
-0.017,0.009
-0.016,0.009
-0.017,0.007
-0.018,0.007
-0.016,0.006
-0.018,0.006
-0.019,0.006
-0.016,0.005
-0.018,0.005
-0.018,0.004
-0.016,0.004
-0.018,0.004
-0.019,0.004
-0.017,0.003
-0.020,0.003
-0.022,0.004
-0.020,0.003
-0.024,0.003
-0.024,0.002
-0.022,0.003
-0.025,0.005
-0.025,0.005
-0.024,0.006
-0.027,0.007
-0.028,0.008
-0.026,0.008
-0.029,0.009
-0.030,0.008
-0.029,0.006
-0.031,0.007
-0.032,0.004
-0.031,0.003
-0.033,0.003
-0.034,0.001
-0.032,0.000
-0.034,0.000
-0.034,-0.001
-0.033,-0.001
-0.035,0.001
-0.036,0.003
-0.035,0.004
-0.038,0.006
-0.039,0.007
-0.039,0.007
-0.041,0.006
-0.041,0.006
-0.039,0.003
-0.041,0.002
-0.040,0.001
-0.040,-0.001
-0.041,-0.002
-0.040,-0.002
-0.040,-0.002
-0.042,-0.003
-0.041,-0.002
-0.040,-0.002
-0.042,-0.003
-0.041,-0.004
-0.039,-0.004
-0.040,-0.004
-0.038,-0.004
-0.036,-0.002
-0.037,-0.001
-0.035,0.001
-0.035,0.002
-0.036,0.002
-0.034,0.002
-0.035,0.002
-0.035,0.003
-0.034,0.002
-0.033,0.002
-0.034,0.002
-0.034,0.001
-0.034,0.001
-0.035,-0.000
-0.032,0.000
-0.032,0.000
-0.032,-0.001
-0.030,-0.001
-0.031,-0.001
-0.029,-0.002
-0.029,-0.002
-0.029,-0.002
-0.028,-0.002
-0.026,0.000
-0.027,-0.001
-0.026,-0.002
-0.024,-0.001
-0.025,-0.002
-0.024,-0.002
-0.022,-0.002
-0.023,-0.002
-0.023,-0.002
-0.021,-0.001
-0.022,-0.001
-0.022,-0.001
-0.021,0.001
-0.022,0.000
-0.020,-0.002
-0.019,-0.002
-0.019,-0.003
-0.019,-0.005
-0.018,-0.003
-0.018,-0.004
-0.018,-0.003
-0.015,-0.003
-0.017,-0.002
-0.017,-0.001
-0.015,0.000
-0.017,0.000
-0.017,0.000
-0.016,0.000
-0.016,-0.001
-0.016,-0.002
-0.014,-0.003
-0.014,-0.003
-0.014,-0.003
-0.013,-0.003
-0.013,-0.003
-0.012,-0.002
-0.010,-0.000
-0.011,-0.000
-0.012,-0.000
-0.010,-0.000
-0.011,-0.002
-0.012,-0.002
-0.012,-0.004
-0.012,-0.005
-0.013,-0.005
-0.011,-0.006
-0.011,-0.004
-0.012,-0.003
-0.009,-0.003
-0.010,-0.003
-0.009,-0.003
-0.007,-0.003
-0.007,-0.004
-0.007,-0.004
-0.005,-0.006
-0.006,-0.004
-0.006,-0.005
-0.005,-0.005
-0.006,-0.005
-0.005,-0.006
-0.004,-0.006
-0.005,-0.005
-0.005,-0.006
-0.003,-0.007
-0.004,-0.005
-0.004,-0.007
-0.003,-0.007
-0.005,-0.005
-0.004,-0.006
-0.001,-0.005
-0.003,-0.004
-0.002,-0.004
0.001,-0.003
-0.002,-0.002
-0.000,-0.003
0.001,-0.002
0.000,-0.003
0.001,-0.004
0.003,-0.003
0.001,-0.004
0.003,-0.006
0.003,-0.008
0.001,-0.008
0.004,-0.009
0.004,-0.008
0.003,-0.008
0.004,-0.008
0.004,-0.005
0.003,-0.007
0.004,-0.007
0.004,-0.007
0.004,-0.009
0.008,-0.009
0.006,-0.010
0.007,-0.012
0.009,-0.012
0.008,-0.011
0.009,-0.012
0.011,-0.010
0.010,-0.008
0.010,-0.008
0.012,-0.007
0.011,-0.007
0.011,-0.009
0.013,-0.008
0.011,-0.008
0.011,-0.010
0.011,-0.008
0.011,-0.009
0.011,-0.010
0.012,-0.010
0.012,-0.011
0.012,-0.013
0.013,-0.012
0.012,-0.012
0.013,-0.012
0.013,-0.012
0.013,-0.012
0.013,-0.013
0.015,-0.012
0.014,-0.012
0.015,-0.012
0.015,-0.010
0.016,-0.009
0.016,-0.007
0.016,-0.005
0.016,-0.005
0.016,-0.007
0.017,-0.007
0.015,-0.009
0.016,-0.010
0.016,-0.011
0.017,-0.013
0.018,-0.013
0.019,-0.011
0.018,-0.011
0.019,-0.010
0.019,-0.007
0.019,-0.006
0.019,-0.006
0.020,-0.005
0.019,-0.005
0.019,-0.005
0.021,-0.004
0.020,-0.006
0.020,-0.006
0.021,-0.005
0.021,-0.005
0.021,-0.005
0.022,-0.004
0.021,-0.003
0.022,-0.004
0.023,-0.004
0.021,-0.004
0.023,-0.004
0.022,-0.005
0.022,-0.007
0.021,-0.008
0.023,-0.008
0.021,-0.009
0.021,-0.008
0.022,-0.007
0.022,-0.006
0.023,-0.006
0.023,-0.005
0.024,-0.006
0.025,-0.007
0.025,-0.007
0.026,-0.008
0.026,-0.005
0.026,-0.006
0.026,-0.007
0.027,-0.006
0.027,-0.006
0.027,-0.006
0.028,-0.006
0.027,-0.006
0.029,-0.008
0.029,-0.007
0.030,-0.009
0.029,-0.009
0.030,-0.009
0.030,-0.011
0.029,-0.012
0.028,-0.013
0.029,-0.014
0.027,-0.014
0.027,-0.014
0.029,-0.015
0.029,-0.015
0.031,-0.015
0.032,-0.015
0.033,-0.015
0.034,-0.015
0.035,-0.015
0.034,-0.015
0.034,-0.015
0.036,-0.014
0.035,-0.013
0.036,-0.012
0.036,-0.011
0.036,-0.010
0.037,-0.010
0.038,-0.011
0.038,-0.011
0.040,-0.012
0.040,-0.012
0.041,-0.013
0.042,-0.012
0.042,-0.010
0.043,-0.010
0.044,-0.010
0.043,-0.009
0.044,-0.010
0.044,-0.011
0.044,-0.010
0.044,-0.011
0.045,-0.010
0.044,-0.009
0.043,-0.009
0.045,-0.008
0.043,-0.008
0.043,-0.009
0.043,-0.008
0.043,-0.008
0.044,-0.009
0.044,-0.008
0.044,-0.010
0.045,-0.010
0.045,-0.009
0.044,-0.010
0.044,-0.012
0.043,-0.012
0.043,-0.014
0.043,-0.015
0.041,-0.015
0.041,-0.016
0.042,-0.016
0.043,-0.014
0.042,-0.014
0.044,-0.013
0.045,-0.012
0.044,-0.012
0.046,-0.012
0.046,-0.011
0.046,-0.012
0.047,-0.012
0.046,-0.011
0.046,-0.012
0.046,-0.013
0.046,-0.013
0.045,-0.013
0.046,-0.014
0.046,-0.013
0.046,-0.014
0.046,-0.013
0.047,-0.010
0.048,-0.010
0.047,-0.009
0.049,-0.007
0.049,-0.008
0.051,-0.006
0.050,-0.007
0.051,-0.008
0.051,-0.008
0.050,-0.007
0.051,-0.009
0.050,-0.008
0.050,-0.006
0.050,-0.007
0.050,-0.005
0.050,-0.004
0.051,-0.004
0.051,-0.003
0.050,-0.003
0.052,-0.005
0.051,-0.005
0.051,-0.005
0.053,-0.006
0.053,-0.005
0.053,-0.005
0.055,-0.004
0.054,-0.004
0.055,-0.004
0.057,-0.005
0.054,-0.005
0.056,-0.006
0.056,-0.005
0.053,-0.005
0.053,-0.006
0.053,-0.005
0.051,-0.005
0.053,-0.007
0.054,-0.006
0.052,-0.006
0.055,-0.007
0.056,-0.006
0.053,-0.007
0.057,-0.008
0.056,-0.006
0.055,-0.007
0.057,-0.009
0.058,-0.008
0.056,-0.009
0.057,-0.010
0.058,-0.010
0.056,-0.010
0.059,-0.010
0.058,-0.009
0.058,-0.010
0.059,-0.010
0.059,-0.009
0.059,-0.009
0.061,-0.008
0.060,-0.008
0.060,-0.009
0.062,-0.009
0.062,-0.010
0.062,-0.010
0.063,-0.010
0.065,-0.010
0.064,-0.010
0.065,-0.009
0.066,-0.009
0.067,-0.010
0.068,-0.010
0.067,-0.011
0.068,-0.011
0.070,-0.010
0.070,-0.012
0.071,-0.011
0.072,-0.011
0.073,-0.010
0.073,-0.010
0.075,-0.008
0.075,-0.009
0.075,-0.008
0.076,-0.007
0.076,-0.007
0.076,-0.006
0.077,-0.006
0.080,-0.006
0.079,-0.005
0.081,-0.006
0.081,-0.005
0.081,-0.004
0.083,-0.004
0.084,-0.006
0.084,-0.004
0.086,-0.006
0.089,-0.005
0.088,-0.003
0.090,-0.005
0.091,-0.004
0.091,-0.003
0.093,-0.004
0.093,-0.005
0.091,-0.004
0.094,-0.006
0.094,-0.006
0.094,-0.006
0.096,-0.008
0.097,-0.005
0.098,-0.006
0.099,-0.007
0.098,-0.007
0.100,-0.006
0.102,-0.006
0.100,-0.005
0.100,-0.005
0.102,-0.004
0.101,-0.002
0.103,-0.002
0.104,-0.001
0.102,-0.001
0.104,-0.001
0.107,-0.001
0.105,-0.002
0.106,-0.003
0.110,-0.002
0.107,-0.001
0.108,-0.001
0.108,0.000
0.106,0.001
0.108,0.001
0.108,0.000
0.106,-0.001
0.107,-0.002
0.108,-0.003
0.106,-0.003
0.109,-0.006
0.109,-0.004
0.108,-0.003
0.110,-0.002
0.109,-0.002
0.107,-0.004
0.107,-0.002
0.108,-0.002
0.106,-0.002
0.107,-0.003
0.105,-0.003
0.104,-0.004
0.107,-0.006
0.106,-0.008
0.104,-0.009
0.107,-0.007
0.108,-0.008
0.105,-0.009
0.107,-0.009
0.106,-0.009
0.105,-0.008
0.106,-0.008
0.104,-0.006
0.102,-0.005
0.104,-0.004
0.104,-0.004
0.102,-0.005
0.103,-0.006
0.103,-0.005
0.102,-0.005
0.104,-0.005
0.101,-0.004
0.102,-0.004
0.104,-0.003
0.102,-0.002
0.101,-0.003
0.102,-0.001
0.101,-0.002
0.101,-0.004
0.102,-0.004
0.099,-0.004
0.101,-0.005
0.101,-0.002
0.099,-0.003
0.100,-0.003
0.101,0.000
0.101,-0.001
0.100,-0.001
0.100,-0.002
0.098,-0.001
0.101,-0.001
0.101,-0.001
0.100,-0.002
0.100,0.000
0.101,0.002
0.101,0.001
0.099,0.003
0.100,0.002
0.099,0.002
0.099,0.003
0.099,0.001
0.099,0.001
0.100,0.001
0.100,0.001
0.101,0.001
0.099,0.003
0.101,0.004
0.101,0.004
0.101,0.006
0.102,0.006
0.101,0.005
0.101,0.005
0.102,0.004
0.102,0.003
0.102,0.002
0.105,0.001
0.104,0.001
0.104,0.002
0.106,0.002
0.105,0.004
0.106,0.005
0.107,0.006
0.105,0.007
0.106,0.009
0.108,0.010
0.107,0.011
0.108,0.012
0.110,0.011
0.109,0.011
0.110,0.011
0.112,0.010
0.109,0.010
0.110,0.008
0.112,0.009
0.111,0.010
0.112,0.009
0.114,0.011
0.113,0.012
0.114,0.012
0.115,0.013
0.114,0.013
0.115,0.013
0.116,0.012
0.115,0.013
0.116,0.013
0.117,0.012
0.116,0.012
0.118,0.011
0.118,0.012
0.117,0.011
0.119,0.010
0.117,0.010
0.118,0.008
0.120,0.008
0.119,0.010
0.119,0.010
0.121,0.012
0.121,0.014
0.121,0.014
0.123,0.015
0.121,0.017
0.121,0.017
0.122,0.017
0.121,0.017
0.120,0.016
0.122,0.017
0.121,0.017
0.120,0.016
0.122,0.016
0.121,0.016
0.120,0.015
0.122,0.015
0.120,0.015
0.119,0.014
0.120,0.014
0.119,0.013
0.118,0.013
0.120,0.012
0.118,0.011
0.118,0.011
0.120,0.011
0.118,0.012
0.118,0.011
0.119,0.012
0.118,0.012
0.118,0.011
0.119,0.012
0.117,0.013
0.118,0.014
0.119,0.015
0.116,0.017
0.117,0.015
0.119,0.014
0.117,0.013
0.118,0.011
0.120,0.012
0.117,0.011
0.118,0.011
0.119,0.011
0.117,0.012
0.118,0.014
0.117,0.016
0.115,0.017
0.116,0.017
0.116,0.019
0.115,0.019
0.116,0.019
0.116,0.021
0.114,0.020
0.115,0.020
0.115,0.020
0.113,0.019
0.115,0.020
0.114,0.022
0.114,0.021
0.115,0.023
0.115,0.026
0.115,0.024
0.116,0.026
0.116,0.026
0.116,0.025
0.117,0.025
0.114,0.026
0.116,0.024
0.117,0.025
0.115,0.024
0.116,0.022
0.117,0.022
0.117,0.020
0.117,0.017
0.117,0.018
0.116,0.018
0.117,0.017
0.117,0.018
0.116,0.017
0.116,0.017
0.115,0.019
0.115,0.020
0.114,0.021
0.115,0.023
0.114,0.022
0.114,0.021
0.114,0.021
0.114,0.019
0.113,0.019
0.112,0.021
0.112,0.021
0.112,0.022
0.113,0.024
0.113,0.023
0.113,0.023
0.114,0.023
0.114,0.023
0.113,0.023
0.113,0.024
0.113,0.024
0.114,0.025
0.115,0.026
0.114,0.026
0.115,0.026
0.116,0.027
0.115,0.028
0.115,0.029
0.116,0.028
0.116,0.028
0.115,0.027
0.117,0.027
0.117,0.026
0.117,0.025
0.119,0.024
0.118,0.025
0.119,0.025
0.121,0.025
0.120,0.026
0.120,0.027
0.121,0.029
0.121,0.031
0.121,0.032
0.122,0.033
0.122,0.033
0.123,0.034
0.124,0.034
0.125,0.034
0.126,0.034
0.126,0.034
0.126,0.033
0.127,0.034
0.128,0.033
0.128,0.033
0.129,0.034
0.128,0.035
0.129,0.035
0.130,0.035
0.130,0.034
0.130,0.034
0.131,0.034
0.133,0.035
0.133,0.034
0.133,0.034
0.133,0.035
0.134,0.035
0.134,0.036
0.135,0.037
0.135,0.038
0.136,0.038
0.137,0.038
0.136,0.039
0.138,0.040
0.138,0.040
0.138,0.040
0.139,0.038
0.140,0.038
0.139,0.036
0.139,0.035
0.140,0.036
0.138,0.036
0.138,0.036
0.138,0.038
0.136,0.038
0.137,0.040
0.138,0.042
0.137,0.042
0.138,0.041
0.137,0.041
0.138,0.038
0.138,0.037
0.136,0.036
0.136,0.035
0.137,0.035
0.134,0.036
0.134,0.035
0.135,0.036
0.134,0.037
0.134,0.035
0.134,0.035
0.133,0.034
0.135,0.033
0.135,0.034
0.134,0.034
0.134,0.035
0.132,0.036
0.130,0.036
0.130,0.035
0.128,0.037
0.127,0.036
0.127,0.036
0.125,0.038
0.125,0.037
0.125,0.037
0.123,0.038
0.123,0.036
0.124,0.034
0.121,0.035
0.122,0.033
0.122,0.034
0.120,0.037
0.121,0.036
0.121,0.038
0.117,0.040
0.118,0.038
0.119,0.040
0.116,0.040
0.117,0.040
0.116,0.041
0.114,0.043
0.114,0.043
0.113,0.045
0.112,0.046
0.112,0.045
0.111,0.046
0.110,0.046
0.111,0.046
0.111,0.047
0.110,0.047
0.112,0.047
0.112,0.047
0.112,0.047
0.112,0.046
0.112,0.047
0.111,0.047
0.110,0.046
0.108,0.046
0.107,0.047
0.110,0.048
0.108,0.049
0.109,0.050
0.110,0.051
0.109,0.052
0.110,0.053
0.111,0.053
0.110,0.053
0.110,0.052
0.112,0.052
0.110,0.052
0.110,0.053
0.111,0.053
0.110,0.054
0.110,0.055
0.110,0.056
0.110,0.057
0.110,0.058
0.111,0.057
0.110,0.057
0.111,0.057
0.112,0.056
0.111,0.057
0.112,0.056
0.112,0.054
0.112,0.053
0.114,0.052
0.114,0.053
0.114,0.052
0.114,0.053
0.115,0.054
0.114,0.053
0.115,0.055
0.115,0.056
0.114,0.057
0.116,0.057
0.116,0.058
0.114,0.058
0.115,0.058
0.116,0.058
0.114,0.058
0.116,0.059
0.116,0.060
0.115,0.060
0.117,0.061
0.117,0.061
0.116,0.060
0.118,0.060
0.118,0.060
0.117,0.058
0.117,0.057
0.118,0.056
0.116,0.056
0.117,0.058
0.118,0.058
0.117,0.059
0.117,0.060
0.117,0.059
0.117,0.059
0.116,0.059
0.117,0.058
0.115,0.057
0.115,0.057
0.116,0.056
0.116,0.056
0.115,0.054
0.116,0.053
0.115,0.053
0.114,0.054
0.115,0.054
0.113,0.056
0.114,0.056
0.113,0.056
0.111,0.058
0.112,0.057
0.112,0.057
0.110,0.059
0.111,0.059
0.111,0.058
0.108,0.059
0.110,0.058
0.110,0.059
0.108,0.061
0.110,0.060
0.109,0.062
0.107,0.062
0.108,0.061
0.106,0.062
0.104,0.061
0.107,0.061
0.104,0.060
0.102,0.059
0.105,0.059
0.102,0.060
0.101,0.060
0.104,0.062
0.101,0.063
0.100,0.064
0.102,0.065
0.099,0.066
0.099,0.065
0.101,0.065
0.099,0.065
0.099,0.064
0.101,0.063
0.099,0.065
0.098,0.063
0.099,0.064
0.096,0.064
0.096,0.064
0.097,0.064
0.094,0.065
0.094,0.066
0.094,0.067
0.092,0.068
0.092,0.071
0.093,0.071
0.092,0.072
0.092,0.072
0.095,0.072
0.092,0.072
0.093,0.072
0.094,0.073
0.090,0.072
0.091,0.071
0.091,0.072
0.088,0.073
0.089,0.072
0.090,0.074
0.088,0.074
0.088,0.074
0.089,0.073
0.088,0.072
0.089,0.072
0.088,0.072
0.087,0.071
0.087,0.072
0.086,0.072
0.086,0.071
0.086,0.073
0.085,0.074
0.085,0.072
0.085,0.074
0.084,0.073
0.084,0.071
0.085,0.071
0.084,0.072
0.084,0.070
0.085,0.071
0.084,0.071
0.084,0.069
0.084,0.072
0.083,0.072
0.083,0.072
0.084,0.075
0.083,0.075
0.084,0.074
0.083,0.075
0.083,0.075
0.082,0.073
0.082,0.073
0.082,0.071
0.082,0.070
0.082,0.070
0.081,0.068
0.081,0.068
0.081,0.068
0.081,0.066
0.080,0.066
0.079,0.066
0.079,0.066
0.078,0.065
0.078,0.066
0.079,0.066
0.079,0.067
0.079,0.068
0.080,0.068
0.079,0.069
0.079,0.069
0.081,0.068
0.080,0.069
0.080,0.069
0.081,0.071
0.080,0.073
0.081,0.074
0.080,0.075
0.080,0.076
0.081,0.075
0.082,0.073
0.081,0.072
0.082,0.071
0.082,0.071
0.080,0.071
0.081,0.071
0.080,0.071
0.079,0.071
0.080,0.071
0.080,0.072
0.079,0.072
0.080,0.072
0.079,0.073
0.078,0.072
0.079,0.071
0.076,0.071
0.076,0.069
0.076,0.069
0.075,0.069
0.074,0.067
0.074,0.068
0.073,0.068
0.072,0.067
0.073,0.067
0.072,0.067
0.073,0.067
0.073,0.068
0.072,0.067
0.072,0.066
0.072,0.067
0.071,0.067
0.071,0.068
0.072,0.070
0.070,0.070
0.071,0.070
0.071,0.071
0.071,0.069
0.071,0.069
0.070,0.070
0.069,0.068
0.069,0.067
0.068,0.068
0.067,0.066
0.067,0.065
0.066,0.067
0.065,0.066
0.066,0.066
0.064,0.068
0.064,0.066
0.065,0.066
0.065,0.069
0.065,0.067
0.065,0.067
0.064,0.068
0.064,0.067
0.065,0.068
0.063,0.070
0.063,0.069
0.064,0.071
0.062,0.072
0.062,0.071
0.063,0.071
0.062,0.071
0.062,0.068
0.062,0.069
0.062,0.069
0.061,0.068
0.062,0.070
0.061,0.072
0.061,0.072
0.061,0.073
0.060,0.074
0.060,0.074
0.059,0.074
0.058,0.074
0.058,0.073
0.059,0.073
0.058,0.072
0.058,0.071
0.057,0.070
0.057,0.069
0.057,0.070
0.057,0.070
0.057,0.070
0.057,0.069
0.057,0.069
0.056,0.068
0.057,0.065
0.056,0.066
0.056,0.065
0.057,0.064
0.056,0.066
0.056,0.065
0.057,0.066
0.056,0.067
0.055,0.067
0.055,0.066
0.056,0.067
0.056,0.067
0.055,0.065
0.055,0.066
0.054,0.065
0.054,0.065
0.052,0.065
0.052,0.065
0.053,0.066
0.052,0.066
0.052,0.066
0.052,0.066
0.050,0.067
0.050,0.068
0.050,0.069
0.048,0.070
0.049,0.068
0.050,0.068
0.048,0.068
0.049,0.067
0.049,0.066
0.048,0.067
0.049,0.065
0.049,0.066
0.047,0.067
0.048,0.066
0.047,0.068
0.047,0.068
0.047,0.068
0.048,0.069
0.046,0.069
0.047,0.069
0.047,0.070
0.047,0.071
0.048,0.070
0.048,0.071
0.049,0.071
0.050,0.069
0.049,0.068
0.049,0.068
0.049,0.067
0.049,0.067
0.048,0.067
0.049,0.066
0.048,0.064
0.048,0.062
0.048,0.061
0.048,0.059
0.049,0.057
0.049,0.059
0.049,0.059
0.049,0.061
0.049,0.064
0.049,0.065
0.050,0.066
0.050,0.067
0.049,0.067
0.050,0.066
0.049,0.067
0.049,0.064
0.048,0.065
0.048,0.065
0.047,0.065
0.048,0.066
0.047,0.067
0.048,0.067
0.049,0.067
0.049,0.067
0.050,0.067
0.049,0.069
0.050,0.068
0.050,0.067
0.050,0.068
0.050,0.067
0.050,0.066
0.050,0.067
0.050,0.064
0.050,0.063
0.049,0.063
0.049,0.062
0.049,0.061
0.047,0.062
0.047,0.060
0.046,0.061
0.046,0.060
0.046,0.060
0.045,0.062
0.045,0.062
0.045,0.063
0.044,0.064
0.044,0.064
0.044,0.064
0.042,0.064
0.043,0.063
0.043,0.061
0.042,0.062
0.042,0.060
0.042,0.060
0.039,0.060
0.038,0.059
0.039,0.058
0.036,0.060
0.037,0.059
0.038,0.059
0.037,0.061
0.038,0.061
0.038,0.061
0.036,0.062
0.037,0.062
0.037,0.063
0.034,0.064
0.034,0.064
0.035,0.064
0.033,0.065
0.035,0.064
0.035,0.066
0.034,0.068
0.034,0.067
0.035,0.067
0.033,0.068
0.034,0.068
0.035,0.066
0.034,0.066
0.034,0.065
0.034,0.065
0.033,0.065
0.033,0.064
0.033,0.064
0.031,0.064
0.032,0.063
0.032,0.063
0.031,0.062
0.033,0.061
0.032,0.059
0.031,0.058
0.032,0.058
0.032,0.059
0.031,0.059
0.031,0.059
0.031,0.060
0.029,0.061
0.029,0.060
0.026,0.060
0.026,0.061
0.027,0.058
0.025,0.058
0.024,0.057
0.025,0.056
0.024,0.055
0.023,0.054
0.023,0.053
0.022,0.054
0.022,0.055
0.021,0.054
0.019,0.055
0.018,0.056
0.019,0.054
0.018,0.054
0.016,0.055
0.016,0.055
0.014,0.054
0.013,0.056
0.013,0.053
0.011,0.054
0.010,0.054
0.009,0.052
0.007,0.052
0.005,0.051
0.004,0.050
0.004,0.050
0.002,0.049
0.001,0.048
-0.001,0.049
-0.001,0.050
-0.001,0.050
-0.001,0.051
-0.002,0.052
-0.003,0.054
-0.004,0.054
-0.004,0.055
-0.003,0.055
-0.005,0.055
-0.005,0.056
-0.005,0.055
-0.008,0.054
-0.008,0.056
-0.007,0.057
-0.008,0.056
-0.008,0.056
-0.009,0.056
-0.010,0.056
-0.009,0.057
-0.009,0.055
-0.012,0.055
-0.010,0.055
-0.010,0.053
-0.012,0.052
-0.012,0.051
-0.012,0.052
-0.013,0.052
-0.012,0.054
-0.014,0.054
-0.014,0.055
-0.014,0.056
-0.014,0.055
-0.013,0.053
-0.014,0.053
-0.013,0.053
-0.013,0.053
-0.013,0.055
-0.014,0.055
-0.015,0.056
-0.014,0.057
-0.015,0.057
-0.016,0.058
-0.015,0.059
-0.014,0.059
-0.015,0.060
-0.013,0.059
-0.012,0.057
-0.014,0.059
-0.012,0.059
-0.012,0.057
-0.013,0.059
-0.011,0.059
-0.010,0.059
-0.011,0.058
-0.011,0.056
-0.011,0.057
-0.011,0.057
-0.008,0.055
-0.009,0.054
-0.011,0.055
-0.008,0.056
-0.009,0.055
-0.011,0.054
-0.009,0.054
-0.008,0.054
-0.009,0.052
-0.007,0.052
-0.010,0.051
-0.011,0.050
-0.007,0.050
-0.009,0.051
-0.010,0.052
-0.008,0.052
-0.010,0.054
-0.010,0.054
-0.008,0.054
-0.010,0.055
-0.009,0.054
-0.006,0.053
-0.008,0.053
-0.008,0.051
-0.006,0.049
-0.006,0.050
-0.007,0.049
-0.006,0.047
-0.007,0.048
-0.007,0.047
-0.005,0.047
-0.007,0.047
-0.007,0.047
-0.006,0.049
-0.008,0.050
-0.007,0.050
-0.007,0.050
-0.007,0.050
-0.006,0.050
-0.005,0.050
-0.008,0.049
-0.007,0.050
-0.005,0.051
-0.007,0.049
-0.005,0.049
-0.006,0.048
-0.007,0.048
-0.006,0.046
-0.007,0.047
-0.010,0.047
-0.009,0.048
-0.009,0.047
-0.011,0.047
-0.009,0.047
-0.011,0.047
-0.012,0.045
-0.010,0.044
-0.012,0.044
-0.012,0.042
-0.011,0.042
-0.011,0.041
-0.012,0.040
-0.011,0.041
-0.011,0.042
-0.013,0.042
-0.012,0.042
-0.013,0.042
-0.014,0.039
-0.012,0.038
-0.014,0.036
-0.014,0.033
-0.014,0.034
-0.016,0.033
-0.016,0.032
-0.016,0.034
-0.018,0.034
-0.018,0.034
-0.019,0.036
-0.020,0.036
-0.020,0.035
-0.020,0.037
-0.022,0.037
-0.022,0.036
-0.022,0.037
-0.024,0.036
-0.023,0.035
-0.024,0.035
-0.024,0.035
-0.025,0.034
-0.024,0.035
-0.026,0.034
-0.026,0.034
-0.026,0.035
-0.027,0.033
-0.028,0.033
-0.027,0.033
-0.027,0.032
-0.028,0.031
-0.028,0.031
-0.028,0.032
-0.028,0.034
-0.026,0.036
-0.027,0.038
-0.027,0.039
-0.025,0.039
-0.026,0.037
-0.027,0.037
-0.026,0.035
-0.026,0.034
-0.029,0.035
-0.026,0.034
-0.027,0.034
-0.028,0.035
-0.024,0.036
-0.025,0.036
-0.024,0.037
-0.022,0.038
-0.022,0.037
-0.022,0.037
-0.021,0.035
-0.021,0.034
-0.022,0.031
-0.020,0.029
-0.022,0.028
-0.022,0.028
-0.021,0.029
-0.023,0.031
-0.023,0.031
-0.021,0.033
-0.023,0.034
-0.023,0.033
-0.021,0.034
-0.023,0.034
-0.022,0.033
-0.020,0.033
-0.023,0.034
-0.022,0.032
-0.020,0.032
-0.021,0.033
-0.021,0.031
-0.018,0.032
-0.020,0.033
-0.018,0.031
-0.017,0.032
-0.020,0.032
-0.019,0.031
-0.019,0.033
-0.021,0.032
-0.020,0.032
-0.020,0.032
-0.021,0.031
-0.019,0.030
-0.019,0.031
-0.020,0.031
-0.018,0.030
-0.019,0.032
-0.019,0.031
-0.018,0.030
-0.019,0.031
-0.019,0.030
-0.019,0.031
-0.020,0.032
-0.020,0.029
-0.019,0.030
-0.020,0.030
-0.019,0.028
-0.018,0.028
-0.019,0.029
-0.018,0.028
-0.016,0.028
-0.017,0.029
-0.017,0.026
-0.016,0.027
-0.016,0.027
-0.016,0.025
-0.016,0.024
-0.018,0.024
-0.018,0.022
-0.018,0.022
-0.018,0.021
-0.018,0.020
-0.017,0.021
-0.017,0.022
-0.016,0.022
-0.016,0.023
-0.017,0.023
-0.016,0.022
-0.016,0.022
-0.017,0.021
-0.017,0.020
-0.017,0.020
-0.018,0.021
-0.018,0.020
-0.018,0.020
-0.019,0.019
-0.019,0.020
-0.020,0.021
-0.019,0.022
-0.020,0.022
-0.020,0.024
-0.020,0.023
-0.021,0.022
-0.022,0.023
-0.022,0.021
-0.022,0.021
-0.022,0.021
-0.023,0.020
-0.023,0.020
-0.024,0.022
-0.023,0.022
-0.024,0.023
-0.025,0.024
-0.024,0.024
-0.025,0.023
-0.026,0.024
-0.026,0.024
-0.026,0.023
-0.029,0.022
-0.029,0.021
-0.030,0.021
-0.032,0.021
-0.033,0.021
-0.034,0.022
-0.035,0.023
-0.035,0.023
-0.034,0.023
-0.036,0.023
-0.035,0.023
-0.036,0.023
-0.037,0.023
-0.037,0.021
-0.037,0.022
-0.039,0.022
-0.038,0.020
-0.039,0.020
-0.040,0.021
-0.039,0.021
-0.040,0.022
-0.042,0.022
-0.041,0.021
-0.042,0.022
-0.043,0.022
-0.043,0.021
-0.044,0.022
-0.045,0.021
-0.044,0.020
-0.045,0.020
-0.045,0.019
-0.044,0.017
-0.044,0.016
-0.045,0.016
-0.044,0.015
-0.044,0.016
-0.045,0.017
-0.044,0.017
-0.044,0.018
-0.045,0.019
-0.046,0.019
-0.046,0.020
-0.046,0.021
-0.046,0.021
-0.046,0.020
-0.045,0.019
-0.045,0.018
-0.044,0.017
-0.044,0.016
-0.043,0.016
-0.043,0.015
-0.040,0.017
-0.042,0.017
-0.041,0.015
-0.039,0.016
-0.040,0.016
-0.039,0.014
-0.039,0.015
-0.037,0.017
-0.036,0.017
-0.035,0.019
-0.035,0.020
-0.033,0.021
-0.033,0.022
-0.033,0.021
-0.030,0.020
-0.030,0.020
-0.029,0.019
-0.028,0.018
-0.027,0.021
-0.026,0.018
-0.025,0.019
-0.025,0.019
-0.025,0.019
-0.025,0.018
-0.025,0.018
-0.025,0.016
-0.025,0.016
-0.025,0.017
-0.024,0.017
-0.023,0.019
-0.022,0.020
-0.019,0.020
-0.019,0.021
-0.019,0.021
-0.017,0.021
-0.019,0.021
-0.017,0.020
-0.016,0.018
-0.018,0.018
-0.016,0.015
-0.015,0.013
-0.016,0.013
-0.015,0.011
-0.014,0.010
-0.015,0.010
-0.014,0.008
-0.013,0.007
-0.015,0.007
-0.013,0.004
-0.014,0.003
-0.015,0.006
-0.014,0.004
-0.013,0.005
-0.015,0.006
-0.013,0.008
-0.013,0.007
-0.015,0.008
-0.014,0.008
-0.014,0.007
-0.015,0.008
-0.015,0.008
-0.014,0.008
-0.016,0.009
-0.016,0.009
-0.015,0.010
-0.017,0.010
-0.015,0.009
-0.016,0.008
-0.017,0.008
-0.015,0.006
-0.016,0.005
-0.017,0.006
-0.015,0.004
-0.015,0.004
-0.017,0.005
-0.016,0.004
-0.016,0.004
-0.018,0.006
-0.016,0.005
-0.017,0.006
-0.018,0.006
-0.016,0.006
-0.018,0.006
-0.020,0.005
-0.018,0.005
-0.019,0.005
-0.021,0.004
-0.019,0.002
-0.021,0.001
-0.022,0.000
-0.020,-0.002
-0.023,-0.002
-0.024,-0.003
-0.023,-0.003
-0.025,-0.003
-0.027,-0.003
-0.026,-0.001
-0.027,0.000
-0.028,0.000
-0.027,0.002
-0.029,0.003
-0.028,0.001
-0.029,0.001
-0.031,0.001
-0.030,0.000
-0.029,0.002
-0.033,0.001
-0.032,0.000
-0.032,0.001
-0.034,0.000
-0.033,-0.000
-0.033,-0.001
-0.035,-0.002
-0.034,-0.002
-0.034,-0.001
-0.036,-0.001
-0.035,0.002
-0.034,0.003
-0.034,0.003
-0.033,0.006
-0.032,0.006
-0.032,0.006
-0.031,0.007
-0.032,0.007
-0.032,0.006
-0.032,0.007
-0.032,0.007
-0.033,0.007
-0.032,0.008
-0.032,0.010
-0.033,0.010
-0.032,0.010
-0.032,0.010
-0.033,0.010
-0.032,0.009
-0.032,0.007
-0.033,0.007
-0.030,0.006
-0.029,0.005
-0.030,0.005
-0.028,0.006
-0.028,0.006
-0.028,0.004
-0.027,0.004
-0.027,0.004
-0.028,0.002
-0.027,0.004
-0.027,0.004
-0.028,0.004
-0.027,0.005
-0.027,0.004
-0.026,0.005
-0.024,0.004
-0.025,0.004
-0.024,0.003
-0.022,0.004
-0.022,0.005
-0.022,0.004
-0.021,0.004
-0.021,0.003
-0.022,0.002
-0.020,0.001
-0.021,0.001
-0.020,-0.000
-0.018,0.001
-0.018,0.001
-0.018,0.001
-0.015,0.002
-0.015,0.002
-0.015,0.002
-0.013,0.002
-0.014,0.003
-0.015,0.003
-0.013,0.001
-0.013,0.003
-0.015,0.002
-0.012,0.002
-0.013,0.000
-0.014,-0.001
-0.011,-0.002
-0.012,-0.003
-0.011,-0.002
-0.009,-0.003
-0.009,-0.003
-0.008,-0.003
-0.007,-0.003
-0.008,-0.003
-0.008,-0.004
-0.005,-0.004
-0.007,-0.004
-0.006,-0.005
-0.003,-0.006
-0.004,-0.005
-0.003,-0.006
-0.002,-0.005
-0.003,-0.005
-0.002,-0.006
-0.001,-0.005
-0.003,-0.005
-0.001,-0.006
0.000,-0.006
-0.002,-0.005
-0.000,-0.006
0.001,-0.004
-0.001,-0.003
0.001,-0.004
0.001,-0.002
0.001,-0.002
0.002,-0.002
0.001,-0.002
0.001,-0.003
0.003,-0.003
0.002,-0.004
0.002,-0.007
0.003,-0.007
0.002,-0.006
0.003,-0.008
0.003,-0.006
0.004,-0.005
0.004,-0.006
0.006,-0.005
0.004,-0.004
0.004,-0.006
0.006,-0.005
0.004,-0.004
0.005,-0.006
0.004,-0.006
0.004,-0.007
0.004,-0.009
0.004,-0.008
0.005,-0.008
0.006,-0.007
0.007,-0.006
0.007,-0.006
0.008,-0.007
0.008,-0.008
0.009,-0.008
0.008,-0.008
0.008,-0.006
0.008,-0.008
0.008,-0.007
0.008,-0.007
0.008,-0.008
0.009,-0.008
0.010,-0.008
0.010,-0.010
0.011,-0.011
0.012,-0.009
0.011,-0.011
0.012,-0.012
0.012,-0.011
0.012,-0.011
0.012,-0.011
0.012,-0.010
0.012,-0.010
0.012,-0.011
0.012,-0.009
0.013,-0.011
0.014,-0.011
0.013,-0.011
0.014,-0.013
0.015,-0.012
0.014,-0.012
0.016,-0.014
0.017,-0.013
0.013,-0.012
0.016,-0.013
0.015,-0.011
0.015,-0.011
0.017,-0.011
0.018,-0.010
0.017,-0.010
0.019,-0.012
0.019,-0.010
0.019,-0.011
0.020,-0.011
0.020,-0.010
0.020,-0.010
0.021,-0.011
0.019,-0.011
0.019,-0.012
0.019,-0.012
0.019,-0.013
0.018,-0.013
0.019,-0.014
0.019,-0.014
0.020,-0.014
0.022,-0.014
0.021,-0.014
0.023,-0.013
0.022,-0.012
0.023,-0.013
0.023,-0.012
0.023,-0.011
0.024,-0.012
0.024,-0.012
0.024,-0.011
0.023,-0.011
0.024,-0.011
0.024,-0.012
0.024,-0.012
0.025,-0.012
0.025,-0.011
0.024,-0.012
0.023,-0.011
0.024,-0.010
0.024,-0.011
0.024,-0.011
0.025,-0.012
0.025,-0.013
0.026,-0.013
0.025,-0.013
0.026,-0.013
0.026,-0.013
0.026,-0.013
0.026,-0.014
0.026,-0.012
0.026,-0.014
0.026,-0.015
0.025,-0.014
0.026,-0.015
0.026,-0.016
0.026,-0.015
0.025,-0.016
0.026,-0.016
0.026,-0.014
0.026,-0.015
0.026,-0.015
0.027,-0.014
0.028,-0.015
0.029,-0.014
0.028,-0.014
0.029,-0.014
0.030,-0.015
0.030,-0.015
0.031,-0.017
0.031,-0.017
0.031,-0.016
0.032,-0.018
0.033,-0.016
0.033,-0.016
0.035,-0.017
0.034,-0.016
0.035,-0.017
0.036,-0.017
0.035,-0.015
0.035,-0.014
0.036,-0.013
0.036,-0.010
0.037,-0.010
0.039,-0.011
0.038,-0.009
0.041,-0.010
0.043,-0.011
0.041,-0.010
0.043,-0.011
0.045,-0.011
0.043,-0.009
0.045,-0.011
0.045,-0.011
0.043,-0.011
0.045,-0.013
0.046,-0.012
0.044,-0.011
0.046,-0.012
0.047,-0.011
0.044,-0.008
0.045,-0.009
0.046,-0.007
0.044,-0.006
0.044,-0.007
0.045,-0.007
0.043,-0.007
0.045,-0.008
0.045,-0.009
0.043,-0.007
0.045,-0.008
0.044,-0.007
0.042,-0.005
0.044,-0.005
0.045,-0.004
0.045,-0.004
0.045,-0.005
0.046,-0.005
0.046,-0.005
0.048,-0.007
0.047,-0.007
0.046,-0.007
0.049,-0.007
0.047,-0.006
0.045,-0.005
0.046,-0.004
0.046,-0.003
0.044,-0.003
0.046,-0.003
0.045,-0.003
0.045,-0.002
0.047,-0.005
0.046,-0.004
0.046,-0.003
0.049,-0.005
0.047,-0.004
0.047,-0.005
0.049,-0.005
0.048,-0.006
0.047,-0.007
0.048,-0.009
0.047,-0.010
0.047,-0.011
0.049,-0.012
0.047,-0.011
0.047,-0.011
0.049,-0.010
0.047,-0.009
0.048,-0.010
0.049,-0.009
0.047,-0.009
0.049,-0.010
0.050,-0.011
0.048,-0.012
0.051,-0.014
0.052,-0.013
0.050,-0.014
0.053,-0.012
0.054,-0.010
0.052,-0.010
0.054,-0.011
0.055,-0.012
0.054,-0.013
0.056,-0.014
0.057,-0.014
0.056,-0.014
0.058,-0.014
0.058,-0.015
0.056,-0.014
0.058,-0.013
0.058,-0.013
0.057,-0.013
0.058,-0.012
0.058,-0.012
0.058,-0.014
0.058,-0.013
0.059,-0.013
0.059,-0.014
0.060,-0.013
0.060,-0.012
0.059,-0.012
0.062,-0.011
0.060,-0.010
0.061,-0.009
0.061,-0.008
0.061,-0.008
0.061,-0.007
0.062,-0.005
0.062,-0.006
0.061,-0.005
0.062,-0.005
0.063,-0.006
0.062,-0.007
0.064,-0.008
0.065,-0.008
0.065,-0.007
0.066,-0.006
0.067,-0.005
0.067,-0.003
0.068,-0.003
0.068,-0.003
0.068,-0.001
0.069,-0.002
0.069,-0.002
0.069,-0.002
0.071,-0.003
0.070,-0.003
0.070,-0.003
0.072,-0.002
0.073,-0.002
0.072,-0.000
0.075,-0.001
0.074,-0.000
0.075,-0.001
0.077,-0.002
0.077,-0.001
0.076,-0.002
0.080,-0.003
0.078,-0.004
0.078,-0.005
0.081,-0.005
0.080,-0.006
0.079,-0.005
0.081,-0.005
0.082,-0.003
0.082,-0.004
0.086,-0.005
0.083,-0.004
0.083,-0.003
0.087,-0.004
0.085,-0.005
0.085,-0.005
0.089,-0.006
0.089,-0.007
0.089,-0.007
0.091,-0.009
0.090,-0.007
0.092,-0.008
0.095,-0.009
0.093,-0.007
0.095,-0.005
0.097,-0.005
0.097,-0.003
0.097,-0.003
0.100,-0.003
0.099,-0.002
0.099,-0.003
0.101,-0.003
0.099,-0.005
0.100,-0.007
0.104,-0.009
0.101,-0.009
0.102,-0.011
0.104,-0.009
0.102,-0.009
0.105,-0.011
0.107,-0.011
0.105,-0.012
0.107,-0.012
0.106,-0.011
0.105,-0.010
0.108,-0.011
0.108,-0.010
0.107,-0.010
0.110,-0.011
0.108,-0.009
0.107,-0.011
0.110,-0.009
0.108,-0.009
0.108,-0.009
0.109,-0.007
0.106,-0.005
0.106,-0.005
0.108,-0.004
0.105,-0.002
0.106,-0.004
0.108,-0.002
0.106,-0.003
0.106,-0.005
0.108,-0.004
0.108,-0.006
0.108,-0.007
0.110,-0.006
0.107,-0.006
0.108,-0.007
0.109,-0.005
0.106,-0.007
0.107,-0.007
0.108,-0.006
0.106,-0.007
0.106,-0.007
0.106,-0.009
0.106,-0.009
0.107,-0.008
0.107,-0.007
0.105,-0.005
0.105,-0.005
0.107,-0.002
0.105,-0.003
0.105,-0.003
0.106,-0.003
0.106,-0.003
0.104,-0.003
0.105,-0.004
0.105,-0.004
0.105,-0.004
0.106,-0.003
0.104,-0.004
0.103,-0.002
0.104,-0.001
0.102,-0.002
0.102,-0.001
0.104,0.000
0.102,0.000
0.101,0.000
0.101,0.001
0.101,-0.000
0.100,-0.001
0.102,-0.000
0.101,0.000
0.101,-0.000
0.101,0.000
0.099,0.001
0.101,0.000
0.100,0.001
0.100,0.000
0.100,0.001
0.101,0.001
0.101,0.000
0.100,-0.000
0.101,-0.000
0.101,-0.000
0.101,0.001
0.099,0.004
0.099,0.002
0.099,0.005
0.099,0.007
0.099,0.006
0.098,0.008
0.099,0.008
0.099,0.008
0.099,0.008
0.099,0.006
0.099,0.005
0.100,0.005
0.099,0.004
0.099,0.003
0.100,0.003
0.102,0.003
0.101,0.006
0.102,0.006
0.102,0.008
0.103,0.010
0.102,0.009
0.104,0.010
0.104,0.008
0.103,0.007
0.105,0.007
0.104,0.005
0.105,0.003
0.106,0.002
0.107,0.000
0.108,0.001
0.109,0.002
0.109,0.002
0.109,0.003
0.111,0.005
0.110,0.005
0.111,0.006
0.111,0.008
0.111,0.008
0.112,0.008
0.111,0.008
0.113,0.006
0.113,0.004
0.113,0.005
0.114,0.005
0.115,0.006
0.115,0.009
0.116,0.009
0.117,0.011
0.117,0.013
0.118,0.013
0.119,0.014
0.119,0.015
0.121,0.015
0.120,0.017
0.121,0.016
0.122,0.015
0.122,0.017
0.122,0.016
0.122,0.015
0.120,0.016
0.121,0.015
0.123,0.014
0.121,0.015
0.122,0.014
0.123,0.014
0.121,0.015
0.122,0.012
0.122,0.012
0.121,0.012
0.122,0.011
0.122,0.010
0.121,0.009
0.122,0.009
0.123,0.007
0.121,0.008
0.121,0.007
0.122,0.007
0.120,0.008
0.121,0.008
0.122,0.009
0.121,0.010
0.122,0.010
0.122,0.011
0.119,0.011
0.121,0.010
0.120,0.010
0.119,0.011
0.120,0.010
0.119,0.010
0.118,0.011
0.120,0.011
0.119,0.012
0.118,0.012
0.120,0.011
0.118,0.013
0.117,0.014
0.119,0.012
0.118,0.012
0.117,0.011
0.119,0.009
0.118,0.009
0.118,0.008
0.120,0.008
0.117,0.008
0.118,0.007
0.119,0.008
0.117,0.010
0.118,0.011
0.119,0.013
0.117,0.013
0.117,0.012
0.119,0.013
0.116,0.013
0.116,0.013
0.118,0.015
0.115,0.017
0.117,0.016
0.117,0.017
0.115,0.017
0.117,0.015
0.118,0.017
0.116,0.017
0.118,0.017
0.119,0.018
0.115,0.019
0.118,0.018
0.119,0.019
0.117,0.019
0.118,0.018
0.119,0.020
0.117,0.021
0.119,0.021
0.119,0.021
0.116,0.020
0.119,0.019
0.118,0.018
0.115,0.017
0.116,0.017
0.116,0.017
0.115,0.016
0.115,0.018
0.115,0.018
0.115,0.018
0.116,0.020
0.116,0.019
0.115,0.019
0.116,0.021
0.115,0.020
0.114,0.019
0.115,0.020
0.115,0.020
0.114,0.018
0.115,0.021
0.115,0.021
0.114,0.021
0.115,0.023
0.115,0.024
0.115,0.025
0.116,0.026
0.117,0.024
0.117,0.024
0.118,0.024
0.118,0.024
0.117,0.025
0.119,0.026
0.118,0.025
0.118,0.027
0.118,0.028
0.119,0.029
0.119,0.031
0.119,0.031
0.120,0.032
0.119,0.032
0.120,0.030
0.121,0.028
0.120,0.029
0.122,0.027
0.121,0.027
0.120,0.029
0.121,0.028
0.123,0.028
0.122,0.029
0.125,0.029
0.125,0.030
0.124,0.031
0.126,0.031
0.126,0.032
0.126,0.033
0.128,0.035
0.128,0.037
0.128,0.036
0.131,0.036
0.130,0.035
0.130,0.035
0.134,0.033
0.132,0.033
0.133,0.033
0.136,0.033
0.135,0.036
0.135,0.037
0.137,0.038
0.136,0.039
0.136,0.039
0.137,0.039
0.136,0.041
0.136,0.039
0.138,0.038
0.137,0.039
0.138,0.037
0.140,0.037
0.139,0.037
0.139,0.036
0.141,0.036
0.139,0.036
0.140,0.036
0.141,0.036
0.140,0.038
0.140,0.037
0.142,0.037
0.140,0.038
0.140,0.037
0.141,0.037
0.139,0.036
0.139,0.035
0.141,0.034
0.139,0.034
0.140,0.033
0.140,0.033
0.138,0.034
0.138,0.035
0.140,0.035
0.137,0.036
0.137,0.036
0.139,0.036
0.136,0.036
0.137,0.035
0.137,0.035
0.135,0.034
0.134,0.031
0.134,0.031
0.132,0.030
0.133,0.031
0.134,0.031
0.132,0.031
0.133,0.031
0.133,0.032
0.130,0.031
0.130,0.032
0.128,0.033
0.126,0.034
0.127,0.035
0.126,0.036
0.125,0.037
0.127,0.037
0.127,0.037
0.125,0.037
0.127,0.036
0.125,0.037
0.123,0.036
0.123,0.036
0.123,0.036
0.120,0.036
0.121,0.037
0.120,0.037
0.119,0.037
0.120,0.038
0.118,0.039
0.117,0.039
0.119,0.042
0.117,0.043
0.116,0.043
0.117,0.045
0.115,0.045
0.115,0.044
0.116,0.046
0.114,0.048
0.114,0.047
0.115,0.049
0.113,0.049
0.113,0.048
0.114,0.049
0.112,0.047
0.111,0.044
0.112,0.045
0.109,0.044
0.110,0.043
0.111,0.045
0.109,0.045
0.110,0.045
0.111,0.049
0.110,0.049
0.110,0.051
0.112,0.054
0.110,0.055
0.111,0.057
0.111,0.057
0.110,0.056
0.111,0.054
0.111,0.052
0.110,0.050
0.110,0.050
0.110,0.049
0.110,0.048
0.109,0.049
0.110,0.049
0.110,0.049
0.110,0.051
0.112,0.051
0.111,0.052
0.112,0.052
0.113,0.052
0.112,0.050
0.112,0.052
0.115,0.052
0.115,0.054
0.115,0.055
0.117,0.055
0.117,0.057
0.117,0.057
0.119,0.057
0.118,0.056
0.117,0.056
0.119,0.054
0.117,0.054
0.118,0.054
0.120,0.053
0.119,0.054
0.119,0.052
0.121,0.051
0.120,0.051
0.119,0.051
0.121,0.051
0.119,0.052
0.120,0.053
0.121,0.054
0.119,0.058
0.119,0.059
0.120,0.061
0.119,0.062
0.118,0.062
0.120,0.061
0.119,0.060
0.120,0.059
0.119,0.058
0.119,0.058
0.119,0.057
0.118,0.056
0.117,0.054
0.118,0.053
0.117,0.053
0.115,0.052
0.116,0.051
0.114,0.052
0.114,0.052
0.114,0.052
0.113,0.054
0.112,0.055
0.113,0.056
0.112,0.058
0.111,0.059
0.113,0.061
0.113,0.060
0.111,0.060
0.112,0.061
0.112,0.060
0.110,0.061
0.111,0.060
0.111,0.062
0.110,0.060
0.109,0.060
0.108,0.060
0.106,0.060
0.107,0.060
0.105,0.060
0.104,0.060
0.104,0.060
0.103,0.060
0.103,0.059
0.103,0.059
0.103,0.059
0.103,0.058
0.104,0.060
0.102,0.059
0.103,0.059
0.104,0.061
0.102,0.062
0.101,0.061
0.102,0.062
0.100,0.062
0.101,0.060
0.101,0.061
0.100,0.061
0.100,0.061
0.099,0.063
0.097,0.064
0.097,0.064
0.097,0.066
0.096,0.067
0.097,0.068
0.098,0.071
0.097,0.070
0.097,0.070
0.096,0.071
0.095,0.070
0.096,0.071
0.095,0.071
0.094,0.069
0.095,0.070
0.092,0.071
0.093,0.069
0.092,0.069
0.090,0.070
0.091,0.067
0.092,0.067
0.090,0.068
0.092,0.067
0.091,0.069
0.089,0.069
0.090,0.068
0.089,0.070
0.088,0.071
0.088,0.070
0.088,0.072
0.087,0.073
0.087,0.073
0.086,0.075
0.085,0.075
0.085,0.076
0.084,0.075
0.083,0.075
0.084,0.075
0.083,0.074
0.083,0.072
0.084,0.071
0.083,0.071
0.084,0.071
0.084,0.071
0.083,0.072
0.083,0.073
0.083,0.073
0.082,0.073
0.082,0.073
0.081,0.072
0.081,0.072
0.080,0.071
0.081,0.070
0.080,0.069
0.081,0.069
0.081,0.070
0.081,0.071
0.081,0.072
0.081,0.071
0.080,0.072
0.081,0.073
0.081,0.073
0.080,0.073
0.081,0.072
0.081,0.072
0.079,0.071
0.080,0.071
0.079,0.071
0.077,0.072
0.078,0.073
0.078,0.073
0.076,0.073
0.078,0.072
0.079,0.073
0.077,0.072
0.079,0.071
0.080,0.071
0.079,0.071
0.079,0.069
0.079,0.068
0.079,0.068
0.079,0.068
0.078,0.067
0.077,0.067
0.077,0.067
0.076,0.067
0.075,0.067
0.075,0.069
0.075,0.069
0.074,0.070
0.075,0.071
0.075,0.070
0.076,0.071
0.075,0.072
0.076,0.071
0.075,0.072
0.075,0.072
0.075,0.071
0.074,0.072
0.075,0.071
0.075,0.070
0.073,0.071
0.073,0.071
0.073,0.071
0.070,0.071
0.071,0.070
0.071,0.068
0.070,0.070
0.071,0.068
0.071,0.069
0.070,0.071
0.072,0.070
0.072,0.071
0.069,0.072
0.071,0.072
0.071,0.072
0.069,0.074
0.070,0.073
0.068,0.073
0.066,0.074
0.068,0.073
0.067,0.074
0.067,0.074
0.070,0.074
0.068,0.074
0.067,0.074
0.070,0.073
0.068,0.073
0.068,0.071
0.070,0.070
0.068,0.070
0.067,0.068
0.069,0.068
0.066,0.071
0.066,0.069
0.069,0.070
0.065,0.072
0.066,0.071
0.068,0.071
0.065,0.072
0.065,0.071
0.067,0.071
0.065,0.071
0.065,0.071
0.067,0.071
0.064,0.071
0.064,0.071
0.065,0.073
0.062,0.074
0.062,0.074
0.063,0.074
0.062,0.074
0.062,0.073
0.063,0.073
0.062,0.073
0.063,0.074
0.063,0.072
0.062,0.073
0.063,0.073
0.062,0.072
0.061,0.071
0.062,0.070
0.062,0.070
0.061,0.071
0.062,0.071
0.061,0.072
0.060,0.071
0.061,0.071
0.060,0.071
0.058,0.070
0.060,0.070
0.058,0.070
0.057,0.070
0.059,0.070
0.059,0.072
0.057,0.071
0.060,0.074
0.059,0.074
0.057,0.074
0.058,0.073
0.056,0.073
0.055,0.071
0.056,0.070
0.055,0.069
0.053,0.069
0.055,0.070
0.054,0.070
0.053,0.070
0.053,0.071
0.053,0.071
0.053,0.070
0.053,0.070
0.053,0.069
0.052,0.068
0.054,0.068
0.053,0.066
0.051,0.065
0.052,0.066
0.050,0.067
0.050,0.066
0.050,0.068
0.049,0.068
0.049,0.068
0.049,0.069
0.048,0.069
0.049,0.068
0.051,0.069
0.049,0.068
0.050,0.068
0.051,0.068
0.049,0.068
0.049,0.069
0.049,0.069
0.049,0.070
0.048,0.069
0.049,0.069
0.047,0.069
0.048,0.069
0.049,0.069
0.048,0.069
0.048,0.070
0.049,0.070
0.049,0.071
0.049,0.072
0.050,0.072
0.049,0.072
0.048,0.073
0.050,0.071
0.047,0.071
0.047,0.071
0.048,0.069
0.047,0.068
0.046,0.067
0.049,0.067
0.049,0.067
0.048,0.068
0.050,0.067
0.049,0.069
0.049,0.068
0.050,0.067
0.049,0.068
0.049,0.068
0.050,0.067
0.049,0.066
0.049,0.066
0.051,0.065
0.049,0.066
0.049,0.065
0.050,0.065
0.049,0.066
0.048,0.064
0.050,0.065
0.048,0.066
0.047,0.066
0.049,0.066
0.045,0.066
0.045,0.066
0.045,0.067
0.042,0.068
0.042,0.067
0.042,0.068
0.040,0.069
0.041,0.068
0.041,0.068
0.039,0.067
0.041,0.065
0.042,0.065
0.038,0.064
0.039,0.063
0.038,0.063
0.037,0.062
0.040,0.063
0.038,0.064
0.037,0.064
0.040,0.066
0.038,0.067
0.036,0.066
0.039,0.067
0.036,0.068
0.036,0.067
0.038,0.069
0.037,0.070
0.037,0.068
0.039,0.067
0.037,0.067
0.036,0.065
0.038,0.067
0.035,0.067
0.035,0.065
0.036,0.066
0.033,0.067
0.033,0.064
0.034,0.065
0.032,0.065
0.032,0.064
0.035,0.065
0.032,0.064
0.033,0.064
0.035,0.065
0.032,0.066
0.033,0.066
0.035,0.067
0.034,0.067
0.033,0.066
0.034,0.067
0.032,0.066
0.031,0.066
0.032,0.067
0.029,0.067
0.029,0.067
0.030,0.067
0.028,0.065
0.028,0.064
0.029,0.064
0.027,0.064
0.026,0.064
0.026,0.065
0.023,0.066
0.024,0.067
0.023,0.066
0.022,0.064
0.021,0.063
0.020,0.063
0.019,0.062
0.018,0.062
0.019,0.062
0.017,0.060
0.017,0.060
0.016,0.060
0.015,0.061
0.015,0.062
0.016,0.062
0.015,0.060
0.015,0.059
0.015,0.059
0.012,0.057
0.012,0.056
0.012,0.057
0.010,0.057
0.010,0.057
0.010,0.057
0.006,0.056
0.006,0.056
0.007,0.056
0.004,0.055
0.005,0.057
0.004,0.057
0.002,0.058
0.003,0.060
0.002,0.060
0.000,0.060
0.001,0.060
0.001,0.060
-0.002,0.058
-0.002,0.058
-0.004,0.057
-0.004,0.054
-0.004,0.056
-0.006,0.055
-0.006,0.055
-0.007,0.057
-0.007,0.058
-0.008,0.056
-0.008,0.058
-0.008,0.058
-0.009,0.058
-0.010,0.060
-0.012,0.058
-0.011,0.058
-0.011,0.058
-0.012,0.057
-0.013,0.054
-0.012,0.056
-0.011,0.056
-0.011,0.054
-0.009,0.053
-0.010,0.051
-0.010,0.052
-0.010,0.052
-0.011,0.052
-0.012,0.053
-0.012,0.054
-0.011,0.055
-0.012,0.055
-0.013,0.054
-0.013,0.054
-0.014,0.054
-0.013,0.053
-0.013,0.053
-0.015,0.053
-0.015,0.052
-0.013,0.051
-0.015,0.050
-0.014,0.050
-0.013,0.050
-0.014,0.050
-0.012,0.049
-0.013,0.048
-0.014,0.047
-0.011,0.046
-0.011,0.047
-0.012,0.047
-0.013,0.047
-0.013,0.047
-0.013,0.047
-0.012,0.044
-0.012,0.046
-0.011,0.046
-0.009,0.046
-0.010,0.049
-0.011,0.046
-0.008,0.047
-0.009,0.048
-0.009,0.046
-0.009,0.047
-0.010,0.050
-0.008,0.050
-0.006,0.051
-0.007,0.052
-0.006,0.050
-0.005,0.053
-0.006,0.052
-0.004,0.049
-0.002,0.049
-0.003,0.049
-0.002,0.047
-0.002,0.048
-0.005,0.047
-0.003,0.047
-0.003,0.049
-0.004,0.049
-0.003,0.048
-0.004,0.051
-0.005,0.050
-0.004,0.049
-0.005,0.051
-0.006,0.049
-0.003,0.049
-0.004,0.051
-0.003,0.050
-0.003,0.049
-0.005,0.051
-0.003,0.049
-0.002,0.050
-0.005,0.051
-0.005,0.048
-0.004,0.049
-0.005,0.051
-0.004,0.046
-0.004,0.046
-0.005,0.047
-0.004,0.045
-0.006,0.045
-0.008,0.044
-0.006,0.042
-0.006,0.043
-0.008,0.043
-0.009,0.042
-0.009,0.043
-0.010,0.044
-0.010,0.042
-0.011,0.041
-0.012,0.042
-0.011,0.040
-0.014,0.041
-0.013,0.040
-0.013,0.039
-0.014,0.038
-0.014,0.038
-0.014,0.037
-0.016,0.037
-0.016,0.038
-0.016,0.038
-0.018,0.039
-0.017,0.041
-0.017,0.042
-0.018,0.042
-0.018,0.041
-0.017,0.042
-0.018,0.040
-0.018,0.040
-0.017,0.038
-0.019,0.037
-0.019,0.036
-0.020,0.034
-0.021,0.035
-0.021,0.036
-0.021,0.036
-0.022,0.037
-0.022,0.039
-0.022,0.039
-0.023,0.039
-0.022,0.040
-0.023,0.040
-0.023,0.041
-0.023,0.040
-0.024,0.041
-0.024,0.040
-0.024,0.040
-0.024,0.038
-0.027,0.037
-0.025,0.036
-0.026,0.035
-0.027,0.034
-0.026,0.034
-0.026,0.035
-0.026,0.036
-0.024,0.038
-0.023,0.040
-0.025,0.043
-0.023,0.043
-0.023,0.044
-0.025,0.045
-0.024,0.044
-0.025,0.044
-0.026,0.042
-0.025,0.040
-0.025,0.039
-0.026,0.038
-0.026,0.037
-0.025,0.036
-0.026,0.036
-0.025,0.037
-0.025,0.035
-0.025,0.036
-0.024,0.036
-0.024,0.035
-0.025,0.036
-0.024,0.037
-0.023,0.037
-0.024,0.037
-0.023,0.037
-0.023,0.035
-0.022,0.036
-0.021,0.034
-0.021,0.033
-0.021,0.034
-0.021,0.035
-0.021,0.035
-0.023,0.036
-0.021,0.036
-0.021,0.035
-0.023,0.036
-0.021,0.034
-0.020,0.033
-0.022,0.032
-0.020,0.030
-0.019,0.030
-0.021,0.031
-0.019,0.031
-0.019,0.032
-0.020,0.035
-0.018,0.033
-0.018,0.033
-0.020,0.034
-0.018,0.032
-0.018,0.033
-0.020,0.032
-0.018,0.031
-0.020,0.031
-0.020,0.030
-0.017,0.029
-0.021,0.028
-0.021,0.028
-0.018,0.028
-0.020,0.028
-0.020,0.027
-0.017,0.027
-0.019,0.029
-0.020,0.028
-0.016,0.030
-0.019,0.031
-0.018,0.030
-0.016,0.030
-0.019,0.030
-0.019,0.029
-0.017,0.029
-0.020,0.030
-0.020,0.030
-0.017,0.031
-0.020,0.032
-0.019,0.031
-0.017,0.031
-0.019,0.031
-0.017,0.029
-0.016,0.027
-0.018,0.026
-0.018,0.024
-0.016,0.025
-0.018,0.023
-0.017,0.022
-0.016,0.022
-0.018,0.023
-0.016,0.024
-0.016,0.024
-0.018,0.024
-0.017,0.024
-0.018,0.023
-0.019,0.023
-0.019,0.023
-0.019,0.022
-0.020,0.020
-0.019,0.020
-0.018,0.019
-0.019,0.019
-0.019,0.018
-0.019,0.020
-0.021,0.019
-0.021,0.019
-0.022,0.019
-0.023,0.019
-0.022,0.020
-0.022,0.019
-0.023,0.019
-0.022,0.018
-0.023,0.017
-0.023,0.016
-0.023,0.015
-0.024,0.014
-0.025,0.013
-0.024,0.013
-0.025,0.011
-0.026,0.010
-0.025,0.010
-0.026,0.010
-0.028,0.010
-0.027,0.010
-0.029,0.009
-0.029,0.007
-0.029,0.008
-0.032,0.007
-0.033,0.007
-0.032,0.009
-0.035,0.010
-0.034,0.012
-0.035,0.014
-0.036,0.015
-0.037,0.014
-0.036,0.016
-0.037,0.016
-0.038,0.013
-0.037,0.014
-0.039,0.013
-0.039,0.012
-0.039,0.012
-0.040,0.011
-0.041,0.010
-0.041,0.010
-0.042,0.009
-0.043,0.009
-0.042,0.010
-0.043,0.009
-0.044,0.011
-0.044,0.011
-0.044,0.012
-0.044,0.012
-0.043,0.012
-0.043,0.011
-0.044,0.010
-0.042,0.009
-0.043,0.008
-0.044,0.008
-0.042,0.009
-0.043,0.009
-0.043,0.009
-0.041,0.010
-0.042,0.010
-0.042,0.010
-0.041,0.010
-0.042,0.011
-0.042,0.011
-0.040,0.012
-0.041,0.013
-0.041,0.011
-0.038,0.013
-0.039,0.016
-0.038,0.015
-0.037,0.015
-0.038,0.016
-0.038,0.016
-0.036,0.017
-0.037,0.019
-0.035,0.020
-0.032,0.020
-0.035,0.021
-0.032,0.018
-0.030,0.018
-0.032,0.017
-0.031,0.015
-0.029,0.017
-0.029,0.017
-0.028,0.018
-0.027,0.018
-0.028,0.017
-0.027,0.016
-0.026,0.016
-0.027,0.013
-0.026,0.012
-0.025,0.013
-0.026,0.010
-0.024,0.011
-0.024,0.010
-0.024,0.009
-0.022,0.008
-0.022,0.009
-0.022,0.009
-0.021,0.009
-0.020,0.010
-0.021,0.008
-0.020,0.007
-0.019,0.008
-0.018,0.007
-0.017,0.007
-0.016,0.008
-0.016,0.009
-0.015,0.010
-0.015,0.011
-0.016,0.010
-0.015,0.011
-0.014,0.011
-0.015,0.009
-0.013,0.010
-0.013,0.009
-0.013,0.008
-0.013,0.008
-0.013,0.008
-0.013,0.007
-0.013,0.006
-0.013,0.005
-0.012,0.003
-0.011,0.002
-0.011,0.002
-0.011,0.002
-0.010,0.005
-0.011,0.006
-0.011,0.004
-0.011,0.005
-0.011,0.004
-0.011,0.002
-0.010,0.003
-0.010,0.003
-0.009,0.003
-0.010,0.003
-0.013,0.004
-0.012,0.003
-0.013,0.003
-0.014,0.004
-0.013,0.002
-0.013,0.003
-0.013,0.003
-0.012,0.002
-0.012,0.003
-0.013,0.003
-0.012,0.004
-0.013,0.006
-0.014,0.006
-0.014,0.007
-0.015,0.009
-0.014,0.009
-0.015,0.008
-0.017,0.009
-0.016,0.007
-0.016,0.005
-0.018,0.004
-0.019,0.001
-0.018,-0.000
-0.021,0.000
-0.021,-0.002
-0.022,-0.001
-0.024,0.001
-0.024,-0.001
-0.024,-0.001
-0.026,-0.002
-0.027,-0.003
-0.026,-0.004
-0.028,-0.004
-0.028,-0.006
-0.028,-0.006
-0.029,-0.005
-0.028,-0.006
-0.028,-0.005
-0.030,-0.005
-0.029,-0.007
-0.030,-0.006
-0.032,-0.005
-0.031,-0.006
-0.032,-0.004
-0.033,-0.003
-0.033,-0.004
-0.034,-0.003
-0.034,-0.001
-0.034,-0.002
-0.034,-0.001
-0.034,0.000
-0.033,0.001
-0.033,0.001
-0.034,0.000
-0.033,-0.000
-0.033,-0.002
-0.032,-0.003
-0.032,-0.003
-0.031,-0.003
-0.030,-0.003
-0.031,-0.003
-0.031,-0.002
-0.030,-0.002
-0.031,-0.001
-0.033,-0.001
-0.031,-0.001
-0.032,0.000
-0.032,-0.001
-0.032,-0.002
-0.032,-0.002
-0.032,-0.002
-0.032,-0.002
-0.032,-0.002
-0.032,-0.002
-0.031,-0.002
-0.031,-0.003
-0.031,-0.003
-0.030,-0.002
-0.030,-0.003
-0.029,-0.003
-0.029,-0.003
-0.029,-0.004
-0.027,-0.003
-0.027,-0.002
-0.026,-0.002
-0.025,-0.001
-0.025,0.000
-0.025,0.000
-0.024,-0.001
-0.024,-0.002
-0.024,-0.004
-0.024,-0.005
-0.023,-0.006
-0.024,-0.008
-0.023,-0.008
-0.023,-0.008
-0.023,-0.007
-0.022,-0.007
-0.022,-0.007
-0.021,-0.009
-0.020,-0.009
-0.020,-0.009
-0.019,-0.010
-0.019,-0.010
-0.019,-0.008
-0.018,-0.008
-0.017,-0.008
-0.017,-0.008
-0.015,-0.009
-0.016,-0.008
-0.015,-0.009
-0.014,-0.010
-0.015,-0.010
-0.013,-0.012
-0.012,-0.013
-0.012,-0.014
-0.011,-0.016
-0.010,-0.015
-0.011,-0.014
-0.009,-0.014
-0.008,-0.013
-0.008,-0.011
-0.006,-0.011
-0.005,-0.012
-0.005,-0.010
-0.005,-0.009
-0.004,-0.010
-0.005,-0.008
-0.005,-0.010
-0.003,-0.010
-0.004,-0.009
-0.004,-0.010
-0.003,-0.010
-0.003,-0.008
-0.002,-0.009
-0.003,-0.008
-0.002,-0.008
-0.002,-0.009
0.001,-0.010
0.000,-0.010
0.001,-0.011
0.002,-0.011
0.002,-0.011
0.003,-0.012
0.002,-0.012
0.003,-0.013
0.003,-0.014
0.003,-0.015
0.003,-0.015
0.004,-0.015
0.005,-0.016
0.004,-0.015
0.006,-0.014
0.006,-0.014
0.005,-0.013
0.006,-0.016
0.006,-0.016
0.006,-0.017
0.006,-0.019
0.006,-0.019
0.005,-0.018
0.006,-0.019
0.006,-0.017
0.005,-0.017
0.005,-0.018
0.004,-0.017
0.005,-0.018
0.006,-0.019
0.006,-0.017
0.006,-0.017
0.008,-0.017
0.007,-0.016
0.006,-0.015
0.007,-0.015
0.006,-0.013
0.007,-0.015
0.008,-0.015
0.006,-0.014
0.009,-0.016
0.010,-0.016
0.008,-0.016
0.010,-0.018
0.011,-0.017
0.009,-0.017
0.011,-0.018
0.012,-0.018
0.010,-0.017
0.012,-0.019
0.012,-0.017
0.010,-0.016
0.011,-0.016
0.011,-0.015
0.009,-0.014
0.011,-0.014
0.011,-0.015
0.010,-0.014
0.012,-0.016
0.012,-0.015
0.012,-0.015
0.013,-0.015
0.013,-0.015
0.012,-0.015
0.013,-0.015
0.012,-0.015
0.012,-0.015
0.013,-0.015
0.013,-0.016
0.014,-0.017
0.015,-0.018
0.015,-0.018
0.015,-0.017
0.017,-0.017
0.016,-0.015
0.016,-0.015
0.017,-0.015
0.017,-0.016
0.018,-0.016
0.019,-0.018
0.018,-0.019
0.017,-0.018
0.019,-0.018
0.018,-0.018
0.016,-0.016
0.017,-0.016
0.019,-0.015
0.019,-0.014
0.020,-0.014
0.021,-0.014
0.020,-0.014
0.022,-0.014
0.022,-0.015
0.021,-0.013
0.022,-0.013
0.022,-0.014
0.021,-0.013
0.022,-0.015
0.022,-0.015
0.021,-0.014
0.022,-0.015
0.022,-0.015
0.022,-0.015
0.023,-0.016
0.023,-0.016
0.023,-0.015
0.024,-0.017
0.024,-0.017
0.023,-0.016
0.025,-0.017
0.026,-0.016
0.026,-0.015
0.028,-0.016
0.026,-0.014
0.026,-0.014
0.028,-0.015
0.026,-0.014
0.027,-0.014
0.029,-0.016
0.028,-0.015
0.029,-0.016
0.031,-0.016
0.029,-0.016
0.030,-0.016
0.032,-0.016
0.030,-0.015
0.032,-0.016
0.032,-0.017
0.030,-0.017
0.032,-0.019
0.032,-0.019
0.030,-0.018
0.031,-0.018
0.033,-0.018
0.031,-0.018
0.032,-0.018
0.034,-0.019
0.032,-0.018
0.034,-0.017
0.034,-0.016
0.033,-0.016
0.034,-0.017
0.036,-0.016
0.035,-0.016
0.037,-0.016
0.039,-0.015
0.037,-0.016
0.039,-0.016
0.040,-0.016
0.038,-0.017
0.040,-0.017
0.040,-0.016
0.038,-0.014
0.040,-0.012
0.040,-0.010
0.038,-0.009
0.041,-0.009
0.041,-0.009
0.039,-0.011
0.042,-0.013
0.042,-0.014
0.041,-0.016
0.043,-0.016
0.042,-0.016
0.040,-0.016
0.041,-0.016
0.041,-0.016
0.039,-0.015
0.041,-0.015
0.040,-0.013
0.040,-0.013
0.042,-0.012
0.040,-0.011
0.040,-0.013
0.042,-0.012
0.039,-0.014
0.040,-0.015
0.042,-0.013
0.040,-0.013
0.043,-0.013
0.044,-0.011
0.042,-0.010
0.043,-0.011
0.045,-0.009
0.043,-0.011
0.043,-0.013
0.044,-0.014
0.044,-0.015
0.045,-0.015
0.045,-0.014
0.044,-0.013
0.044,-0.012
0.045,-0.010
0.045,-0.011
0.043,-0.010
0.045,-0.009
0.044,-0.011
0.044,-0.011
0.045,-0.011
0.045,-0.011
0.045,-0.010
0.045,-0.011
0.045,-0.011
0.044,-0.010
0.045,-0.009
0.044,-0.009
0.045,-0.007
0.045,-0.007
0.045,-0.007
0.046,-0.006
0.047,-0.007
0.048,-0.008
0.048,-0.009
0.050,-0.010
0.049,-0.011
0.049,-0.011
0.049,-0.011
0.048,-0.008
0.049,-0.008
0.050,-0.008
0.048,-0.007
0.049,-0.009
0.050,-0.009
0.049,-0.009
0.049,-0.009
0.052,-0.009
0.050,-0.008
0.051,-0.008
0.052,-0.009
0.051,-0.009
0.051,-0.010
0.053,-0.009
0.052,-0.008
0.053,-0.007
0.056,-0.006
0.055,-0.005
0.057,-0.003
0.058,-0.002
0.057,-0.001
0.058,0.000
0.058,0.001
0.056,0.000
0.057,-0.001
0.058,-0.002
0.057,-0.005
0.059,-0.004
0.059,-0.004
0.058,-0.005
0.060,-0.004
0.060,-0.003
0.060,-0.003
0.061,-0.003
0.061,-0.001
0.060,-0.002
0.062,-0.000
0.061,0.000
0.060,0.000
0.062,0.000
0.062,0.001
0.062,-0.001
0.064,-0.001
0.065,-0.001
0.065,-0.004
0.065,-0.004
0.067,-0.004
0.067,-0.005
0.069,-0.006
0.068,-0.005
0.069,-0.007
0.070,-0.007
0.069,-0.007
0.070,-0.009
0.071,-0.008
0.071,-0.007
0.071,-0.008
0.072,-0.008
0.071,-0.007
0.071,-0.008
0.074,-0.008
0.073,-0.007
0.074,-0.007
0.076,-0.005
0.077,-0.005
0.077,-0.007
0.078,-0.006
0.078,-0.006
0.079,-0.007
0.080,-0.006
0.078,-0.006
0.080,-0.008
0.082,-0.006
0.081,-0.006
0.082,-0.007
0.084,-0.003
0.084,-0.003
0.085,-0.004
0.087,-0.003
0.086,-0.001
0.088,-0.003
0.089,-0.001
0.089,-0.003
0.092,-0.004
0.093,-0.002
0.094,-0.003
0.095,-0.004
0.095,-0.005
0.094,-0.006
0.098,-0.007
0.098,-0.007
0.098,-0.007
0.099,-0.008
0.099,-0.007
0.101,-0.009
0.102,-0.010
0.101,-0.010
0.102,-0.011
0.105,-0.011
0.104,-0.010
0.104,-0.012
0.105,-0.010
0.104,-0.009
0.106,-0.009
0.104,-0.008
0.104,-0.007
0.105,-0.008
0.107,-0.006
0.105,-0.006
0.104,-0.008
0.106,-0.006
0.105,-0.006
0.105,-0.009
0.104,-0.008
0.105,-0.008
0.107,-0.008
0.106,-0.007
0.106,-0.006
0.107,-0.006
0.109,-0.004
0.107,-0.006
0.108,-0.007
0.107,-0.005
0.108,-0.006
0.108,-0.006
0.108,-0.006
0.108,-0.007
0.107,-0.006
0.107,-0.005
0.106,-0.005
0.106,-0.005
0.104,-0.003
0.106,-0.003
0.105,-0.004
0.103,-0.005
0.104,-0.005
0.102,-0.005
0.102,-0.007
0.104,-0.008
0.103,-0.007
0.102,-0.006
0.103,-0.005
0.102,-0.005
0.101,-0.006
0.101,-0.006
0.100,-0.006
0.100,-0.006
0.098,-0.006
0.097,-0.005
0.097,-0.004
0.098,-0.003
0.098,-0.003
0.098,-0.003
0.099,-0.001
0.099,-0.002
0.099,-0.003
0.099,-0.003
0.100,-0.003
0.100,-0.003
0.099,-0.003
0.097,-0.003
0.097,-0.003
0.098,-0.003
0.098,-0.005
0.097,-0.005
0.097,-0.004
0.097,-0.004
0.097,-0.002
0.097,-0.003
0.096,-0.002
0.097,0.000
0.098,0.000
0.097,-0.001
0.096,-0.000
0.097,0.000
0.099,0.002
0.098,0.004
0.099,0.004
0.099,0.006
0.099,0.008
0.100,0.008
0.100,0.008
0.099,0.008
0.100,0.008
0.101,0.007
0.100,0.008
0.101,0.007
0.103,0.008
0.104,0.010
0.105,0.009
0.105,0.009
0.104,0.010
0.105,0.009
0.106,0.007
0.104,0.009
0.104,0.008
0.106,0.008
0.105,0.010
0.106,0.010
0.107,0.009
0.107,0.010
0.108,0.009
0.109,0.007
0.109,0.009
0.109,0.009
0.111,0.008
0.110,0.010
0.110,0.008
0.112,0.008
0.111,0.008
0.111,0.008
0.112,0.007
0.111,0.008
0.112,0.007
0.113,0.007
0.113,0.007
0.114,0.006
0.114,0.006
0.114,0.008
0.114,0.009
0.115,0.010
0.114,0.011
0.116,0.011
0.116,0.011
0.115,0.011
0.117,0.010
0.118,0.011
0.118,0.010
0.120,0.010
0.120,0.010
0.120,0.010
0.123,0.008
0.122,0.007
0.122,0.008
0.123,0.007
0.122,0.009
0.121,0.009
0.121,0.010
0.120,0.011
0.120,0.011
0.120,0.011
0.118,0.010
0.120,0.009
0.121,0.008
0.118,0.008
0.120,0.007
0.121,0.006
0.118,0.007
0.120,0.005
0.121,0.006
0.117,0.005
0.119,0.005
0.119,0.006
0.116,0.006
0.118,0.005
0.117,0.006
0.115,0.006
0.116,0.006
0.117,0.008
0.116,0.008
0.117,0.010
0.116,0.011
0.115,0.011
0.116,0.012
0.115,0.013
0.114,0.014
0.114,0.013
0.112,0.014
0.112,0.013
0.113,0.013
0.111,0.014
0.110,0.014
0.112,0.015
0.112,0.016
0.112,0.017
0.113,0.018
0.112,0.019
0.113,0.019
0.114,0.019
0.114,0.020
0.113,0.020
0.114,0.020
0.114,0.019
0.113,0.018
0.114,0.017
0.113,0.016
0.113,0.015
0.113,0.016
0.113,0.016
0.113,0.018
0.114,0.018
0.113,0.018
0.112,0.018
0.114,0.017
0.112,0.016
0.112,0.014
0.113,0.012
0.111,0.012
0.112,0.011
0.112,0.012
0.112,0.013
0.112,0.013
0.113,0.013
0.112,0.014
0.113,0.014
0.115,0.014
0.113,0.013
0.113,0.013
0.115,0.012
0.114,0.010
0.113,0.011
0.114,0.012
0.112,0.013
0.111,0.015
0.112,0.016
0.110,0.019
0.109,0.021
0.109,0.020
0.108,0.021
0.107,0.021
0.109,0.021
0.107,0.019
0.107,0.020
0.109,0.019
0.108,0.019
0.108,0.020
0.108,0.020
0.108,0.022
0.107,0.023
0.108,0.023
0.108,0.024
0.109,0.025
0.112,0.025
0.109,0.026
0.111,0.027
0.112,0.028
0.110,0.031
0.111,0.032
0.113,0.034
0.112,0.036
0.113,0.035
0.115,0.036
0.113,0.037
0.115,0.036
0.117,0.035
0.114,0.035
0.116,0.033
0.118,0.033
0.117,0.033
0.119,0.031
0.120,0.033
0.119,0.033
0.121,0.031
0.120,0.032
0.119,0.032
0.123,0.031
0.121,0.032
0.120,0.030
0.123,0.030
0.122,0.031
0.122,0.030
0.124,0.031
0.123,0.032
0.124,0.032
0.126,0.033
0.125,0.035
0.125,0.034
0.128,0.036
0.127,0.039
0.128,0.038
0.130,0.040
0.129,0.040
0.129,0.037
0.132,0.038
0.131,0.037
0.131,0.036
0.133,0.037
0.133,0.037
0.134,0.037
0.135,0.039
0.135,0.040
0.135,0.041
0.137,0.044
0.135,0.044
0.135,0.044
0.136,0.045
0.136,0.044
0.137,0.041
0.137,0.041
0.137,0.039
0.138,0.036
0.138,0.037
0.136,0.037
0.138,0.036
0.138,0.038
0.137,0.038
0.138,0.038
0.138,0.040
0.138,0.040
0.139,0.040
0.138,0.040
0.138,0.038
0.138,0.037
0.137,0.038
0.135,0.036
0.136,0.036
0.134,0.038
0.135,0.037
0.135,0.039
0.133,0.040
0.134,0.039
0.134,0.039
0.132,0.038
0.132,0.036
0.132,0.036
0.130,0.035
0.130,0.034
0.129,0.035
0.127,0.036
0.127,0.036
0.127,0.038
0.126,0.040
0.127,0.040
0.126,0.042
0.126,0.043
0.126,0.044
0.125,0.045
0.125,0.044
0.124,0.045
0.123,0.044
0.122,0.043
0.120,0.042
0.119,0.042
0.119,0.042
0.118,0.042
0.118,0.043
0.118,0.044
0.118,0.046
0.117,0.047
0.117,0.048
0.117,0.049
0.116,0.049
0.116,0.049
0.115,0.048
0.114,0.048
0.114,0.046
0.113,0.046
0.113,0.045
0.113,0.047
0.112,0.047
0.111,0.047
0.111,0.048
0.110,0.048
0.111,0.049
0.110,0.051
0.109,0.052
0.110,0.052
0.109,0.053
0.108,0.054
0.108,0.054
0.108,0.055
0.107,0.053
0.107,0.053
0.107,0.053
0.107,0.052
0.108,0.053
0.107,0.054
0.108,0.054
0.107,0.055
0.107,0.056
0.107,0.055
0.107,0.056
0.108,0.058
0.108,0.058
0.109,0.059
0.109,0.060
0.111,0.060
0.110,0.060
0.111,0.058
0.111,0.058
0.111,0.059
0.111,0.056
0.111,0.056
0.111,0.058
0.112,0.058
0.112,0.058
0.111,0.059
0.112,0.059
0.113,0.058
0.112,0.058
0.113,0.058
0.114,0.058
0.114,0.060
0.114,0.059
0.114,0.059
0.115,0.060
0.115,0.060
0.116,0.059
0.116,0.060
0.116,0.059
0.116,0.058
0.117,0.061
0.117,0.060
0.118,0.060
0.118,0.061
0.118,0.061
0.119,0.060
0.118,0.061
0.118,0.060
0.118,0.059
0.117,0.060
0.118,0.059
0.117,0.060
0.117,0.061
0.116,0.061
0.116,0.061
0.115,0.063
0.115,0.062
0.114,0.062
0.113,0.063
0.114,0.062
0.113,0.062
0.112,0.063
0.112,0.061
0.113,0.062
0.113,0.062
0.114,0.060
0.114,0.059
0.113,0.060
0.114,0.058
0.113,0.059
0.111,0.060
0.112,0.060
0.111,0.062
0.110,0.063
0.111,0.063
0.109,0.065
0.109,0.066
0.110,0.064
0.108,0.065
0.107,0.065
0.109,0.063
0.106,0.064
0.106,0.062
0.107,0.063
0.104,0.063
0.105,0.062
0.105,0.063
0.102,0.063
0.103,0.062
0.103,0.062
0.101,0.063
0.102,0.063
0.102,0.063
0.100,0.064
0.101,0.063
0.102,0.065
0.098,0.065
0.100,0.064
0.100,0.064
0.097,0.065
0.098,0.064
0.098,0.064
0.095,0.065
0.097,0.064
0.098,0.065
0.096,0.066
0.097,0.067
0.097,0.069
0.095,0.070
0.097,0.070
0.095,0.071
0.094,0.071
0.096,0.071
0.094,0.070
0.093,0.070
0.092,0.069
0.093,0.068
0.093,0.066
0.093,0.067
0.091,0.067
0.092,0.066
0.092,0.067
0.091,0.069
0.091,0.068
0.090,0.068
0.089,0.068
0.088,0.069
0.088,0.069
0.088,0.068
0.086,0.068
0.087,0.068
0.085,0.068
0.085,0.068
0.085,0.069
0.085,0.069
0.085,0.069
0.085,0.070
0.084,0.070
0.084,0.071
0.084,0.071
0.083,0.070
0.083,0.070
0.083,0.070
0.083,0.070
0.082,0.070
0.082,0.070
0.082,0.069
0.081,0.071
0.082,0.071
0.081,0.071
0.081,0.072
0.082,0.071
0.080,0.071
0.080,0.071
0.079,0.071
0.079,0.071
0.079,0.071
0.079,0.071
0.078,0.070
0.079,0.070
0.079,0.069
0.077,0.069
0.077,0.070
0.078,0.069
0.076,0.069
0.075,0.069
0.076,0.070
0.074,0.069
0.075,0.070
0.075,0.071
0.073,0.071
0.075,0.072
0.074,0.073
0.074,0.074
0.074,0.074
0.075,0.072
0.074,0.071
0.075,0.071
0.075,0.069
0.073,0.070
0.073,0.071
0.072,0.070
0.071,0.069
0.071,0.069
0.071,0.067
0.070,0.067
0.070,0.067
0.071,0.065
0.069,0.067
0.070,0.067
0.071,0.066
0.070,0.067
0.070,0.068
0.070,0.067
0.069,0.070
0.070,0.069
0.071,0.070
0.069,0.071
0.071,0.072
0.071,0.071
0.069,0.073
0.071,0.072
0.071,0.071
0.069,0.072
0.071,0.071
0.071,0.071
0.068,0.071
0.070,0.070
0.070,0.071
0.067,0.073
0.070,0.073
0.069,0.073
0.067,0.073
0.069,0.071
0.069,0.072
0.066,0.072
0.067,0.073
0.066,0.074
0.064,0.074
0.066,0.075
0.064,0.075
0.064,0.075
0.067,0.074
0.064,0.075
0.065,0.074
0.067,0.074
0.066,0.073
0.065,0.072
0.068,0.072
0.065,0.072
0.067,0.071
0.067,0.071
0.065,0.071
0.066,0.069
0.067,0.069
0.064,0.070
0.065,0.069
0.068,0.070
0.065,0.070
0.066,0.068
0.067,0.069
0.064,0.069
0.066,0.068
0.066,0.070
0.064,0.071
0.065,0.071
0.065,0.072
0.063,0.073
0.063,0.074
0.063,0.074
0.060,0.074
0.062,0.074
0.062,0.074
0.061,0.073
0.061,0.074
0.061,0.074
0.060,0.073
0.061,0.074
0.060,0.074
0.058,0.072
0.061,0.072
0.060,0.071
0.058,0.071
0.060,0.071
0.059,0.072
0.058,0.071
0.058,0.072
0.059,0.074
0.058,0.074
0.060,0.076
0.059,0.076
0.058,0.077
0.059,0.076
0.058,0.076
0.057,0.074
0.057,0.074
0.056,0.074
0.054,0.072
0.055,0.074
0.053,0.073
0.053,0.072
0.054,0.073
0.052,0.073
0.052,0.073
0.054,0.075
0.052,0.075
0.052,0.075
0.053,0.076
0.051,0.075
0.051,0.074
0.051,0.074
0.050,0.072
0.050,0.071
0.050,0.071
0.050,0.071
0.050,0.071
0.050,0.072
0.050,0.072
0.049,0.073
0.050,0.073
0.050,0.071
0.049,0.071
0.049,0.069
0.048,0.068
0.047,0.067
0.047,0.066
0.047,0.065
0.046,0.066
0.047,0.066
0.046,0.066
0.045,0.067
0.047,0.067
0.046,0.067
0.046,0.067
0.048,0.066
0.048,0.065
0.047,0.064
0.048,0.063
0.047,0.063
0.046,0.063
0.048,0.063
0.046,0.065
0.046,0.066
0.048,0.066
0.046,0.068
0.046,0.068
0.047,0.070
0.046,0.072
0.046,0.072
0.049,0.072
0.047,0.072
0.048,0.071
0.050,0.070
0.048,0.070
0.049,0.068
0.049,0.069
0.048,0.069
0.048,0.067
0.049,0.068
0.047,0.068
0.047,0.067
0.047,0.069
0.045,0.069
0.046,0.069
0.048,0.071
0.048,0.071
0.049,0.068
0.049,0.068
0.049,0.066
0.049,0.065
0.048,0.065
0.047,0.063
0.048,0.064
0.046,0.064
0.045,0.062
0.045,0.063
0.044,0.064
0.043,0.062
0.044,0.062
0.043,0.064
0.043,0.062
0.045,0.063
0.043,0.062
0.043,0.062
0.044,0.062
0.042,0.063
0.043,0.062
0.043,0.061
0.042,0.062
0.041,0.060
0.042,0.061
0.041,0.061
0.040,0.061
0.040,0.061
0.039,0.062
0.039,0.062
0.039,0.062
0.038,0.063
0.037,0.062
0.036,0.063
0.036,0.063
0.036,0.062
0.036,0.063
0.036,0.064
0.037,0.063
0.037,0.064
0.036,0.064
0.037,0.063
0.037,0.065
0.037,0.064
0.036,0.063
0.036,0.064
0.036,0.062
0.036,0.061
0.035,0.062
0.035,0.061
0.036,0.060
0.034,0.061
0.035,0.059
0.036,0.060
0.034,0.062
0.035,0.061
0.035,0.063
0.033,0.063
0.033,0.063
0.034,0.062
0.031,0.063
0.032,0.061
0.032,0.061
0.030,0.062
0.032,0.061
0.031,0.062
0.029,0.062
0.031,0.062
0.030,0.063
0.027,0.064
0.029,0.062
0.028,0.063
0.026,0.062
0.028,0.061
0.026,0.062
0.025,0.061
0.026,0.061
0.025,0.061
0.023,0.060
0.025,0.059
0.023,0.060
0.022,0.061
0.023,0.061
0.022,0.062
0.021,0.062
0.020,0.063
0.018,0.063
0.016,0.062
0.017,0.061
0.015,0.059
0.014,0.056
0.014,0.055
0.012,0.054
0.013,0.053
0.012,0.053
0.011,0.052
0.011,0.052
0.011,0.053
0.010,0.054
0.008,0.054
0.007,0.054
0.005,0.055
0.006,0.054
0.005,0.054
0.003,0.053
0.001,0.055
0.000,0.055
-0.000,0.054
-0.003,0.052
-0.002,0.051
-0.002,0.049
-0.003,0.051
-0.003,0.051
-0.003,0.050
-0.003,0.053
-0.004,0.053
-0.005,0.055
-0.006,0.057
-0.006,0.058
-0.007,0.057
-0.007,0.057
-0.007,0.055
-0.008,0.054
-0.009,0.057
-0.011,0.055
-0.010,0.055
-0.011,0.055
-0.010,0.053
-0.010,0.052
-0.011,0.052
-0.011,0.051
-0.012,0.050
-0.013,0.051
-0.013,0.050
-0.013,0.050
-0.015,0.050
-0.014,0.050
-0.015,0.049
-0.016,0.049
-0.014,0.048
-0.016,0.049
-0.016,0.049
-0.015,0.050
-0.019,0.052
-0.020,0.052
-0.018,0.053
-0.019,0.054
-0.019,0.053
-0.018,0.052
-0.020,0.051
-0.019,0.050
-0.018,0.048
-0.018,0.050
-0.017,0.050
-0.017,0.049
-0.019,0.051
-0.019,0.049
-0.017,0.050
-0.018,0.049
-0.017,0.048
-0.016,0.047
-0.016,0.049
-0.015,0.050
-0.014,0.050
-0.015,0.052
-0.014,0.051
-0.012,0.053
-0.016,0.052
-0.014,0.052
-0.012,0.050
-0.013,0.049
-0.012,0.049
-0.011,0.047
-0.013,0.048
-0.011,0.047
-0.010,0.047
-0.012,0.046
-0.009,0.047
-0.010,0.048
-0.012,0.049
-0.010,0.049
-0.011,0.049
-0.011,0.050
-0.009,0.050
-0.008,0.052
-0.009,0.053
-0.007,0.053
-0.008,0.055
-0.008,0.053
-0.005,0.054
-0.007,0.055
-0.008,0.054
-0.007,0.053
-0.007,0.054
-0.009,0.052
-0.007,0.050
-0.008,0.049
-0.010,0.049
-0.008,0.050
-0.010,0.049
-0.011,0.050
-0.008,0.049
-0.009,0.049
-0.011,0.048
-0.009,0.048
-0.010,0.048
-0.010,0.047
-0.008,0.048
-0.009,0.048
-0.009,0.049
-0.007,0.049
-0.010,0.049
-0.009,0.047
-0.007,0.046
-0.010,0.045
-0.009,0.042
-0.010,0.043
-0.013,0.044
-0.012,0.042
-0.012,0.043
-0.015,0.044
-0.014,0.045
-0.014,0.046
-0.016,0.046
-0.016,0.045
-0.014,0.047
-0.016,0.046
-0.016,0.047
-0.016,0.049
-0.019,0.049
-0.019,0.049
-0.019,0.049
-0.021,0.049
-0.021,0.048
-0.020,0.049
-0.023,0.049
-0.023,0.049
-0.022,0.049
-0.023,0.049
-0.023,0.050
-0.023,0.049
-0.024,0.049
-0.026,0.048
-0.025,0.047
-0.027,0.046
-0.028,0.046
-0.027,0.046
-0.029,0.045
-0.029,0.047
-0.028,0.047
-0.029,0.047
-0.028,0.048
-0.029,0.047
-0.029,0.045
-0.029,0.045
-0.028,0.043
-0.028,0.042
-0.028,0.043
-0.027,0.042
-0.028,0.042
-0.028,0.043
-0.028,0.042
-0.029,0.041
-0.029,0.042
-0.029,0.043
-0.029,0.043
-0.030,0.044
-0.029,0.044
-0.030,0.046
-0.029,0.048
-0.029,0.047
-0.029,0.048
-0.029,0.048
-0.027,0.047
-0.029,0.048
-0.029,0.047
-0.027,0.046
-0.028,0.046
-0.028,0.045
-0.026,0.045
-0.027,0.045
-0.026,0.044
-0.025,0.043
-0.028,0.044
-0.027,0.045
-0.026,0.043
-0.029,0.044
-0.028,0.043
-0.026,0.042
-0.029,0.043
-0.027,0.041
-0.027,0.042
-0.028,0.041
-0.026,0.041
-0.025,0.041
-0.026,0.040
-0.025,0.040
-0.025,0.039
-0.026,0.038
-0.024,0.038
-0.025,0.039
-0.026,0.039
-0.024,0.039
-0.026,0.040
-0.026,0.038
-0.024,0.037
-0.027,0.036
-0.026,0.034
-0.024,0.034
-0.026,0.033
-0.027,0.031
-0.026,0.032
-0.027,0.034
-0.028,0.033
-0.026,0.036
-0.028,0.037
-0.029,0.035
-0.026,0.036
-0.028,0.036
-0.027,0.034
-0.025,0.033
-0.028,0.032
-0.028,0.030
-0.027,0.031
-0.029,0.031
-0.029,0.030
-0.027,0.031
-0.029,0.032
-0.029,0.031
-0.027,0.033
-0.029,0.034
-0.029,0.032
-0.028,0.032
-0.029,0.031
-0.029,0.030
-0.027,0.032
-0.028,0.032
-0.028,0.031
-0.026,0.032
-0.027,0.033
-0.026,0.034
-0.025,0.035
-0.026,0.035
-0.025,0.033
-0.025,0.033
-0.026,0.031
-0.026,0.030
-0.025,0.029
-0.026,0.028
-0.025,0.027
-0.024,0.028
-0.025,0.028
-0.025,0.027
-0.024,0.029
-0.025,0.029
-0.025,0.029
-0.024,0.029
-0.025,0.028
-0.024,0.028
-0.024,0.028
-0.025,0.027
-0.024,0.028
-0.024,0.028
-0.025,0.028
-0.025,0.029
-0.025,0.030
-0.026,0.030
-0.025,0.030
-0.024,0.029
-0.025,0.028
-0.025,0.028
-0.025,0.029
-0.026,0.029
-0.026,0.030
-0.027,0.031
-0.029,0.030
-0.029,0.032
-0.030,0.031
-0.031,0.030
-0.031,0.031
-0.031,0.029
-0.031,0.028
-0.031,0.029
-0.032,0.029
-0.032,0.028
-0.033,0.029
-0.034,0.029
-0.035,0.029
-0.035,0.030
-0.035,0.028
-0.035,0.028
-0.036,0.028
-0.036,0.027
-0.037,0.027
-0.038,0.028
-0.037,0.027
-0.039,0.026
-0.039,0.025
-0.039,0.025
-0.040,0.025
-0.041,0.024
-0.041,0.024
-0.043,0.026
-0.044,0.026
-0.043,0.027
-0.046,0.026
-0.046,0.026
-0.046,0.026
-0.048,0.026
-0.046,0.026
-0.047,0.026
-0.047,0.026
-0.046,0.025
-0.046,0.026
-0.046,0.025
-0.046,0.026
-0.046,0.025
-0.047,0.024
-0.046,0.024
-0.046,0.025
-0.046,0.023
-0.045,0.023
-0.046,0.023
-0.044,0.021
-0.044,0.022
-0.045,0.021
-0.045,0.020
-0.044,0.020
-0.045,0.020
-0.044,0.019
-0.042,0.020
-0.044,0.020
-0.043,0.019
-0.042,0.020
-0.043,0.020
-0.042,0.018
-0.042,0.021
-0.042,0.020
-0.042,0.020
-0.042,0.021
-0.042,0.020
-0.040,0.019
-0.041,0.020
-0.040,0.019
-0.039,0.020
-0.040,0.023
-0.039,0.022
-0.038,0.023
-0.039,0.024
-0.038,0.021
-0.036,0.020
-0.037,0.020
-0.035,0.018
-0.033,0.019
-0.034,0.021
-0.031,0.019
-0.031,0.020
-0.031,0.022
-0.030,0.019
-0.030,0.020
-0.030,0.021
-0.029,0.021
-0.029,0.022
-0.030,0.023
-0.028,0.021
-0.028,0.020
-0.027,0.021
-0.027,0.019
-0.024,0.020
-0.025,0.019
-0.025,0.018
-0.024,0.019
-0.024,0.018
-0.023,0.016
-0.023,0.015
-0.022,0.016
-0.021,0.014
-0.022,0.014
-0.021,0.014
-0.021,0.014
-0.021,0.014
-0.021,0.013
-0.020,0.011
-0.021,0.010
-0.020,0.010
-0.019,0.008
-0.020,0.009
-0.019,0.010
-0.019,0.011
-0.020,0.011
-0.020,0.012
-0.019,0.013
-0.019,0.013
-0.018,0.014
-0.017,0.013
-0.018,0.012
-0.016,0.012
-0.016,0.011
-0.017,0.010
-0.017,0.011
-0.017,0.011
-0.017,0.011
-0.018,0.011
-0.018,0.011
-0.018,0.010
-0.018,0.010
-0.019,0.008
-0.019,0.008
-0.019,0.008
-0.019,0.008
-0.019,0.007
-0.019,0.008
-0.018,0.007
-0.018,0.006
-0.018,0.007
-0.018,0.005
-0.018,0.006
-0.019,0.006
-0.020,0.006
-0.021,0.007
-0.021,0.006
-0.021,0.005
-0.022,0.004
-0.022,0.003
-0.023,0.002
-0.024,0.002
-0.024,0.002
-0.026,0.001
-0.028,0.001
-0.028,0.002
-0.028,0.003
-0.030,0.004
-0.030,0.004
-0.030,0.003
-0.034,0.004
-0.033,0.003
-0.033,0.002
-0.035,0.002
-0.035,0.000
-0.034,0.001
-0.036,0.001
-0.036,0.001
-0.035,0.003
-0.038,0.005
-0.038,0.004
-0.038,0.003
-0.039,0.005
-0.039,0.004
-0.039,0.004
-0.040,0.006
-0.040,0.006
-0.039,0.005
-0.041,0.006
-0.039,0.006
-0.039,0.007
-0.040,0.009
-0.039,0.008
-0.039,0.008
-0.040,0.008
-0.039,0.007
-0.038,0.006
-0.040,0.007
-0.038,0.006
-0.038,0.005
-0.040,0.006
-0.038,0.003
-0.038,0.003
-0.040,0.003
-0.039,0.003
-0.038,0.002
-0.039,0.002
-0.037,0.001
-0.037,0.000
-0.038,0.000
-0.036,-0.001
-0.036,-0.001
-0.037,0.000
-0.034,-0.001
-0.033,0.002
-0.034,0.003
-0.031,0.002
-0.031,0.003
-0.031,0.003
-0.029,0.002
-0.029,0.000
-0.030,0.001
-0.027,-0.001
-0.027,0.001
-0.028,0.001
-0.026,-0.000
-0.026,-0.001
-0.027,-0.000
-0.025,-0.002
-0.026,0.000
-0.025,0.001
-0.023,0.001
-0.025,0.004
-0.023,0.004
-0.020,0.006
-0.022,0.007
-0.021,0.007
-0.018,0.008
-0.020,0.009
-0.019,0.008
-0.016,0.008
-0.019,0.008
-0.017,0.007
-0.016,0.006
-0.018,0.006
-0.017,0.003
-0.015,0.002
-0.016,-0.000
-0.015,-0.003
-0.014,-0.003
-0.015,-0.002
-0.013,-0.002
-0.013,-0.000
-0.014,0.001
-0.012,0.001
-0.010,0.001
-0.010,0.002
-0.009,0.002
-0.008,0.003
-0.009,0.002
-0.007,0.001
-0.007,0.001
-0.007,0.001
-0.007,0.000
-0.007,0.000
-0.008,-0.001
-0.006,-0.000
-0.007,-0.001
-0.008,-0.003
-0.005,-0.002
-0.004,-0.002
-0.005,-0.002
-0.003,-0.001
-0.003,0.000
-0.004,-0.001
-0.002,-0.000
-0.002,-0.002
-0.003,-0.003
-0.001,-0.004
-0.002,-0.005
-0.003,-0.005
-0.001,-0.003
-0.002,-0.001
-0.003,-0.001
-0.001,0.001
-0.000,0.001
-0.001,0.001
0.001,0.001
0.001,-0.000
0.000,-0.000
0.002,-0.002
0.001,-0.003
0.000,-0.003
0.002,-0.003
0.001,-0.003
0.001,-0.002
0.003,-0.003
0.003,-0.004
0.004,-0.005
0.006,-0.006
0.006,-0.006
0.007,-0.004
0.007,-0.005
0.006,-0.004
0.006,-0.004
0.007,-0.004
0.006,-0.006
0.005,-0.007
0.006,-0.007
0.004,-0.008
0.006,-0.008
0.008,-0.008
0.007,-0.009
0.007,-0.009
0.009,-0.009
0.006,-0.011
0.006,-0.014
0.007,-0.015
0.006,-0.016
0.006,-0.016
0.006,-0.014
0.004,-0.013
0.005,-0.013
0.006,-0.012
0.005,-0.011
0.005,-0.011
0.007,-0.012
0.006,-0.013
0.006,-0.014
0.007,-0.014
0.006,-0.015
0.006,-0.013
0.006,-0.013
0.008,-0.011
0.007,-0.010
0.009,-0.011
0.009,-0.012
0.009,-0.012
0.010,-0.012
0.010,-0.012
0.010,-0.011
0.011,-0.012
0.010,-0.011
0.010,-0.011
0.012,-0.011
0.011,-0.011
0.012,-0.010
0.014,-0.012
0.013,-0.011
0.014,-0.011
0.015,-0.012
0.014,-0.011
0.015,-0.011
0.015,-0.011
0.013,-0.011
0.014,-0.012
0.015,-0.012
0.013,-0.012
0.015,-0.013
0.016,-0.014
0.014,-0.013
0.016,-0.014
0.017,-0.013
0.015,-0.012
0.018,-0.012
0.019,-0.011
0.017,-0.010
0.019,-0.010
0.019,-0.010
0.018,-0.011
0.020,-0.011
0.019,-0.010
0.018,-0.011
0.021,-0.011
0.019,-0.009
0.017,-0.012
0.020,-0.011
0.018,-0.010
0.018,-0.011
0.020,-0.011
0.019,-0.012
0.019,-0.014
0.023,-0.014
0.022,-0.014
0.021,-0.016
0.023,-0.016
0.023,-0.016
0.023,-0.017
0.025,-0.016
0.024,-0.015
0.025,-0.014
0.027,-0.014
0.026,-0.012
0.026,-0.013
0.027,-0.014
0.025,-0.014
0.025,-0.015
0.028,-0.015
0.026,-0.015
0.027,-0.015
0.028,-0.014
0.026,-0.012
0.028,-0.012
0.029,-0.010
0.029,-0.009
0.030,-0.009
0.031,-0.007
0.030,-0.007
0.031,-0.007
0.032,-0.006
0.030,-0.007
0.032,-0.009
0.032,-0.009
0.031,-0.010
0.032,-0.011
0.033,-0.011
0.032,-0.011
0.035,-0.012
0.036,-0.013
0.035,-0.013
0.037,-0.013
0.038,-0.012
0.036,-0.013
0.037,-0.012
0.038,-0.010
0.037,-0.011
0.037,-0.011
0.038,-0.010
0.038,-0.011
0.039,-0.009
0.040,-0.007
0.040,-0.006
0.042,-0.004
0.042,-0.003
0.043,-0.005
0.044,-0.004
0.043,-0.005
0.043,-0.007
0.043,-0.006
0.042,-0.006
0.043,-0.007
0.043,-0.007
0.042,-0.008
0.043,-0.010
0.043,-0.010
0.042,-0.010
0.043,-0.012
0.043,-0.010
0.042,-0.011
0.043,-0.011
0.043,-0.010
0.042,-0.012
0.043,-0.012
0.043,-0.012
0.043,-0.013
0.043,-0.014
0.042,-0.013
0.042,-0.014
0.041,-0.014
0.041,-0.013
0.042,-0.013
0.041,-0.012
0.041,-0.011
0.042,-0.012
0.041,-0.011
0.042,-0.011
0.043,-0.013
0.043,-0.012
0.044,-0.013
0.044,-0.014
0.043,-0.014
0.044,-0.014
0.044,-0.013
0.043,-0.012
0.044,-0.011
0.045,-0.009
0.045,-0.009
0.045,-0.009
0.046,-0.008
0.046,-0.010
0.047,-0.011
0.046,-0.013
0.047,-0.015
0.047,-0.015
0.047,-0.015
0.047,-0.015
0.047,-0.013
0.047,-0.012
0.046,-0.011
0.048,-0.010
0.047,-0.009
0.048,-0.009
0.048,-0.009
0.048,-0.009
0.049,-0.008
0.049,-0.008
0.049,-0.008
0.049,-0.009
0.049,-0.007
0.050,-0.006
0.051,-0.006
0.050,-0.006
0.050,-0.006
0.052,-0.007
0.050,-0.006
0.051,-0.007
0.053,-0.008
0.052,-0.008
0.054,-0.011
0.055,-0.011
0.055,-0.011
0.056,-0.012
0.058,-0.012
0.056,-0.010
0.057,-0.009
0.058,-0.009
0.057,-0.007
0.059,-0.008
0.059,-0.008
0.058,-0.006
0.058,-0.007
0.060,-0.006
0.058,-0.006
0.060,-0.007
0.060,-0.009
0.060,-0.010
0.061,-0.011
0.062,-0.012
0.062,-0.011
0.062,-0.012
0.064,-0.011
0.063,-0.009
0.065,-0.007
0.065,-0.005
0.065,-0.003
0.067,-0.003
0.066,-0.004
0.065,-0.005
0.066,-0.006
0.066,-0.006
0.066,-0.007
0.068,-0.008
0.068,-0.008
0.067,-0.009
0.070,-0.010
0.070,-0.008
0.070,-0.007
0.071,-0.006
0.072,-0.003
0.072,-0.001
0.073,-0.000
0.072,0.001
0.072,0.001
0.075,0.001
0.074,0.001
0.073,0.001
0.075,0.001
0.076,0.000
0.076,-0.000
0.078,-0.002
0.078,-0.002
0.078,-0.001
0.080,-0.002
0.079,-0.002
0.080,0.000
0.082,0.001
0.082,0.002
0.084,0.002
0.085,0.002
0.085,0.002
0.087,-0.000
0.088,-0.001
0.086,-0.003
0.087,-0.004
0.088,-0.003
0.087,-0.005
0.089,-0.006
0.090,-0.005
0.090,-0.005
0.092,-0.005
0.093,-0.004
0.093,-0.004
0.096,-0.004
0.097,-0.003
0.096,-0.005
0.097,-0.006
0.097,-0.007
0.098,-0.007
0.101,-0.008
0.101,-0.009
0.099,-0.009
0.101,-0.006
0.102,-0.005
0.100,-0.007
0.101,-0.006
0.101,-0.006
0.101,-0.006
0.102,-0.005
0.102,-0.006
0.102,-0.005
0.105,-0.003
0.105,-0.003
0.105,-0.004
0.105,-0.001
0.106,-0.003
0.106,-0.002
0.108,-0.004
0.109,-0.004
0.110,-0.004
0.111,-0.004
0.111,-0.004
0.110,-0.005
0.109,-0.003
0.111,-0.003
0.109,-0.001
0.109,-0.001
0.109,-0.000
0.108,0.001
0.111,-0.001
0.110,-0.003
0.109,-0.002
0.109,-0.001
0.110,-0.002
0.107,-0.002
0.107,-0.003
0.108,-0.004
0.105,-0.002
0.107,-0.003
0.105,-0.003
0.103,-0.002
0.106,-0.001
0.107,-0.000
0.105,-0.001
0.106,-0.002
0.105,-0.002
0.104,-0.002
0.105,-0.005
0.102,-0.005
0.102,-0.004
0.103,-0.004
0.101,-0.003
0.099,-0.003
0.100,-0.003
0.100,-0.002
0.098,-0.003
0.101,-0.004
0.098,-0.003
0.099,-0.003
0.101,-0.004
0.098,-0.003
0.098,-0.003
0.100,-0.002
0.098,0.000
0.097,0.000
0.099,0.000
0.095,0.001
0.097,0.001
0.098,0.000
0.096,-0.001
0.096,-0.001
0.099,-0.002
0.098,-0.001
0.098,-0.001
0.100,0.000
0.097,0.003
0.098,0.005
0.099,0.007
0.096,0.007
0.097,0.006
0.098,0.005
0.097,0.004
0.095,0.002
0.098,0.003
0.097,0.003
0.099,0.002
0.100,0.002
0.096,0.004
0.099,0.005
0.101,0.007
0.100,0.008
0.101,0.007
0.102,0.007
0.101,0.008
0.101,0.007
0.101,0.007
0.099,0.007
0.103,0.007
0.103,0.008
0.101,0.008
0.104,0.006
0.104,0.007
0.103,0.006
0.104,0.004
0.105,0.006
0.103,0.005
0.107,0.007
0.105,0.008
0.104,0.006
0.105,0.008
0.105,0.010
0.105,0.007
0.106,0.007
0.105,0.007
0.106,0.005
0.108,0.004
0.107,0.004
0.108,0.003
0.111,0.004
0.109,0.006
0.110,0.004
0.112,0.007
0.112,0.008
0.113,0.006
0.114,0.008
0.113,0.008
0.114,0.006
0.117,0.009
0.115,0.010
0.117,0.009
0.119,0.011
0.117,0.010
0.118,0.009
0.119,0.010
0.118,0.009
0.118,0.008
0.119,0.010
0.118,0.010
0.119,0.009
0.120,0.012
0.119,0.012
0.119,0.011
0.119,0.012
0.117,0.011
0.117,0.011
0.119,0.012
0.118,0.012
0.119,0.014
0.119,0.014
0.119,0.014
0.120,0.014
0.121,0.014
0.121,0.014
0.120,0.015
0.121,0.016
0.120,0.015
0.118,0.016
0.118,0.017
0.117,0.016
0.116,0.015
0.116,0.016
0.117,0.015
0.116,0.016
0.118,0.015
0.118,0.014
0.118,0.015
0.120,0.013
0.119,0.013
0.118,0.014
0.119,0.015
0.118,0.017
0.116,0.018
0.117,0.018
0.117,0.019
0.116,0.019
0.118,0.018
0.118,0.019
0.117,0.018
0.119,0.017
0.117,0.018
0.116,0.016
0.117,0.016
0.115,0.017
0.114,0.016
0.115,0.016
0.114,0.016
0.114,0.017
0.115,0.017
0.113,0.017
0.114,0.018
0.114,0.020
0.113,0.019
0.113,0.020
0.114,0.023
0.114,0.023
0.113,0.023
0.114,0.024
0.113,0.023
0.115,0.022
0.113,0.021
0.113,0.020
0.114,0.019
0.114,0.019
0.114,0.018
0.114,0.019
0.115,0.020
0.114,0.022
0.114,0.021
0.114,0.023
0.114,0.022
0.114,0.020
0.114,0.020
0.113,0.019
0.112,0.019
0.113,0.020
0.112,0.019
0.113,0.019
0.113,0.021
0.112,0.021
0.113,0.021
0.113,0.022
0.112,0.021
0.112,0.020
0.112,0.022
0.110,0.022
0.111,0.023
0.111,0.023
0.110,0.022
0.111,0.022
0.112,0.022
0.112,0.021
0.112,0.022
0.112,0.023
0.112,0.021
0.113,0.023
0.111,0.023
0.112,0.022
0.112,0.022
0.111,0.021
0.111,0.020
0.112,0.022
0.112,0.023
0.112,0.021
0.113,0.023
0.113,0.025
0.114,0.023
0.114,0.025
0.114,0.026
0.115,0.025
0.115,0.027
0.116,0.026
0.118,0.025
0.117,0.026
0.119,0.024
0.119,0.025
0.118,0.026
0.119,0.026
0.121,0.027
0.118,0.028
0.120,0.026
0.121,0.024
0.118,0.024
0.120,0.021
0.122,0.019
0.120,0.020
0.121,0.019
0.123,0.020
0.121,0.022
0.124,0.022
0.125,0.023
0.124,0.024
0.127,0.023
0.128,0.024
0.127,0.025
0.129,0.024
0.129,0.025
0.128,0.024
0.129,0.024
0.128,0.024
0.128,0.026
0.130,0.027
0.130,0.027
0.131,0.029
0.134,0.029
0.134,0.029
0.135,0.028
0.135,0.029
0.135,0.028
0.135,0.025
0.136,0.025
0.135,0.024
0.136,0.024
0.136,0.025
0.136,0.026
0.136,0.027
0.137,0.029
0.137,0.030
0.137,0.030
0.140,0.030
0.139,0.028
0.139,0.028
0.140,0.029
0.140,0.029
0.140,0.031
0.140,0.032
0.140,0.033
0.140,0.035
0.140,0.037
0.140,0.039
0.139,0.041
0.139,0.041
0.138,0.041
0.139,0.041
0.138,0.038
0.138,0.037
0.138,0.036
0.138,0.034
0.137,0.032
0.136,0.032
0.136,0.031
0.135,0.031
0.134,0.034
0.134,0.035
0.132,0.036
0.131,0.037
0.130,0.036
0.129,0.036
0.128,0.036
0.128,0.035
0.126,0.035
0.127,0.036
0.127,0.036
0.125,0.037
0.126,0.037
0.127,0.036
0.125,0.036
0.125,0.036
0.124,0.036
0.122,0.035
0.122,0.036
0.121,0.035
0.119,0.036
0.119,0.037
0.119,0.036
0.118,0.037
0.118,0.038
0.118,0.037
0.118,0.037
0.118,0.039
0.118,0.039
0.117,0.041
0.118,0.043
0.118,0.042
0.117,0.043
0.116,0.043
0.117,0.041
0.114,0.042
0.114,0.042
0.114,0.042
0.111,0.043
0.112,0.044
0.113,0.044
0.110,0.044
0.112,0.043
0.112,0.044
0.110,0.045
0.112,0.045
0.113,0.047
0.111,0.049
0.113,0.050
0.113,0.050
0.111,0.050
0.114,0.051
0.113,0.052
0.111,0.051
0.113,0.051
0.111,0.052
0.110,0.050
0.112,0.051
0.110,0.053
0.110,0.052
0.112,0.054
0.110,0.056
0.110,0.054
0.113,0.053
0.112,0.053
0.113,0.051
0.115,0.051
0.114,0.050
0.115,0.051
0.116,0.051
0.114,0.052
0.114,0.052
0.116,0.053
0.114,0.054
0.114,0.055
0.116,0.056
0.114,0.057
0.115,0.056
0.117,0.058
0.116,0.056
0.117,0.056
0.119,0.057
0.117,0.058
0.119,0.058
0.120,0.059
0.117,0.060
0.118,0.060
0.120,0.062
0.118,0.062
0.119,0.060
0.121,0.061
0.119,0.059
0.121,0.058
0.121,0.059
0.120,0.059
0.120,0.059
0.119,0.061
0.118,0.062
0.118,0.061
0.117,0.061
0.115,0.058
0.117,0.057
0.117,0.056
0.117,0.055
0.118,0.055
0.117,0.057
0.117,0.056
0.117,0.057
0.115,0.059
0.116,0.058
0.116,0.060
0.114,0.060
0.114,0.058
0.114,0.059
0.112,0.058
0.112,0.056
0.111,0.056
0.110,0.056
0.111,0.055
0.110,0.057
0.110,0.057
0.109,0.058
0.108,0.060
0.107,0.061
0.107,0.062
0.107,0.062
0.107,0.061
0.108,0.060
0.106,0.059
0.107,0.059
0.106,0.058
0.105,0.060
0.104,0.059
0.104,0.061
0.103,0.061
0.102,0.062
0.102,0.062
0.102,0.063
0.103,0.062
0.103,0.061
0.102,0.062
0.101,0.061
0.101,0.062
0.099,0.062
0.099,0.062
0.098,0.062
0.097,0.062
0.098,0.062
0.098,0.063
0.097,0.065
0.097,0.064
0.098,0.065
0.096,0.066
0.096,0.066
0.096,0.067
0.093,0.066
0.094,0.064
0.094,0.064
0.093,0.063
0.094,0.062
0.094,0.062
0.093,0.063
0.094,0.063
0.094,0.066
0.092,0.067
0.093,0.070
0.092,0.070
0.090,0.071
0.089,0.071
0.088,0.071
0.087,0.071
0.087,0.069
0.087,0.068
0.087,0.066
0.088,0.067
0.087,0.065
0.087,0.065
0.087,0.066
0.087,0.065
0.086,0.066
0.086,0.067
0.085,0.068
0.085,0.070
0.084,0.072
0.085,0.072
0.083,0.073
0.084,0.073
0.084,0.071
0.084,0.072
0.084,0.073
0.085,0.073
0.084,0.074
0.083,0.073
0.084,0.073
0.081,0.075
0.083,0.075
0.082,0.075
0.081,0.076
0.083,0.075
0.082,0.074
0.082,0.075
0.084,0.074
0.084,0.074
0.083,0.075
0.084,0.074
0.084,0.074
0.082,0.074
0.082,0.073
0.080,0.073
0.080,0.074
0.081,0.072
0.080,0.072
0.079,0.072
0.082,0.073
0.080,0.073
0.080,0.074
0.083,0.073
0.081,0.074
0.081,0.073
0.083,0.072
0.081,0.072
0.080,0.071
0.082,0.072
0.079,0.074
0.078,0.074
0.080,0.074
0.077,0.074
0.079,0.073
0.080,0.071
0.077,0.072
0.078,0.072
0.079,0.071
0.076,0.070
0.077,0.070
0.078,0.069
0.076,0.070
0.077,0.070
0.077,0.070
0.076,0.071
0.076,0.070
0.077,0.071
0.075,0.072
0.077,0.070
0.078,0.071
0.076,0.072
0.078,0.071
0.078,0.071
0.075,0.071
0.077,0.071
0.078,0.070
0.075,0.071
0.076,0.072
0.077,0.075
0.075,0.075
0.076,0.074
0.075,0.074
0.074,0.072
0.076,0.070
0.075,0.070
0.073,0.068
0.075,0.069
0.074,0.070
0.073,0.069
0.074,0.070
0.071,0.070
0.070,0.069
0.073,0.070
0.069,0.071
0.069,0.069
0.071,0.071
0.068,0.072
0.069,0.070
0.069,0.071
0.067,0.070
0.067,0.067
0.069,0.068
0.066,0.069
0.067,0.066
0.067,0.067
0.066,0.068
0.065,0.068
0.068,0.069
0.066,0.069
0.066,0.068
0.069,0.069
0.067,0.069
0.068,0.069
0.069,0.071
0.066,0.072
0.066,0.071
0.065,0.071
0.063,0.069
0.064,0.069
0.065,0.068
0.062,0.067
0.062,0.066
0.064,0.066
0.063,0.066
0.064,0.067
0.066,0.068
0.065,0.068
0.065,0.068
0.066,0.069
0.063,0.069
0.063,0.069
0.063,0.068
0.061,0.067
0.060,0.066
0.060,0.065
0.058,0.065
0.058,0.066
0.059,0.068
0.059,0.068
0.059,0.069
0.060,0.071
0.059,0.071
0.061,0.072
0.062,0.072
0.060,0.071
0.060,0.070
0.060,0.070
0.058,0.070
0.058,0.069
0.057,0.069
0.055,0.070
0.056,0.071
0.056,0.072
0.056,0.073
0.056,0.073
0.056,0.073
0.056,0.071
0.057,0.070
0.057,0.070
0.056,0.067
0.056,0.068
0.056,0.069
0.055,0.068
0.055,0.070
0.054,0.069
0.054,0.068
0.054,0.069
0.054,0.067
0.054,0.066
0.053,0.067
0.052,0.066
0.051,0.065
0.051,0.065
0.049,0.064
0.050,0.064
0.049,0.064
0.049,0.063
0.049,0.064
0.048,0.064
0.049,0.063
0.048,0.062
0.048,0.062
0.049,0.062
0.047,0.062
0.047,0.063
0.047,0.064
0.047,0.065
0.047,0.066
0.049,0.066
0.049,0.065
0.049,0.065
0.048,0.063
0.047,0.063
0.047,0.063
0.047,0.064
0.045,0.064
0.047,0.065
0.047,0.066
0.045,0.065
0.047,0.065
0.047,0.063
0.046,0.063
0.048,0.062
0.046,0.063
0.046,0.063
0.048,0.063
0.047,0.065
0.047,0.065
0.048,0.065
0.047,0.065
0.047,0.064
0.048,0.064
0.046,0.065
0.047,0.064
0.048,0.065
0.047,0.066
0.047,0.065
0.048,0.065
0.046,0.065
0.046,0.064
0.048,0.065
0.046,0.065
0.047,0.065
0.047,0.065
0.046,0.065
0.046,0.063
0.046,0.063
0.046,0.062
0.046,0.061
0.046,0.062
0.046,0.062
0.047,0.062
0.046,0.064
0.045,0.064
0.046,0.064
0.045,0.066
0.045,0.064
0.045,0.065
0.042,0.067
0.042,0.066
0.042,0.065
0.041,0.064
0.040,0.062
0.042,0.062
0.041,0.064
0.042,0.063
0.043,0.065
0.041,0.067
0.043,0.067
0.042,0.068
0.041,0.069
0.040,0.069
0.041,0.069
0.039,0.069
0.038,0.069
0.039,0.070
0.038,0.071
0.039,0.069
0.038,0.069
0.038,0.069
0.039,0.068
0.038,0.068
0.037,0.067
0.037,0.066
0.036,0.064
0.035,0.063
0.036,0.061
0.036,0.061
0.035,0.062
0.036,0.060
0.035,0.061
0.035,0.061
0.036,0.060
0.036,0.061
0.034,0.061
0.035,0.060
0.034,0.061
0.033,0.061
0.033,0.060
0.031,0.061
0.032,0.061
0.031,0.061
0.029,0.061
0.030,0.060
0.030,0.061
0.026,0.061
0.028,0.059
0.029,0.060
0.025,0.060
0.026,0.058
0.026,0.059
0.023,0.059
0.024,0.058
0.024,0.059
0.023,0.058
0.025,0.058
0.024,0.057
0.023,0.055
0.024,0.055
0.024,0.054
0.022,0.054
0.024,0.054
0.023,0.054
0.020,0.054
0.021,0.054
0.019,0.053
0.017,0.051
0.018,0.052
0.016,0.051
0.015,0.050
0.014,0.051
0.013,0.052
0.012,0.051
0.012,0.054
0.012,0.054
0.010,0.055
0.012,0.058
0.010,0.057
0.010,0.058
0.012,0.060
0.010,0.058
0.009,0.057
0.008,0.057
0.007,0.056
0.006,0.054
0.005,0.053
0.004,0.052
0.003,0.053
0.002,0.052
0.001,0.051
0.000,0.052
0.000,0.052
0.000,0.050
-0.001,0.050
-0.002,0.050
-0.002,0.050
-0.003,0.053
-0.003,0.052
-0.003,0.052
-0.006,0.055
-0.005,0.055
-0.006,0.053
-0.009,0.053
-0.010,0.052
-0.009,0.051
-0.012,0.052
-0.012,0.050
-0.012,0.050
-0.015,0.050
-0.011,0.048
-0.013,0.050
-0.014,0.051
-0.013,0.051
-0.015,0.052
-0.015,0.053
-0.014,0.052
-0.016,0.054
-0.016,0.055
-0.015,0.056
-0.018,0.057
-0.018,0.056
-0.016,0.055
-0.016,0.056
-0.017,0.053
-0.015,0.050
-0.017,0.051
-0.017,0.050
-0.015,0.049
-0.016,0.049
-0.016,0.050
-0.014,0.052
-0.017,0.055
-0.017,0.055
-0.015,0.055
-0.015,0.054
-0.015,0.053
-0.012,0.051
-0.015,0.049
-0.013,0.049
-0.011,0.047
-0.013,0.046
-0.011,0.045
-0.011,0.047
-0.012,0.049
-0.011,0.049
-0.009,0.049
-0.011,0.049
-0.008,0.051
-0.007,0.052
-0.010,0.054
-0.008,0.055
-0.008,0.056
-0.008,0.055
-0.006,0.054
-0.005,0.054
-0.007,0.053
-0.005,0.052
-0.004,0.052
-0.007,0.049
-0.005,0.049
-0.004,0.050
-0.006,0.050
-0.005,0.050
-0.006,0.051
-0.006,0.049
-0.004,0.050
-0.005,0.049
-0.007,0.046
-0.006,0.046
-0.006,0.044
-0.007,0.041
-0.006,0.040
-0.007,0.041
-0.006,0.042
-0.005,0.044
-0.007,0.045
-0.006,0.046
-0.005,0.049
-0.006,0.050
-0.005,0.049
-0.007,0.049
-0.008,0.050
-0.006,0.047
-0.007,0.047
-0.007,0.047
-0.007,0.046
-0.006,0.048
-0.007,0.047
-0.007,0.045
-0.007,0.047
-0.008,0.046
-0.007,0.045
-0.007,0.045
-0.009,0.043
-0.009,0.041
-0.008,0.042
-0.010,0.040
-0.011,0.039
-0.011,0.041
-0.012,0.040
-0.012,0.041
-0.013,0.042
-0.014,0.042
-0.014,0.043
-0.014,0.045
-0.015,0.044
-0.016,0.044
-0.015,0.044
-0.014,0.043
-0.015,0.042
-0.015,0.040
-0.016,0.039
-0.016,0.038
-0.016,0.036
-0.016,0.035
-0.016,0.035
-0.016,0.034
-0.016,0.034
-0.018,0.034
-0.017,0.035
-0.018,0.036
-0.020,0.036
-0.020,0.036
-0.020,0.036
-0.021,0.036
-0.021,0.037
-0.021,0.037
-0.023,0.038
-0.021,0.037
-0.022,0.038
-0.023,0.039
-0.023,0.041
-0.023,0.042
-0.025,0.041
-0.025,0.042
-0.025,0.042
-0.026,0.042
-0.025,0.042
-0.026,0.042
-0.027,0.041
-0.024,0.041
-0.026,0.042
-0.025,0.041
-0.023,0.041
-0.025,0.041
-0.026,0.040
-0.024,0.039
-0.026,0.038
-0.026,0.037
-0.026,0.037
-0.027,0.038
-0.027,0.037
-0.026,0.038
-0.028,0.038
-0.028,0.037
-0.025,0.038
-0.027,0.039
-0.026,0.038
-0.024,0.040
-0.025,0.041
-0.025,0.040
-0.023,0.040
-0.025,0.041
-0.024,0.039
-0.022,0.040
-0.023,0.039
-0.022,0.038
-0.022,0.039
-0.022,0.038
-0.022,0.037
-0.024,0.037
-0.024,0.037
-0.024,0.037
-0.025,0.038
-0.026,0.037
-0.024,0.038
-0.024,0.037
-0.025,0.035
-0.023,0.035
-0.022,0.035
-0.023,0.035
-0.021,0.035
-0.021,0.037
-0.021,0.036
-0.021,0.036
-0.021,0.038
-0.022,0.037
-0.021,0.037
-0.022,0.038
-0.023,0.037
-0.022,0.037
-0.023,0.038
-0.023,0.037
-0.022,0.036
-0.021,0.036
-0.022,0.035
-0.021,0.034
-0.021,0.033
-0.022,0.031
-0.021,0.031
-0.023,0.030
-0.023,0.029
-0.023,0.031
-0.022,0.032
-0.022,0.032
-0.023,0.035
-0.023,0.036
-0.023,0.035
-0.023,0.035
-0.024,0.034
-0.023,0.032
-0.024,0.032
-0.025,0.032
-0.025,0.030
-0.025,0.033
-0.024,0.031
-0.024,0.030
-0.024,0.029
-0.024,0.029
-0.022,0.027
-0.024,0.027
-0.023,0.027
-0.022,0.026
-0.022,0.029
-0.022,0.030
-0.020,0.031
-0.020,0.032
-0.020,0.032
-0.018,0.032
-0.019,0.033
-0.019,0.032
-0.018,0.031
-0.020,0.032
-0.019,0.030
-0.018,0.029
-0.020,0.029
-0.019,0.025
-0.019,0.025
-0.020,0.023
-0.019,0.021
-0.019,0.021
-0.021,0.023
-0.019,0.022
-0.020,0.022
-0.021,0.023
-0.020,0.021
-0.021,0.023
-0.023,0.023
-0.022,0.022
-0.022,0.024
-0.023,0.024
-0.022,0.024
-0.022,0.024
-0.024,0.025
-0.023,0.024
-0.023,0.025
-0.024,0.024
-0.024,0.023
-0.025,0.023
-0.026,0.023
-0.026,0.023
-0.027,0.023
-0.027,0.023
-0.027,0.023
-0.029,0.023
-0.029,0.023
-0.029,0.022
-0.031,0.020
-0.032,0.019
-0.033,0.018
-0.034,0.017
-0.034,0.018
-0.035,0.019
-0.037,0.019
-0.036,0.020
-0.038,0.020
-0.039,0.019
-0.040,0.018
-0.040,0.017
-0.041,0.015
-0.042,0.016
-0.042,0.015
-0.042,0.014
-0.042,0.015
-0.043,0.015
-0.043,0.017
-0.043,0.019
-0.044,0.020
-0.044,0.021
-0.044,0.022
-0.044,0.021
-0.044,0.020
-0.044,0.021
-0.043,0.019
-0.043,0.017
-0.044,0.017
-0.044,0.016
-0.045,0.015
-0.045,0.015
-0.045,0.015
-0.045,0.015
-0.045,0.017
-0.044,0.017
-0.045,0.018
-0.044,0.019
-0.044,0.019
-0.044,0.019
-0.045,0.020
-0.044,0.019
-0.045,0.020
-0.044,0.021
-0.043,0.021
-0.044,0.022
-0.043,0.022
-0.042,0.021
-0.043,0.022
-0.042,0.020
-0.040,0.020
-0.040,0.021
-0.039,0.020
-0.037,0.020
-0.038,0.021
-0.037,0.020
-0.036,0.019
-0.037,0.020
-0.035,0.018
-0.034,0.018
-0.035,0.018
-0.034,0.017
-0.033,0.018
-0.033,0.019
-0.031,0.019
-0.030,0.018
-0.029,0.020
-0.028,0.019
-0.027,0.018
-0.027,0.019
-0.026,0.018
-0.023,0.016
-0.025,0.015
-0.023,0.014
-0.022,0.013
-0.023,0.014
-0.021,0.015
-0.021,0.015
-0.022,0.017
-0.021,0.016
-0.020,0.015
-0.021,0.015
-0.019,0.013
-0.019,0.012
-0.021,0.011
-0.018,0.010
-0.018,0.010
-0.018,0.011
-0.016,0.010
-0.016,0.011
-0.017,0.011
-0.014,0.010
-0.014,0.011
-0.015,0.011
-0.013,0.011
-0.013,0.012
-0.015,0.013
-0.013,0.013
-0.014,0.014
-0.015,0.014
-0.013,0.012
-0.015,0.012
-0.015,0.010
-0.012,0.008
-0.014,0.007
-0.014,0.004
-0.011,0.003
-0.013,0.003
-0.014,0.000
-0.012,0.001
-0.015,0.001
-0.015,-0.000
-0.013,0.002
-0.016,0.003
-0.015,0.004
-0.014,0.005
-0.017,0.005
-0.016,0.004
-0.015,0.004
-0.018,0.004
-0.017,0.003
-0.016,0.005
-0.018,0.005
-0.018,0.004
-0.017,0.006
-0.020,0.005
-0.018,0.006
-0.018,0.006
-0.019,0.006
-0.019,0.006
-0.018,0.006
-0.020,0.004
-0.019,0.004
-0.020,0.003
-0.022,0.000
-0.022,0.001
-0.023,-0.000
-0.025,0.000
-0.026,0.003
-0.026,0.003
-0.027,0.005
-0.028,0.007
-0.028,0.008
-0.029,0.007
-0.029,0.008
-0.029,0.006
-0.030,0.004
-0.030,0.003
-0.031,0.001
-0.032,-0.001
-0.032,-0.002
-0.033,-0.003
-0.034,-0.003
-0.034,-0.003
-0.034,-0.004
-0.038,-0.003
-0.037,-0.002
-0.037,-0.001
-0.037,0.000
-0.037,0.000
-0.037,-0.000
-0.037,-0.001
-0.037,-0.001
-0.037,-0.002
-0.038,-0.002
-0.037,-0.001
-0.038,-0.002
-0.039,-0.002
-0.037,-0.002
-0.038,-0.003
-0.038,-0.003
-0.036,-0.003
-0.036,-0.004
-0.037,-0.006
-0.035,-0.006
-0.035,-0.006
-0.036,-0.005
-0.034,-0.005
-0.035,-0.006
-0.036,-0.007
-0.034,-0.007
-0.035,-0.008
-0.035,-0.008
-0.034,-0.007
-0.033,-0.008
-0.034,-0.007
-0.033,-0.007
-0.033,-0.006
-0.033,-0.006
-0.031,-0.007
-0.032,-0.006
-0.032,-0.006
-0.030,-0.006
-0.032,-0.006
-0.032,-0.005
-0.029,-0.004
-0.030,-0.003
-0.029,-0.003
-0.028,-0.003
-0.027,-0.002
-0.026,-0.002
-0.025,-0.002
-0.025,-0.002
-0.026,-0.003
-0.024,-0.004
-0.026,-0.005
-0.025,-0.006
-0.023,-0.006
-0.024,-0.006
-0.024,-0.006
-0.021,-0.006
-0.022,-0.005
-0.021,-0.006
-0.018,-0.005
-0.019,-0.005
-0.018,-0.005
-0.016,-0.006
-0.018,-0.005
-0.016,-0.008
-0.015,-0.008
-0.015,-0.009
-0.015,-0.012
-0.014,-0.012
-0.014,-0.013
-0.014,-0.013
-0.013,-0.012
-0.014,-0.012
-0.012,-0.011
-0.012,-0.009
-0.014,-0.010
-0.012,-0.010
-0.011,-0.009
-0.012,-0.011
-0.009,-0.012
-0.009,-0.012
-0.009,-0.015
-0.008,-0.015
-0.009,-0.014
-0.010,-0.015
-0.009,-0.015
-0.011,-0.014
-0.009,-0.016
-0.008,-0.013
-0.008,-0.012
-0.007,-0.015
-0.005,-0.012
-0.005,-0.013
-0.004,-0.013
-0.003,-0.012
-0.005,-0.011
-0.005,-0.013
-0.005,-0.013
-0.005,-0.013
-0.004,-0.015
-0.003,-0.013
-0.004,-0.013
-0.003,-0.012
-0.003,-0.012
-0.003,-0.013
-0.002,-0.014
-0.002,-0.013
-0.001,-0.014
-0.001,-0.014
-0.000,-0.012
0.000,-0.013
0.001,-0.013
0.002,-0.012
0.003,-0.013
0.003,-0.016
0.003,-0.016
0.004,-0.018
0.005,-0.019
0.004,-0.019
0.004,-0.019
0.004,-0.019
0.004,-0.018
0.004,-0.018
0.005,-0.018
0.006,-0.017
0.006,-0.018
0.007,-0.019
0.006,-0.017
0.008,-0.017
0.007,-0.017
0.007,-0.015
0.007,-0.015
0.007,-0.013
0.008,-0.012
0.007,-0.012
0.008,-0.012
0.008,-0.012
0.009,-0.013
0.008,-0.013
0.009,-0.014
0.009,-0.016
0.008,-0.016
0.008,-0.016
0.008,-0.016
0.008,-0.016
0.007,-0.016
0.008,-0.016
0.007,-0.014
0.007,-0.013
0.009,-0.014
0.008,-0.013
0.008,-0.013
0.009,-0.013
0.010,-0.014
0.010,-0.014
0.012,-0.014
0.012,-0.014
0.012,-0.013
0.013,-0.015
0.013,-0.014
0.013,-0.014
0.013,-0.014
0.013,-0.014
0.013,-0.014
0.013,-0.015
0.012,-0.016
0.012,-0.016
0.013,-0.016
0.013,-0.016
0.014,-0.015
0.014,-0.014
0.015,-0.013
0.015,-0.013
0.015,-0.014
0.015,-0.016
0.015,-0.015
0.014,-0.016
0.014,-0.017
0.016,-0.016
0.015,-0.016
0.016,-0.015
0.017,-0.013
0.017,-0.011
0.017,-0.011
0.018,-0.011
0.018,-0.011
0.019,-0.013
0.019,-0.012
0.019,-0.014
0.019,-0.016
0.020,-0.015
0.019,-0.017
0.020,-0.019
0.019,-0.018
0.021,-0.019
0.021,-0.018
0.021,-0.015
0.022,-0.016
0.023,-0.016
0.023,-0.014
0.022,-0.015
0.023,-0.014
0.022,-0.012
0.023,-0.013
0.024,-0.014
0.023,-0.011
0.024,-0.014
0.025,-0.014
0.025,-0.015
0.026,-0.017
0.026,-0.017
0.025,-0.018
0.026,-0.019
0.025,-0.018
0.024,-0.016
0.025,-0.017
0.024,-0.015
0.025,-0.015
0.026,-0.014
0.025,-0.012
0.026,-0.013
0.028,-0.013
0.027,-0.013
0.028,-0.013
0.030,-0.013
0.027,-0.014
0.029,-0.015
0.029,-0.016
0.028,-0.015
0.029,-0.016
0.029,-0.017
0.028,-0.017
0.030,-0.018
0.031,-0.019
0.029,-0.020
0.032,-0.021
0.033,-0.021
0.031,-0.020
0.032,-0.021
0.032,-0.021
0.032,-0.021
0.032,-0.022
0.033,-0.022
0.032,-0.022
0.034,-0.021
0.034,-0.021
0.033,-0.019
0.034,-0.020
0.035,-0.019
0.034,-0.018
0.035,-0.017
0.036,-0.017
0.036,-0.016
0.038,-0.016
0.039,-0.017
0.038,-0.017
0.041,-0.019
0.041,-0.019
0.040,-0.019
0.042,-0.020
0.041,-0.018
0.041,-0.019
0.042,-0.019
0.041,-0.019
0.039,-0.019
0.041,-0.020
0.041,-0.020
0.039,-0.019
0.042,-0.020
0.041,-0.018
0.039,-0.017
0.042,-0.018
0.042,-0.017
0.041,-0.018
0.042,-0.019
0.041,-0.020
0.040,-0.019
0.041,-0.021
0.041,-0.020
0.041,-0.019
0.042,-0.020
0.041,-0.020
0.041,-0.019
0.044,-0.019
0.043,-0.018
0.043,-0.018
0.045,-0.020
0.044,-0.020
0.044,-0.021
0.045,-0.021
0.044,-0.021
0.044,-0.021
0.045,-0.020
0.044,-0.020
0.045,-0.019
0.047,-0.018
0.046,-0.017
0.047,-0.015
0.048,-0.014
0.046,-0.014
0.047,-0.015
0.048,-0.015
0.046,-0.016
0.047,-0.016
0.049,-0.015
0.046,-0.016
0.049,-0.015
0.049,-0.015
0.048,-0.015
0.049,-0.015
0.050,-0.014
0.049,-0.015
0.050,-0.015
0.052,-0.015
0.050,-0.016
0.053,-0.016
0.054,-0.017
0.052,-0.017
0.053,-0.016
0.052,-0.016
0.052,-0.016
0.052,-0.016
0.053,-0.017
0.053,-0.018
0.053,-0.017
0.055,-0.018
0.055,-0.017
0.056,-0.016
0.056,-0.016
0.056,-0.016
0.056,-0.015
0.056,-0.016
0.056,-0.016
0.056,-0.016
0.057,-0.016
0.056,-0.015
0.057,-0.014
0.058,-0.015
0.057,-0.014
0.058,-0.014
0.059,-0.015
0.057,-0.015
0.058,-0.014
0.060,-0.015
0.058,-0.015
0.060,-0.014
0.060,-0.015
0.058,-0.013
0.060,-0.013
0.060,-0.014
0.058,-0.013
0.060,-0.015
0.061,-0.014
0.060,-0.011
0.062,-0.010
0.062,-0.008
0.061,-0.006
0.064,-0.005
0.064,-0.004
0.063,-0.004
0.065,-0.004
0.065,-0.004
0.065,-0.007
0.067,-0.009
0.067,-0.010
0.066,-0.011
0.070,-0.013
0.068,-0.011
0.068,-0.013
0.072,-0.012
0.071,-0.009
0.071,-0.009
0.073,-0.006
0.071,-0.003
0.072,-0.003
0.074,-0.003
0.073,-0.003
0.073,-0.004
0.076,-0.005
0.074,-0.005
0.074,-0.007
0.077,-0.006
0.076,-0.007
0.077,-0.007
0.081,-0.007
0.079,-0.006
0.081,-0.005
0.083,-0.006
0.082,-0.006
0.084,-0.005
0.084,-0.003
0.083,-0.003
0.085,-0.004
0.087,-0.005
0.087,-0.006
0.088,-0.005
0.091,-0.004
0.089,-0.003
0.090,-0.003
0.091,-0.002
0.092,-0.003
0.095,-0.004
0.095,-0.005
0.095,-0.007
0.097,-0.009
0.099,-0.010
0.097,-0.012
0.101,-0.010
0.102,-0.010
0.101,-0.009
0.102,-0.006
0.103,-0.005
0.104,-0.004
0.105,-0.005
0.105,-0.006
0.104,-0.007
0.106,-0.008
0.106,-0.008
0.106,-0.009
0.107,-0.009
0.107,-0.009
0.108,-0.008
0.106,-0.006
0.108,-0.005
0.107,-0.005
0.108,-0.002
0.109,-0.001
0.108,-0.002
0.108,0.001
0.108,0.001
0.108,-0.000
0.109,-0.001
0.110,-0.002
0.109,-0.005
0.109,-0.003
0.109,-0.004
0.108,-0.006
0.108,-0.004
0.107,-0.004
0.108,-0.004
0.107,-0.002
0.106,-0.003
0.106,-0.004
0.108,-0.004
0.109,-0.006
0.107,-0.006
0.107,-0.006
0.107,-0.009
0.106,-0.008
0.106,-0.009
0.106,-0.009
0.106,-0.008
0.106,-0.008
0.107,-0.009
0.105,-0.008
0.105,-0.008
0.106,-0.009
0.105,-0.008
0.104,-0.009
0.104,-0.007
0.102,-0.005
0.102,-0.006
0.104,-0.005
0.102,-0.004
0.103,-0.003
0.103,-0.003
0.102,-0.003
0.104,-0.003
0.103,-0.001
0.103,-0.001
0.103,-0.001
0.102,-0.000
0.100,0.001
0.102,0.002
0.101,0.003
0.101,0.002
0.101,0.003
0.099,0.006
0.100,0.004
0.100,0.003
0.098,0.004
0.098,0.004
0.100,0.004
0.098,0.005
0.098,0.003
0.100,0.005
0.100,0.004
0.101,0.003
0.100,0.005
0.100,0.005
0.101,0.003
0.099,0.002
0.099,0.000
0.098,-0.000
0.098,0.002
0.098,0.003
0.098,0.004
0.097,0.005
0.097,0.003
0.099,0.003
0.097,0.003
0.098,0.001
0.099,0.000
0.099,0.002
0.100,-0.001
0.101,0.000
0.100,0.001
0.101,0.001
0.102,0.003
0.101,0.003
0.102,0.003
0.103,0.002
0.102,0.004
0.102,0.002
0.102,0.002
0.101,0.004
0.102,0.003
0.103,0.005
0.102,0.006
0.102,0.006
0.103,0.006
0.103,0.008
0.105,0.007
0.105,0.007
0.106,0.009
0.107,0.009
0.107,0.010
0.108,0.010
0.109,0.010
0.109,0.010
0.109,0.010
0.111,0.009
0.111,0.009
0.111,0.008
0.112,0.006
0.112,0.007
0.113,0.007
0.114,0.006
0.114,0.007
0.115,0.008
0.116,0.007
0.116,0.007
0.116,0.009
0.117,0.008
0.116,0.009
0.116,0.009
0.117,0.008
0.116,0.008
0.117,0.007
0.119,0.007
0.117,0.008
0.119,0.008
0.120,0.008
0.117,0.008
0.119,0.007
0.119,0.008
0.117,0.009
0.119,0.009
0.120,0.010
0.118,0.011
0.120,0.012
0.120,0.013
0.118,0.014
0.121,0.013
0.120,0.015
0.118,0.015
0.120,0.014
0.119,0.015
0.118,0.014
0.119,0.013
0.118,0.012
0.115,0.011
0.118,0.010
0.117,0.009
0.116,0.009
0.118,0.010
0.118,0.010
0.117,0.010
0.118,0.012
0.118,0.013
0.117,0.013
0.117,0.015
0.117,0.015
0.117,0.015
0.117,0.016
0.117,0.016
0.116,0.015
0.117,0.014
0.117,0.013
0.116,0.013
0.117,0.015
0.117,0.014
0.116,0.016
0.117,0.017
0.115,0.017
0.115,0.018
0.115,0.018
0.116,0.018
0.114,0.018
0.115,0.019
0.115,0.019
0.114,0.020
0.115,0.020
0.114,0.020
0.114,0.024
0.115,0.023
0.115,0.024
0.114,0.026
0.116,0.026
0.116,0.026
0.114,0.026
0.116,0.027
0.115,0.026
0.114,0.026
0.115,0.024
0.115,0.023
0.114,0.023
0.115,0.023
0.116,0.023
0.115,0.024
0.116,0.024
0.115,0.024
0.114,0.025
0.114,0.024
0.114,0.024
0.113,0.023
0.115,0.023
0.114,0.023
0.114,0.023
0.116,0.022
0.115,0.023
0.114,0.024
0.116,0.024
0.114,0.026
0.113,0.026
0.114,0.027
0.112,0.026
0.111,0.026
0.113,0.024
0.111,0.025
0.111,0.025
0.113,0.025
0.110,0.026
0.111,0.026
0.112,0.025
0.111,0.025
0.111,0.024
0.113,0.023
0.112,0.023
0.112,0.022
0.114,0.022
0.112,0.023
0.112,0.025
0.113,0.025
0.111,0.028
0.113,0.028
0.114,0.028
0.114,0.028
0.114,0.029
0.117,0.029
0.116,0.030
0.117,0.031
0.119,0.032
0.117,0.033
0.119,0.032
0.120,0.032
0.118,0.032
0.119,0.032
0.120,0.032
0.118,0.034
0.120,0.035
0.121,0.036
0.119,0.039
0.122,0.038
0.122,0.038
0.123,0.038
0.126,0.037
0.127,0.037
0.126,0.036
0.127,0.038
0.128,0.039
0.127,0.039
0.128,0.040
0.128,0.041
0.128,0.041
0.130,0.041
0.131,0.042
0.130,0.042
0.133,0.041
0.132,0.041
0.131,0.039
0.134,0.040
0.134,0.039
0.133,0.038
0.135,0.037
0.136,0.037
0.135,0.037
0.136,0.037
0.136,0.039
0.135,0.038
0.138,0.039
0.138,0.039
0.137,0.041
0.140,0.041
0.139,0.041
0.139,0.041
0.141,0.040
0.140,0.040
0.139,0.039
0.140,0.040
0.139,0.042
0.138,0.041
0.140,0.042
0.138,0.042
0.139,0.043
0.140,0.043
0.139,0.043
0.139,0.041
0.140,0.041
0.139,0.041
0.138,0.040
0.138,0.040
0.136,0.040
0.138,0.040
0.139,0.039
0.136,0.038
0.136,0.037
0.137,0.038
0.134,0.038
0.133,0.038
0.134,0.039
0.131,0.040
0.130,0.040
0.132,0.040
0.130,0.041
0.130,0.040
0.131,0.042
0.129,0.041
0.129,0.042
0.128,0.043
0.127,0.041
0.125,0.042
0.126,0.041
0.124,0.042
0.123,0.044
0.123,0.044
0.121,0.045
0.120,0.045
0.121,0.044
0.119,0.043
0.118,0.044
0.118,0.043
0.116,0.043
0.115,0.044
0.115,0.042
0.114,0.042
0.113,0.042
0.114,0.042
0.113,0.043
0.113,0.045
0.113,0.044
0.111,0.046
0.111,0.048
0.113,0.048
0.110,0.050
0.110,0.050
0.110,0.051
0.108,0.051
0.109,0.050
0.110,0.051
0.108,0.051
0.108,0.052
0.108,0.053
0.106,0.056
0.107,0.057
0.107,0.058
0.107,0.057
0.108,0.056
0.109,0.055
0.108,0.053
0.109,0.052
0.108,0.050
0.107,0.049
0.109,0.049
0.107,0.050
0.108,0.050
0.109,0.052
0.109,0.052
0.108,0.052
0.110,0.052
0.110,0.052
0.108,0.050
0.111,0.050
0.109,0.050
0.109,0.050
0.110,0.051
0.109,0.052
0.109,0.052
0.111,0.052
0.110,0.052
0.109,0.050
0.112,0.049
0.110,0.049
0.111,0.049
0.113,0.049
0.111,0.050
0.111,0.050
0.112,0.051
0.112,0.052
0.111,0.053
0.114,0.056
0.113,0.058
0.113,0.059
0.115,0.060
0.113,0.059
0.113,0.057
0.115,0.057
0.114,0.056
0.115,0.055
0.116,0.055
0.115,0.055
0.115,0.055
0.117,0.056
0.114,0.057
0.115,0.058
0.116,0.059
0.114,0.060
0.114,0.059
0.115,0.061
0.113,0.059
0.113,0.057
0.114,0.058
0.112,0.058
0.114,0.057
0.114,0.059
0.113,0.060
0.113,0.060
0.114,0.061
0.112,0.060
0.113,0.059
0.113,0.058
0.111,0.056
0.113,0.055
0.111,0.054
0.109,0.054
0.110,0.054
0.109,0.054
0.108,0.052
0.108,0.053
0.109,0.054
0.106,0.053
0.108,0.055
0.108,0.057
0.106,0.058
0.106,0.060
0.105,0.063
0.105,0.064
0.105,0.066
0.105,0.067
0.104,0.064
0.105,0.065
0.105,0.064
0.104,0.062
0.104,0.062
0.103,0.062
0.103,0.062
0.103,0.063
0.102,0.064
0.102,0.062
0.101,0.064
0.101,0.062
0.101,0.062
0.101,0.062
0.099,0.061
0.099,0.062
0.099,0.061
0.098,0.061
0.097,0.062
0.097,0.064
0.096,0.065
0.096,0.066
0.095,0.068
0.095,0.067
0.095,0.068
0.094,0.067
0.094,0.066
0.092,0.065
0.091,0.065
0.092,0.064
0.089,0.065
0.090,0.067
0.091,0.068
0.089,0.069
0.089,0.069
0.090,0.069
0.089,0.069
0.089,0.066
0.089,0.067
0.088,0.067
0.089,0.068
0.088,0.068
0.088,0.069
0.088,0.069
0.088,0.070
0.088,0.069
0.088,0.068
0.088,0.069
0.087,0.068
0.087,0.069
0.086,0.070
0.085,0.070
0.086,0.072
0.084,0.073
0.084,0.072
0.084,0.072
0.083,0.071
0.084,0.067
0.082,0.067
0.082,0.067
0.082,0.066
0.082,0.067
0.081,0.068
0.082,0.068
0.082,0.070
0.081,0.070
0.082,0.069
0.081,0.070
0.081,0.069
0.082,0.069
0.081,0.071
0.081,0.070
0.082,0.070
0.080,0.071
0.081,0.071
0.081,0.071
0.079,0.073
0.079,0.071
0.080,0.070
0.077,0.072
0.078,0.069
0.078,0.071
0.077,0.073
0.077,0.071
0.077,0.071
0.076,0.071
0.076,0.068
0.077,0.069
0.076,0.071
0.078,0.070
0.077,0.071
0.076,0.073
0.078,0.072
0.078,0.072
0.078,0.071
0.078,0.072
0.078,0.072
0.076,0.071
0.077,0.071
0.077,0.069
0.076,0.069
0.076,0.067
0.075,0.069
0.075,0.069
0.075,0.070
0.074,0.072
0.073,0.074
0.075,0.075
0.074,0.075
0.075,0.076
0.075,0.075
0.073,0.075
0.074,0.074
0.074,0.072
0.073,0.071
0.072,0.071
0.073,0.070
0.071,0.069
0.071,0.070
0.072,0.068
0.070,0.069
0.071,0.069
0.072,0.069
0.071,0.070
0.072,0.071
0.073,0.074
0.072,0.074
0.072,0.074
0.072,0.074
0.069,0.074
0.071,0.073
0.070,0.073
0.068,0.071
0.069,0.069
0.068,0.069
0.066,0.068
0.068,0.067
0.068,0.069
0.066,0.070
0.069,0.070
0.069,0.071
0.068,0.071
0.070,0.071
0.069,0.071
0.067,0.070
0.067,0.070
0.067,0.071
0.065,0.071
0.066,0.072
0.066,0.073
0.065,0.073
0.066,0.074
0.065,0.075
0.065,0.075
0.067,0.075
0.065,0.073
0.064,0.072
0.066,0.072
0.065,0.070
0.063,0.069
0.064,0.070
0.062,0.068
0.062,0.068
0.062,0.069
0.061,0.070
0.060,0.072
0.060,0.074
0.060,0.074
0.059,0.076
0.059,0.077
0.059,0.075
0.058,0.077
0.059,0.078
0.059,0.078
0.058,0.077
0.059,0.077
0.059,0.075
0.058,0.075
0.058,0.074
0.059,0.073
0.057,0.074
0.058,0.073
0.059,0.073
0.057,0.074
0.058,0.074
0.059,0.075
0.057,0.075
0.058,0.074
0.058,0.073
0.057,0.075
0.058,0.073
0.057,0.073
0.055,0.074
0.056,0.072
0.056,0.073
0.053,0.073
0.055,0.072
0.054,0.073
0.052,0.074
0.054,0.073
0.053,0.074
0.052,0.074
0.054,0.073
0.052,0.072
0.052,0.072
0.054,0.071
0.053,0.071
0.052,0.070
0.053,0.070
0.051,0.070
0.052,0.071
0.054,0.071
0.051,0.072
0.051,0.070
0.053,0.070
0.051,0.070
0.051,0.068
0.053,0.068
0.050,0.069
0.050,0.069
0.051,0.070
0.049,0.073
0.049,0.073
0.050,0.073
0.048,0.073
0.048,0.071
0.049,0.070
0.046,0.069
0.046,0.069
0.048,0.068
0.045,0.068
0.046,0.067
0.047,0.067
0.045,0.066
0.046,0.065
0.048,0.067
0.046,0.067
0.048,0.069
0.048,0.070
0.047,0.071
0.048,0.071
0.048,0.072
0.047,0.072
0.048,0.072
0.048,0.073
0.045,0.071
0.047,0.071
0.046,0.069
0.045,0.069
0.047,0.070
0.047,0.071
0.046,0.071
0.048,0.071
0.047,0.071
0.046,0.070
0.046,0.069
0.047,0.068
0.045,0.065
0.047,0.064
0.046,0.063
0.045,0.063
0.047,0.062
0.047,0.063
0.045,0.063
0.047,0.062
0.047,0.062
0.045,0.062
0.049,0.062
0.047,0.062
0.047,0.062
0.049,0.062
0.047,0.063
0.047,0.062
0.048,0.062
0.046,0.062
0.045,0.062
0.047,0.063
0.044,0.064
0.043,0.064
0.045,0.066
0.042,0.066
0.043,0.065
0.043,0.067
0.040,0.068
0.041,0.067
0.042,0.068
0.038,0.068
0.040,0.067
0.041,0.069
0.038,0.069
0.039,0.068
0.039,0.068
0.037,0.066
0.038,0.064
0.039,0.063
0.037,0.062
0.036,0.061
0.037,0.061
0.036,0.061
0.036,0.062
0.036,0.063
0.035,0.062
0.035,0.062
0.035,0.062
0.035,0.061
0.035,0.062
0.035,0.062
0.033,0.060
0.034,0.061
0.033,0.060
0.031,0.060
0.031,0.061
0.032,0.061
0.030,0.060
0.029,0.060
0.031,0.060
0.030,0.059
0.030,0.059
0.031,0.057
0.030,0.057
0.030,0.057
0.030,0.057
0.030,0.057
0.029,0.057
0.030,0.056
0.029,0.056
0.028,0.055
0.031,0.054
0.029,0.053
0.028,0.052
0.029,0.051
0.028,0.053
0.028,0.054
0.029,0.054
0.027,0.056
0.027,0.057
0.029,0.059
0.026,0.060
0.026,0.060
0.027,0.060
0.026,0.061
0.025,0.061
0.026,0.061
0.023,0.062
0.023,0.063
0.024,0.063
0.021,0.065
0.021,0.065
0.021,0.065
0.019,0.064
0.019,0.062
0.018,0.060
0.017,0.059
0.017,0.059
0.016,0.060
0.013,0.060
0.014,0.061
0.013,0.061
0.013,0.058
0.013,0.059
0.010,0.058
0.010,0.057
0.010,0.058
0.009,0.059
0.007,0.056
0.008,0.056
0.007,0.057
0.005,0.056
0.005,0.056
0.002,0.054
0.002,0.054
0.003,0.054
0.001,0.053
-0.001,0.051
-0.001,0.052
-0.002,0.052
-0.003,0.050
-0.003,0.051
-0.004,0.051
-0.005,0.052
-0.006,0.052
-0.007,0.053
-0.007,0.053
-0.007,0.054
-0.008,0.054
-0.010,0.052
-0.011,0.053
-0.012,0.052
-0.012,0.052
-0.012,0.052
-0.012,0.053
-0.013,0.054
-0.013,0.055
-0.014,0.055
-0.015,0.054
-0.015,0.055
-0.015,0.055
-0.015,0.054
-0.015,0.055
-0.016,0.055
-0.016,0.054
-0.014,0.052
-0.015,0.053
-0.015,0.053
-0.015,0.055
-0.016,0.055
-0.015,0.056
-0.014,0.055
-0.015,0.055
-0.014,0.054
-0.013,0.055
-0.016,0.055
-0.017,0.052
-0.016,0.053
-0.016,0.053
-0.016,0.051
-0.016,0.051
-0.017,0.051
-0.015,0.051
-0.014,0.052
-0.014,0.052
-0.014,0.051
-0.013,0.054
-0.015,0.054
-0.013,0.053
-0.012,0.052
-0.013,0.051
-0.012,0.052
-0.012,0.052
-0.014,0.052
-0.013,0.054
-0.013,0.055
-0.012,0.053
-0.011,0.055
-0.013,0.055
-0.011,0.054
-0.010,0.054
-0.010,0.053
-0.011,0.052
-0.008,0.054
-0.010,0.055
-0.009,0.055
-0.011,0.056
-0.012,0.056
-0.010,0.054
-0.011,0.055
-0.011,0.055
-0.012,0.054
-0.013,0.054
-0.012,0.056
-0.012,0.055
-0.013,0.056
-0.012,0.057
-0.012,0.056
-0.013,0.056
-0.012,0.054
-0.013,0.053
-0.013,0.052
-0.012,0.051
-0.013,0.050
-0.014,0.050
-0.012,0.052
-0.012,0.051
-0.012,0.049
-0.012,0.048
-0.012,0.049
-0.013,0.049
-0.012,0.048
-0.014,0.049
-0.013,0.049
-0.011,0.049
-0.012,0.049
-0.012,0.049
-0.012,0.051
-0.012,0.051
-0.012,0.051
-0.013,0.052
-0.014,0.051
-0.014,0.051
-0.015,0.051
-0.016,0.049
-0.015,0.048
-0.015,0.049
-0.015,0.047
-0.015,0.046
-0.016,0.046
-0.018,0.044
-0.017,0.043
-0.017,0.044
-0.018,0.042
-0.017,0.041
-0.018,0.042
-0.017,0.040
-0.018,0.040
-0.020,0.040
-0.019,0.039
-0.020,0.041
-0.020,0.042
-0.021,0.041
-0.022,0.042
-0.022,0.043
-0.021,0.042
-0.023,0.044
-0.023,0.043
-0.023,0.043
-0.025,0.044
-0.025,0.043
-0.026,0.042
-0.027,0.045
-0.028,0.044
-0.026,0.044
-0.028,0.044
-0.027,0.041
-0.026,0.041
-0.029,0.041
-0.029,0.038
-0.028,0.038
-0.030,0.037
-0.030,0.036
-0.029,0.036
-0.031,0.036
-0.031,0.035
-0.031,0.035
-0.032,0.037
-0.032,0.036
-0.033,0.036
-0.033,0.037
-0.032,0.037
-0.033,0.039
-0.033,0.039
-0.033,0.040
-0.034,0.040
-0.035,0.040
-0.034,0.038
-0.035,0.037
-0.035,0.036
-0.033,0.034
-0.033,0.033
-0.034,0.033
-0.032,0.033
-0.031,0.034
-0.033,0.036
-0.030,0.036
-0.031,0.037
-0.030,0.038
-0.028,0.037
-0.029,0.038
-0.029,0.038
-0.027,0.036
-0.028,0.036
-0.029,0.036
-0.026,0.035
-0.028,0.034
-0.028,0.032
-0.026,0.032
-0.028,0.032
-0.026,0.032
-0.025,0.033
-0.027,0.034
-0.026,0.034
-0.025,0.034
-0.028,0.035
-0.027,0.036
-0.025,0.036
-0.028,0.036
-0.026,0.034
-0.026,0.035
-0.028,0.033
-0.026,0.032
-0.025,0.032
-0.027,0.031
-0.026,0.030
-0.026,0.031
-0.027,0.031
-0.024,0.032
-0.024,0.033
-0.025,0.035
-0.024,0.035
-0.025,0.035
-0.026,0.034
-0.025,0.034
-0.026,0.033
-0.027,0.032
-0.025,0.032
-0.025,0.031
-0.027,0.032
-0.025,0.033
-0.025,0.033
-0.026,0.032
-0.026,0.033
-0.025,0.032
-0.026,0.032
-0.025,0.032
-0.025,0.032
-0.025,0.033
-0.025,0.034
-0.026,0.033
-0.026,0.033
-0.025,0.034
-0.025,0.033
-0.026,0.032
-0.024,0.033
-0.024,0.030
-0.024,0.029
-0.024,0.029
-0.023,0.028
-0.023,0.030
-0.022,0.030
-0.023,0.030
-0.024,0.030
-0.024,0.029
-0.023,0.027
-0.025,0.027
-0.023,0.025
-0.023,0.024
-0.024,0.024
-0.024,0.023
-0.023,0.021
-0.024,0.022
-0.023,0.021
-0.022,0.021
-0.023,0.023
-0.021,0.023
-0.021,0.022
-0.023,0.024
-0.020,0.023
-0.021,0.023
-0.023,0.024
-0.022,0.024
-0.022,0.025
-0.024,0.025
-0.022,0.025
-0.023,0.026
-0.024,0.028
-0.022,0.028
-0.025,0.029
-0.026,0.029
-0.025,0.028
-0.027,0.027
-0.027,0.025
-0.026,0.024
-0.028,0.024
-0.029,0.024
-0.028,0.023
-0.030,0.024
-0.030,0.024
-0.029,0.023
-0.032,0.024
-0.032,0.022
-0.030,0.023
-0.034,0.023
-0.035,0.022
-0.033,0.022
-0.036,0.021
-0.037,0.018
-0.036,0.018
-0.039,0.018
-0.040,0.016
-0.040,0.015
-0.042,0.015
-0.042,0.013
-0.041,0.013
-0.043,0.012
-0.042,0.012
-0.041,0.011
-0.043,0.013
-0.043,0.013
-0.043,0.014
-0.046,0.014
-0.045,0.014
-0.044,0.015
-0.048,0.015
-0.047,0.017
-0.046,0.017
-0.048,0.018
-0.048,0.017
-0.049,0.016
-0.051,0.015
-0.050,0.013
-0.049,0.013
-0.049,0.012
-0.048,0.012
-0.048,0.012
-0.050,0.011
-0.048,0.012
-0.048,0.013
-0.050,0.014
-0.050,0.014
-0.049,0.015
-0.050,0.015
-0.048,0.015
-0.049,0.015
-0.050,0.015
-0.047,0.015
-0.048,0.017
-0.049,0.018
-0.048,0.020
-0.047,0.021
-0.047,0.022
-0.046,0.023
-0.045,0.023
-0.046,0.022
-0.043,0.022
-0.044,0.021
-0.044,0.020
-0.042,0.019
-0.042,0.018
-0.042,0.017
-0.040,0.016
-0.040,0.015
-0.040,0.014
-0.038,0.015
-0.037,0.015
-0.037,0.016
-0.035,0.017
-0.036,0.017
-0.035,0.018
-0.032,0.019
-0.033,0.019
-0.032,0.018
-0.030,0.019
-0.031,0.018
-0.031,0.017
-0.031,0.016
-0.032,0.017
-0.031,0.016
-0.029,0.017
-0.031,0.016
-0.030,0.014
-0.028,0.015
-0.029,0.015
-0.029,0.014
-0.026,0.015
-0.029,0.015
-0.028,0.016
-0.026,0.017
-0.027,0.018
-0.026,0.018
-0.024,0.019
-0.025,0.017
-0.024,0.016
-0.023,0.016
-0.023,0.015
-0.022,0.014
-0.022,0.013
-0.022,0.013
-0.021,0.012
-0.019,0.011
-0.020,0.010
-0.020,0.011
-0.019,0.010
-0.020,0.009
-0.020,0.010
-0.018,0.010
-0.019,0.010
-0.019,0.010
-0.018,0.008
-0.019,0.008
-0.019,0.008
-0.018,0.008
-0.019,0.008
-0.018,0.009
-0.016,0.008
-0.018,0.009
-0.018,0.010
-0.016,0.008
-0.018,0.008
-0.017,0.007
-0.016,0.005
-0.018,0.004
-0.017,0.003
-0.016,0.001
-0.018,0.001
-0.017,0.001
-0.016,0.001
-0.017,0.004
-0.016,0.004
-0.014,0.005
-0.016,0.006
-0.016,0.006
-0.016,0.006
-0.018,0.006
-0.017,0.006
-0.018,0.005
-0.021,0.005
-0.021,0.004
-0.022,0.004
-0.026,0.005
-0.025,0.003
-0.025,0.003
-0.027,0.002
-0.027,0.002
-0.027,0.002
-0.028,0.004
-0.027,0.003
-0.028,0.005
-0.030,0.005
-0.029,0.006
-0.031,0.006
-0.032,0.005
-0.030,0.006
-0.032,0.006
-0.034,0.005
-0.032,0.006
-0.036,0.007
-0.036,0.006
-0.034,0.007
-0.037,0.008
-0.037,0.006
-0.035,0.006
-0.037,0.007
-0.037,0.005
-0.035,0.006
-0.038,0.006
-0.038,0.004
-0.036,0.005
-0.039,0.006
-0.039,0.004
-0.038,0.004
-0.040,0.003
-0.040,0.003
-0.037,0.005
-0.039,0.006
-0.039,0.006
-0.036,0.006
-0.038,0.007
-0.037,0.005
-0.035,0.006
-0.036,0.006
-0.036,0.005
-0.034,0.006
-0.036,0.006
-0.036,0.007
-0.034,0.007
-0.036,0.006
-0.035,0.004
-0.033,0.004
-0.034,0.003
-0.033,0.001
-0.031,0.002
-0.032,0.001
-0.031,0.001
-0.031,0.002
-0.032,0.001
-0.031,0.002
-0.030,0.001
-0.031,0.000
-0.030,-0.000
-0.029,-0.001
-0.029,-0.001
-0.028,-0.001
-0.027,0.001
-0.029,0.001
-0.028,0.002
-0.028,0.003
-0.029,0.004
-0.028,0.004
-0.026,0.004
-0.027,0.001
-0.025,0.001
-0.024,0.000
-0.024,-0.002
-0.023,-0.002
-0.022,-0.002
-0.022,-0.002
-0.021,-0.003
-0.022,-0.003
-0.022,-0.003
-0.021,-0.003
-0.020,-0.003
-0.022,-0.003
-0.022,-0.003
-0.020,-0.002
-0.022,-0.004
-0.020,-0.005
-0.019,-0.006
-0.018,-0.007
-0.018,-0.008
-0.016,-0.009
-0.016,-0.008
-0.016,-0.008
-0.014,-0.009
-0.014,-0.009
-0.013,-0.009
-0.012,-0.008
-0.012,-0.008
-0.011,-0.007
-0.010,-0.006
-0.011,-0.007
-0.010,-0.006
-0.008,-0.005
-0.009,-0.005
-0.008,-0.004
-0.007,-0.004
-0.007,-0.004
-0.005,-0.002
-0.006,-0.002
-0.007,-0.003
-0.005,-0.002
-0.005,-0.003
-0.006,-0.004
-0.004,-0.005
-0.004,-0.007
-0.004,-0.008
-0.003,-0.008
-0.004,-0.008
-0.004,-0.007
-0.003,-0.007
-0.003,-0.007
-0.005,-0.008
-0.003,-0.008
-0.003,-0.009
-0.004,-0.009
-0.002,-0.009
-0.002,-0.010
-0.002,-0.010
-0.001,-0.011
-0.000,-0.011
-0.001,-0.011
0.000,-0.012
-0.001,-0.012
-0.001,-0.013
0.000,-0.011
-0.000,-0.012
-0.001,-0.012
0.001,-0.013
0.000,-0.013
0.000,-0.014
0.001,-0.013
0.002,-0.013
0.001,-0.013
0.003,-0.013
0.001,-0.013
0.001,-0.014
0.002,-0.013
0.000,-0.014
0.002,-0.015
0.003,-0.014
0.002,-0.013
0.002,-0.015
0.004,-0.013
0.002,-0.014
0.004,-0.015
0.006,-0.015
0.004,-0.014
0.006,-0.014
0.006,-0.012
0.005,-0.011
0.006,-0.012
0.007,-0.010
0.006,-0.011
0.006,-0.013
0.008,-0.011
0.007,-0.012
0.009,-0.012
0.008,-0.010
0.008,-0.011
0.009,-0.012
0.009,-0.010
0.009,-0.013
0.010,-0.015
0.010,-0.014
0.010,-0.016
0.010,-0.016
0.009,-0.015
0.010,-0.015
0.011,-0.015
0.010,-0.014
0.011,-0.016
0.011,-0.015
0.010,-0.014
0.010,-0.015
0.012,-0.013
0.011,-0.012
0.013,-0.013
0.013,-0.012
0.013,-0.012
0.014,-0.013
0.014,-0.014
0.014,-0.013
0.014,-0.013
0.015,-0.013
0.014,-0.012
0.014,-0.012
0.015,-0.010
0.015,-0.009
0.016,-0.009
0.015,-0.009
0.015,-0.011
0.016,-0.011
0.014,-0.012
0.016,-0.012
0.017,-0.013
0.016,-0.013
0.017,-0.013
0.017,-0.013
0.018,-0.013
0.018,-0.013
0.019,-0.014
0.019,-0.015
0.020,-0.014
0.020,-0.015
0.020,-0.015
0.020,-0.014
0.021,-0.014
0.021,-0.015
0.021,-0.013
0.022,-0.013
0.021,-0.014
0.023,-0.014
0.023,-0.016
0.023,-0.017
0.023,-0.017
0.023,-0.018
0.024,-0.017
0.024,-0.016
0.024,-0.016
0.024,-0.016
0.025,-0.015
0.026,-0.015
0.025,-0.013
0.025,-0.013
0.026,-0.012
0.026,-0.011
0.027,-0.012
0.027,-0.011
0.026,-0.012
0.028,-0.012
0.027,-0.012
0.026,-0.012
0.028,-0.012
0.027,-0.011
0.027,-0.012
0.027,-0.013
0.028,-0.014
0.027,-0.014
0.028,-0.014
0.029,-0.015
0.028,-0.013
0.029,-0.012
0.031,-0.012
0.032,-0.012
0.032,-0.012
0.034,-0.015
0.033,-0.015
0.034,-0.015
0.035,-0.016
0.034,-0.015
0.034,-0.014
0.034,-0.014
0.034,-0.012
0.036,-0.010
0.036,-0.011
0.036,-0.011
0.037,-0.012
0.038,-0.013
0.037,-0.015
0.039,-0.016
0.040,-0.018
0.039,-0.017
0.040,-0.017
0.041,-0.018
0.040,-0.015
0.040,-0.015
0.041,-0.015
0.040,-0.015
0.041,-0.016
0.043,-0.017
0.040,-0.018
0.042,-0.020
0.042,-0.019
0.041,-0.019
0.042,-0.019
0.042,-0.019
0.040,-0.017
0.041,-0.018
0.042,-0.017
0.040,-0.015
0.042,-0.016
0.041,-0.016
0.039,-0.016
0.041,-0.018
0.042,-0.017
0.041,-0.017
0.043,-0.018
0.043,-0.017
0.042,-0.016
0.044,-0.016
0.043,-0.016
0.043,-0.015
0.045,-0.015
0.044,-0.015
0.044,-0.016
0.046,-0.017
0.044,-0.016
0.045,-0.018
0.047,-0.017
0.044,-0.015
0.045,-0.016
0.046,-0.015
0.043,-0.014
0.045,-0.016
0.045,-0.015
0.043,-0.015
0.044,-0.016
0.046,-0.016
0.044,-0.015
0.046,-0.015
0.049,-0.013
0.046,-0.013
0.047,-0.015
0.048,-0.015
0.046,-0.015
0.047,-0.017
0.048,-0.016
0.047,-0.015
0.049,-0.016
0.049,-0.015
0.047,-0.014
0.049,-0.013
0.049,-0.013
0.048,-0.013
0.049,-0.011
0.049,-0.009
0.048,-0.009
0.049,-0.009
0.049,-0.010
0.048,-0.012
0.050,-0.014
0.049,-0.016
0.049,-0.017
0.051,-0.017
0.050,-0.017
0.049,-0.018
0.051,-0.018
0.051,-0.018
0.051,-0.019
0.054,-0.020
0.053,-0.019
0.052,-0.020
0.054,-0.020
0.054,-0.019
0.052,-0.018
0.054,-0.018
0.055,-0.017
0.053,-0.017
0.056,-0.017
0.056,-0.016
0.055,-0.016
0.058,-0.016
0.057,-0.015
0.058,-0.015
0.059,-0.016
0.059,-0.016
0.059,-0.016
0.060,-0.016
0.060,-0.015
0.059,-0.014
0.061,-0.013
0.059,-0.013
0.060,-0.013
0.061,-0.013
0.060,-0.013
0.062,-0.014
0.063,-0.011
0.062,-0.011
0.062,-0.010
0.064,-0.009
0.062,-0.010
0.063,-0.011
0.065,-0.010
0.063,-0.010
0.064,-0.011
0.065,-0.009
0.064,-0.009
0.066,-0.009
0.067,-0.007
0.066,-0.007
0.067,-0.005
0.070,-0.005
0.069,-0.006
0.069,-0.008
0.071,-0.008
0.071,-0.008
0.071,-0.008
0.073,-0.008
0.074,-0.009
0.075,-0.008
0.078,-0.009
0.076,-0.009
0.077,-0.008
0.079,-0.008
0.079,-0.009
0.079,-0.010
0.081,-0.011
0.079,-0.012
0.080,-0.011
0.081,-0.012
0.080,-0.012
0.082,-0.011
0.083,-0.011
0.084,-0.009
0.085,-0.008
0.085,-0.008
0.085,-0.007
0.087,-0.006
0.089,-0.007
0.089,-0.008
0.089,-0.008
0.091,-0.008
0.091,-0.008
0.092,-0.009
0.093,-0.011
0.094,-0.010
0.095,-0.009
0.097,-0.009
0.095,-0.009
0.098,-0.009
0.101,-0.010
0.100,-0.009
0.101,-0.010
0.101,-0.009
0.101,-0.007
0.102,-0.006
0.103,-0.007
0.100,-0.005
0.102,-0.005
0.103,-0.005
0.100,-0.005
0.102,-0.006
0.102,-0.006
0.102,-0.004
0.103,-0.004
0.102,-0.004
0.101,-0.003
0.103,-0.004
0.103,-0.005
0.101,-0.007
0.104,-0.007
0.101,-0.007
0.101,-0.007
0.103,-0.008
0.101,-0.006
0.102,-0.008
0.104,-0.007
0.102,-0.007
0.100,-0.008
0.102,-0.007
0.101,-0.006
0.101,-0.008
0.104,-0.007
0.102,-0.005
0.103,-0.006
0.106,-0.006
0.102,-0.007
0.101,-0.010
0.104,-0.007
0.102,-0.008
0.102,-0.009
0.102,-0.008
0.101,-0.008
0.102,-0.008
0.104,-0.008
0.101,-0.008
0.101,-0.008
0.103,-0.007
0.101,-0.007
0.101,-0.007
0.100,-0.006
0.100,-0.004
0.100,-0.004
0.099,-0.004
0.098,-0.004
0.098,-0.005
0.100,-0.005
0.099,-0.006
0.099,-0.005
0.100,-0.004
0.100,-0.004
0.100,-0.004
0.101,-0.004
0.099,-0.003
0.100,-0.003
0.099,-0.002
0.098,-0.004
0.098,-0.005
0.099,-0.005
0.097,-0.005
0.098,-0.005
0.097,-0.006
0.095,-0.004
0.097,-0.001
0.097,-0.000
0.096,0.000
0.095,0.001
0.096,0.002
0.096,0.001
0.097,0.000
0.097,-0.001
0.096,-0.002
0.097,-0.002
0.096,-0.003
0.095,-0.005
0.096,-0.002
0.095,-0.002
0.096,-0.003
0.094,-0.000
0.094,0.000
0.094,0.000
0.096,0.001
0.095,0.000
0.096,-0.001
0.097,0.002
0.097,0.002
0.097,0.001
0.097,0.001
0.100,-0.000
0.100,-0.001
0.100,-0.001
0.101,-0.002
0.101,-0.001
0.102,-0.000
0.103,-0.001
0.102,-0.001
0.103,-0.001
0.104,-0.003
0.103,-0.002
0.104,-0.003
0.104,-0.004
0.104,-0.002
0.105,-0.003
0.107,-0.002
0.107,-0.001
0.108,-0.001
0.110,0.001
0.109,0.002
0.111,0.004
0.111,0.005
0.111,0.007
0.112,0.007
0.112,0.008
0.112,0.006
0.113,0.007
0.114,0.007
0.114,0.006
0.115,0.007
0.114,0.008
0.114,0.006
0.115,0.007
0.114,0.007
0.116,0.005
0.117,0.006
0.117,0.008
0.117,0.008
0.118,0.010
0.119,0.012
0.119,0.012
0.120,0.014
0.119,0.013
0.119,0.012
0.119,0.013
0.118,0.013
0.119,0.012
0.119,0.013
0.119,0.012
0.120,0.012
0.121,0.013
0.120,0.010
0.120,0.010
0.120,0.010
0.119,0.008
0.120,0.008
0.119,0.010
0.118,0.009
0.119,0.009
0.117,0.011
0.116,0.009
0.117,0.008
0.115,0.009
0.115,0.007
0.115,0.007
0.115,0.009
0.115,0.008
0.115,0.009
0.114,0.011
0.114,0.011
0.115,0.012
0.114,0.014
0.115,0.012
0.115,0.013
0.114,0.011
0.114,0.010
0.114,0.010
0.112,0.010
0.112,0.010
0.112,0.011
0.112,0.013
0.113,0.013
0.113,0.015
0.112,0.016
0.112,0.015
0.111,0.017
0.111,0.018
0.112,0.017
0.111,0.019
0.111,0.021
0.112,0.019
0.111,0.021
0.111,0.022
0.111,0.022
0.111,0.023
0.109,0.023
0.111,0.022
0.112,0.022
0.111,0.021
0.112,0.020
0.110,0.020
0.110,0.019
0.110,0.017
0.109,0.017
0.109,0.015
0.110,0.015
0.109,0.015
0.110,0.014
0.111,0.015
0.109,0.015
0.111,0.014
0.111,0.015
0.109,0.015
0.110,0.015
0.110,0.016
0.108,0.016
0.109,0.015
0.109,0.015
0.106,0.016
0.108,0.015
0.108,0.017
0.106,0.017
0.109,0.017
0.108,0.017
0.108,0.016
0.109,0.016
0.109,0.017
0.108,0.016
0.109,0.017
0.109,0.017
0.107,0.018
0.107,0.019
0.105,0.021
0.104,0.022
0.105,0.023
0.104,0.021
0.105,0.021
0.106,0.021
0.105,0.019
0.106,0.019
0.108,0.019
0.107,0.019
0.107,0.019
0.108,0.020
0.108,0.021
0.109,0.021
0.110,0.022
0.111,0.020
0.110,0.021
0.111,0.021
0.110,0.020
0.109,0.021
0.110,0.021
0.111,0.020
0.110,0.021
0.111,0.021
0.113,0.022
0.112,0.023
0.113,0.023
0.114,0.023
0.114,0.024
0.116,0.023
0.117,0.023
0.115,0.025
0.116,0.023
0.117,0.023
0.115,0.024
0.118,0.023
0.118,0.024
0.118,0.026
0.121,0.027
0.120,0.029
0.122,0.032
0.124,0.033
0.124,0.034
0.124,0.035
0.127,0.036
0.126,0.036
0.127,0.037
0.129,0.037
0.128,0.038
0.128,0.038
0.130,0.038
0.130,0.038
0.131,0.037
0.133,0.036
0.132,0.036
0.133,0.035
0.135,0.034
0.133,0.033
0.134,0.033
0.134,0.032
0.134,0.034
0.135,0.034
0.135,0.034
0.134,0.034
0.135,0.034
0.136,0.033
0.135,0.032
0.136,0.033
0.137,0.031
0.135,0.031
0.135,0.030
0.135,0.029
0.134,0.027
0.134,0.028
0.135,0.029
0.134,0.031
0.135,0.032
0.136,0.033
0.134,0.034
0.135,0.035
0.135,0.034
0.134,0.034
0.134,0.035
0.134,0.035
0.132,0.035
0.133,0.035
0.132,0.035
0.130,0.034
0.131,0.034
0.130,0.033
0.129,0.033
0.129,0.032
0.128,0.033
0.127,0.034
0.128,0.036
0.127,0.038
0.126,0.040
0.127,0.039
0.126,0.040
0.124,0.040
0.125,0.039
0.123,0.039
0.121,0.037
0.122,0.037
0.121,0.036
0.117,0.035
0.119,0.035
0.118,0.035
0.116,0.034
0.116,0.034
0.115,0.036
0.114,0.036
0.116,0.036
0.115,0.038
0.114,0.038
0.116,0.039
0.114,0.039
0.114,0.039
0.115,0.041
0.112,0.042
0.112,0.042
0.113,0.043
0.110,0.043
0.110,0.042
0.113,0.043
0.109,0.042
0.110,0.042
0.112,0.043
0.109,0.045
0.110,0.044
0.111,0.045
0.108,0.045
0.108,0.044
0.108,0.046
0.106,0.046
0.106,0.047
0.107,0.047
0.106,0.048
0.106,0.049
0.107,0.051
0.106,0.051
0.106,0.051
0.107,0.051
0.108,0.050
0.107,0.050
0.108,0.050
0.108,0.050
0.108,0.050
0.108,0.051
0.107,0.052
0.109,0.054
0.109,0.056
0.109,0.056
0.109,0.058
0.110,0.058
0.110,0.056
0.109,0.056
0.110,0.055
0.110,0.055
0.109,0.055
0.110,0.055
0.110,0.055
0.110,0.056
0.111,0.055
0.110,0.054
0.111,0.055
0.112,0.054
0.112,0.054
0.113,0.055
0.114,0.055
0.114,0.056
0.114,0.055
0.115,0.054
0.115,0.054
0.115,0.054
0.116,0.054
0.115,0.053
0.115,0.054
0.116,0.053
0.116,0.054
0.116,0.054
0.117,0.053
0.117,0.054
0.117,0.054
0.119,0.053
0.117,0.053
0.118,0.052
0.118,0.050
0.117,0.050
0.117,0.049
0.118,0.049
0.116,0.049
0.117,0.049
0.118,0.049
0.116,0.050
0.117,0.050
0.116,0.050
0.115,0.052
0.115,0.053
0.114,0.054
0.113,0.055
0.114,0.056
0.114,0.056
0.113,0.055
0.114,0.055
0.113,0.056
0.112,0.055
0.114,0.054
0.111,0.054
0.110,0.052
0.111,0.053
0.109,0.054
0.108,0.054
0.109,0.056
0.107,0.057
0.106,0.057
0.108,0.058
0.106,0.059
0.104,0.059
0.107,0.059
0.104,0.059
0.104,0.058
0.105,0.060
0.103,0.061
0.102,0.061
0.103,0.062
0.101,0.062
0.100,0.062
0.100,0.062
0.099,0.062
0.099,0.061
0.099,0.062
0.098,0.062
0.098,0.061
0.100,0.062
0.097,0.063
0.097,0.064
0.098,0.064
0.096,0.065
0.095,0.065
0.096,0.067
0.094,0.068
0.094,0.067
0.095,0.068
0.093,0.068
0.093,0.068
0.093,0.069
0.092,0.069
0.093,0.069
0.094,0.069
0.092,0.069
0.093,0.067
0.093,0.069
0.091,0.067
0.091,0.066
0.093,0.066
0.091,0.066
0.093,0.065
0.092,0.067
0.090,0.068
0.091,0.069
0.089,0.071
0.088,0.071
0.088,0.073
0.088,0.074
0.087,0.073
0.088,0.073
0.088,0.073
0.086,0.073
0.088,0.073
0.087,0.073
0.086,0.072
0.086,0.073
0.085,0.073
0.084,0.070
0.085,0.072
0.084,0.070
0.083,0.070
0.083,0.069
0.082,0.068
0.083,0.067
0.082,0.068
0.081,0.067
0.082,0.067
0.081,0.071
0.080,0.071
0.080,0.071
0.081,0.072
0.080,0.072
0.080,0.070
0.080,0.071
0.078,0.070
0.079,0.069
0.078,0.070
0.079,0.071
0.079,0.071
0.080,0.072
0.079,0.071
0.078,0.071
0.078,0.073
0.077,0.074
0.076,0.074
0.075,0.075
0.076,0.074
0.075,0.073
0.075,0.073
0.076,0.071
0.075,0.071
0.075,0.070
0.076,0.069
0.075,0.069
0.075,0.069
0.076,0.069
0.074,0.069
0.075,0.069
0.075,0.069
0.073,0.070
0.073,0.070
0.073,0.070
0.073,0.071
0.074,0.069
0.074,0.069
0.073,0.068
0.075,0.068
0.074,0.068
0.073,0.067
0.075,0.066
0.073,0.066
0.073,0.065
0.075,0.065
0.074,0.066
0.073,0.065
0.074,0.067
0.073,0.069
0.073,0.068
0.074,0.070
0.072,0.071
0.072,0.070
0.072,0.071
0.071,0.071
0.071,0.069
0.071,0.071
0.071,0.070
0.071,0.069
0.070,0.071
0.070,0.071
0.070,0.071
0.069,0.073
0.068,0.073
0.070,0.072
0.067,0.073
0.068,0.071
0.068,0.070
0.067,0.072
0.068,0.072
0.068,0.074
0.068,0.075
0.066,0.073
0.067,0.073
0.066,0.075
0.066,0.073
0.066,0.073
0.066,0.075
0.066,0.074
0.066,0.073
0.066,0.074
0.066,0.073
0.066,0.073
0.065,0.073
0.065,0.072
0.065,0.071
0.063,0.072
0.064,0.070
0.064,0.070
0.064,0.071
0.064,0.071
0.065,0.073
0.064,0.074
0.065,0.073
0.064,0.074
0.064,0.074
0.064,0.073
0.064,0.074
0.063,0.075
0.063,0.074
0.063,0.075
0.062,0.075
0.063,0.074
0.062,0.074
0.061,0.073
0.063,0.071
0.062,0.071
0.062,0.071
0.062,0.070
0.060,0.072
0.060,0.072
0.060,0.073
0.059,0.076
0.059,0.075
0.060,0.075
0.056,0.076
0.058,0.076
0.058,0.077
0.056,0.078
0.058,0.076
0.057,0.077
0.055,0.077
0.056,0.075
0.056,0.075
0.055,0.075
0.056,0.073
0.055,0.073
0.053,0.074
0.055,0.074
0.054,0.076
0.054,0.076
0.055,0.076
0.055,0.076
0.054,0.075
0.056,0.076
0.056,0.076
0.054,0.075
0.055,0.075
0.054,0.075
0.053,0.073
0.055,0.073
0.052,0.074
0.051,0.073
0.052,0.073
0.051,0.072
0.050,0.072
0.052,0.071
0.051,0.070
0.050,0.071
0.051,0.070
0.050,0.070
0.050,0.070
0.051,0.070
0.050,0.068
0.049,0.068
0.050,0.069
0.051,0.068
0.050,0.069
0.050,0.068
0.049,0.067
0.049,0.068
0.049,0.068
0.049,0.071
0.047,0.073
0.047,0.073
0.046,0.071
0.044,0.071
0.045,0.068
0.043,0.066
0.042,0.065
0.043,0.064
0.042,0.062
0.041,0.061
0.043,0.060
0.043,0.061
0.042,0.061
0.045,0.063
0.043,0.064
0.044,0.066
0.046,0.067
0.044,0.067
0.045,0.067
0.046,0.068
0.044,0.069
0.044,0.069
0.046,0.069
0.044,0.068
0.044,0.069
0.046,0.067
0.044,0.067
0.044,0.067
0.046,0.067
0.044,0.068
0.043,0.068
0.045,0.068
0.044,0.069
0.042,0.069
0.044,0.068
0.041,0.069
0.042,0.068
0.043,0.067
0.041,0.066
0.042,0.066
0.043,0.064
0.041,0.063
0.041,0.063
0.044,0.062
0.042,0.062
0.042,0.064
0.044,0.065
0.042,0.067
0.041,0.067
0.042,0.066
0.040,0.065
0.039,0.065
0.040,0.064
0.038,0.063
0.038,0.064
0.040,0.063
0.038,0.064
0.038,0.064
0.039,0.065
0.037,0.067
0.038,0.068
0.039,0.068
0.036,0.067
0.037,0.067
0.038,0.066
0.036,0.066
0.037,0.064
0.037,0.063
0.034,0.062
0.035,0.059
0.036,0.060
0.033,0.061
0.034,0.061
0.034,0.063
0.032,0.065
0.035,0.065
0.035,0.066
0.033,0.066
0.035,0.065
0.035,0.065
0.033,0.064
0.035,0.063
0.034,0.063
0.032,0.061
0.034,0.060
0.033,0.061
0.032,0.059
0.034,0.060
0.031,0.061
0.031,0.059
0.033,0.060
0.031,0.060
0.030,0.058
0.033,0.060
0.030,0.059
0.029,0.057
0.032,0.058
0.029,0.059
0.030,0.057
0.031,0.059
0.028,0.059
0.029,0.057
0.030,0.059
0.028,0.060
0.028,0.059
0.029,0.061
0.025,0.061
0.026,0.060
0.027,0.062
0.024,0.062
0.023,0.062
0.024,0.062
0.021,0.061
0.021,0.060
0.022,0.061
0.020,0.058
0.020,0.056
0.019,0.056
0.018,0.056
0.018,0.054
0.017,0.057
0.016,0.057
0.015,0.057
0.016,0.058
0.013,0.056
0.013,0.056
0.014,0.057
0.011,0.056
0.010,0.054
0.008,0.055
0.007,0.054
0.006,0.052
0.005,0.052
0.003,0.050
0.003,0.051
0.004,0.050
0.002,0.050
0.001,0.049
0.002,0.049
0.001,0.049
0.001,0.048
-0.001,0.050
-0.002,0.051
-0.002,0.053
-0.001,0.055
-0.003,0.057
-0.004,0.057
-0.003,0.059
-0.004,0.059
-0.006,0.057
-0.007,0.057
-0.008,0.055
-0.008,0.055
-0.009,0.056
-0.011,0.056
-0.011,0.058
-0.011,0.059
-0.011,0.059
-0.012,0.058
-0.012,0.060
-0.014,0.058
-0.013,0.059
-0.014,0.056
-0.015,0.054
-0.015,0.055
-0.016,0.054
-0.016,0.054
-0.016,0.053
-0.018,0.054
-0.018,0.054
-0.019,0.055
-0.019,0.054
-0.020,0.054
-0.020,0.055
-0.020,0.055
-0.020,0.054
-0.020,0.054
-0.020,0.056
-0.021,0.055
-0.021,0.057
-0.022,0.057
-0.022,0.058
-0.022,0.059
-0.021,0.060
-0.024,0.059
-0.022,0.058
-0.022,0.059
-0.022,0.056
-0.021,0.055
-0.022,0.054
-0.022,0.054
-0.020,0.053
-0.021,0.052
-0.023,0.051
-0.020,0.050
-0.020,0.051
-0.020,0.050
-0.019,0.050
-0.019,0.053
-0.018,0.054
-0.017,0.054
-0.017,0.055
-0.018,0.056
-0.016,0.057
-0.016,0.057
-0.016,0.056
-0.015,0.058
-0.014,0.059
-0.014,0.057
-0.013,0.057
-0.013,0.055
-0.014,0.054
-0.012,0.055
-0.011,0.054
-0.011,0.054
-0.010,0.055
-0.011,0.057
-0.009,0.055
-0.010,0.055
-0.011,0.056
-0.010,0.055
-0.009,0.055
-0.009,0.053
-0.008,0.051
-0.007,0.051
-0.008,0.050
-0.006,0.049
-0.007,0.050
-0.007,0.051
-0.008,0.050
-0.007,0.051
-0.009,0.051
-0.010,0.048
-0.009,0.050
-0.010,0.050
-0.009,0.049
-0.010,0.050
-0.009,0.051
-0.008,0.050
-0.009,0.052
-0.010,0.051
-0.010,0.051
-0.009,0.051
-0.010,0.048
-0.009,0.046
-0.012,0.046
-0.011,0.045
-0.011,0.043
-0.012,0.043
-0.013,0.041
-0.012,0.041
-0.014,0.042
-0.015,0.040
-0.014,0.040
-0.016,0.043
-0.016,0.043
-0.016,0.043
-0.018,0.044
-0.018,0.043
-0.018,0.044
-0.019,0.044
-0.019,0.043
-0.018,0.045
-0.020,0.046
-0.019,0.044
-0.019,0.045
-0.022,0.045
-0.020,0.044
-0.021,0.044
-0.023,0.044
-0.023,0.042
-0.023,0.043
-0.025,0.042
-0.025,0.040
-0.025,0.040
-0.026,0.040
-0.026,0.040
-0.026,0.040
-0.026,0.041
-0.026,0.040
-0.027,0.040
-0.027,0.039
-0.028,0.040
-0.028,0.039
-0.028,0.040
-0.029,0.042
-0.029,0.042
-0.029,0.042
-0.029,0.042
-0.031,0.040
-0.030,0.040
-0.030,0.039
-0.031,0.039
-0.031,0.038
-0.031,0.038
-0.031,0.037
-0.031,0.038
-0.031,0.037
-0.031,0.037
-0.032,0.038
-0.032,0.038
-0.031,0.040
-0.031,0.040
-0.031,0.040
-0.031,0.040
-0.031,0.041
-0.031,0.040
-0.031,0.038
-0.031,0.039
-0.030,0.038
-0.030,0.038
-0.030,0.039
-0.030,0.039
-0.030,0.041
-0.030,0.041
-0.029,0.042
-0.029,0.042
-0.028,0.041
-0.028,0.041
-0.029,0.040
-0.027,0.040
-0.027,0.039
-0.028,0.039
-0.027,0.039
-0.026,0.039
-0.028,0.039
-0.027,0.040
-0.026,0.040
-0.029,0.041
-0.027,0.041
-0.028,0.040
-0.029,0.041
-0.028,0.041
-0.027,0.041
-0.029,0.043
-0.028,0.043
-0.027,0.043
-0.029,0.044
-0.028,0.043
-0.027,0.042
-0.027,0.043
-0.027,0.041
-0.026,0.038
-0.028,0.038
-0.028,0.037
-0.026,0.035
-0.028,0.035
-0.028,0.035
-0.026,0.035
-0.028,0.036
-0.026,0.035
-0.027,0.036
-0.028,0.037
-0.026,0.036
-0.026,0.037
-0.027,0.038
-0.026,0.037
-0.026,0.037
-0.028,0.038
-0.026,0.037
-0.025,0.036
-0.028,0.036
-0.025,0.034
-0.025,0.034
-0.027,0.034
-0.024,0.033
-0.025,0.035
-0.027,0.035
-0.024,0.035
-0.026,0.036
-0.027,0.036
-0.025,0.036
-0.027,0.038
-0.027,0.036
-0.025,0.036
-0.027,0.036
-0.026,0.034
-0.023,0.033
-0.026,0.032
-0.025,0.032
-0.022,0.031
-0.025,0.032
-0.024,0.031
-0.021,0.032
-0.023,0.031
-0.022,0.029
-0.019,0.030
-0.022,0.029
-0.020,0.028
-0.019,0.028
-0.022,0.029
-0.020,0.028
-0.020,0.028
-0.023,0.028
-0.021,0.029
-0.021,0.029
-0.023,0.028
-0.022,0.027
-0.022,0.027
-0.023,0.026
-0.022,0.026
-0.021,0.027
-0.022,0.028
-0.022,0.028
-0.021,0.029
-0.023,0.028
-0.023,0.030
-0.023,0.028
-0.025,0.028
-0.025,0.029
-0.025,0.026
-0.026,0.026
-0.026,0.026
-0.026,0.025
-0.028,0.024
-0.028,0.025
-0.029,0.024
-0.030,0.024
-0.029,0.026
-0.030,0.025
-0.032,0.024
-0.031,0.024
-0.031,0.022
-0.032,0.022
-0.031,0.022
-0.031,0.022
-0.033,0.023
-0.033,0.024
-0.033,0.025
-0.036,0.026
-0.036,0.027
-0.037,0.028
-0.038,0.028
-0.038,0.028
-0.039,0.027
-0.041,0.027
-0.042,0.026
-0.041,0.026
-0.042,0.026
-0.042,0.026
-0.042,0.025
-0.043,0.025
-0.042,0.025
-0.043,0.025
-0.044,0.024
-0.043,0.025
-0.043,0.024
-0.045,0.023
-0.043,0.024
-0.044,0.023
-0.045,0.022
-0.045,0.023
-0.046,0.023
-0.047,0.023
-0.047,0.023
-0.047,0.024
-0.048,0.024
-0.046,0.024
-0.048,0.023
-0.048,0.023
-0.046,0.024
-0.048,0.025
-0.048,0.025
-0.046,0.025
-0.046,0.025
-0.047,0.025
-0.045,0.024
-0.046,0.024
-0.046,0.024
-0.044,0.022
-0.044,0.021
-0.045,0.021
-0.042,0.019
-0.042,0.019
-0.042,0.018
-0.040,0.018
-0.040,0.018
-0.041,0.017
-0.039,0.017
-0.040,0.019
-0.040,0.019
-0.037,0.020
-0.038,0.022
-0.037,0.021
-0.034,0.022
-0.037,0.022
-0.037,0.021
-0.033,0.021
-0.035,0.021
-0.034,0.020
-0.032,0.020
-0.033,0.021
-0.031,0.020
-0.030,0.019
-0.031,0.021
-0.030,0.019
-0.028,0.021
-0.030,0.021
-0.029,0.021
-0.029,0.022
-0.029,0.022
-0.027,0.021
-0.028,0.020
-0.028,0.018
-0.027,0.018
-0.027,0.020
-0.026,0.019
-0.025,0.022
-0.025,0.023
-0.025,0.022
-0.023,0.022
-0.023,0.021
-0.022,0.018
-0.020,0.019
-0.022,0.019
-0.021,0.017
-0.020,0.018
-0.021,0.018
-0.022,0.017
-0.019,0.016
-0.020,0.015
-0.020,0.012
-0.018,0.013
-0.019,0.012
-0.019,0.011
-0.020,0.011
-0.020,0.011
-0.020,0.011
-0.020,0.012
-0.021,0.012
-0.020,0.012
-0.020,0.013
-0.021,0.012
-0.020,0.011
-0.020,0.012
-0.020,0.012
-0.020,0.011
-0.020,0.013
-0.020,0.013
-0.019,0.012
-0.019,0.012
-0.019,0.011
-0.018,0.010
-0.018,0.010
-0.018,0.010
-0.018,0.009
-0.018,0.009
-0.019,0.008
-0.019,0.007
-0.020,0.007
-0.020,0.007
-0.019,0.007
-0.019,0.008
-0.019,0.008
-0.020,0.006
-0.020,0.005
-0.020,0.002
-0.021,0.000
-0.020,0.000
-0.022,-0.000
-0.021,0.000
-0.023,0.001
-0.024,0.002
-0.024,0.003
-0.025,0.003
-0.026,0.003
-0.028,0.003
-0.028,0.005
-0.030,0.003
-0.031,0.002
-0.032,0.002
-0.032,-0.000
-0.033,-0.003
-0.035,-0.004
-0.034,-0.004
-0.035,-0.004
-0.037,-0.004
-0.036,-0.004
-0.036,-0.003
-0.038,-0.003
-0.037,-0.003
-0.038,-0.003
-0.040,-0.004
-0.039,-0.006
-0.040,-0.005
-0.042,-0.005
-0.041,-0.005
-0.041,-0.003
-0.041,-0.003
-0.041,-0.004
-0.041,-0.004
-0.041,-0.005
-0.039,-0.005
-0.040,-0.005
-0.040,-0.005
-0.039,-0.004
-0.039,-0.002
-0.039,-0.000
-0.040,0.000
-0.040,0.000
-0.039,0.001
-0.038,0.001
-0.037,0.001
-0.036,0.002
-0.036,0.001
-0.037,-0.000
-0.034,-0.001
-0.034,-0.002
-0.033,-0.003
-0.033,-0.003
-0.033,-0.003
-0.034,-0.003
-0.034,-0.001
-0.035,0.001
-0.035,0.001
-0.033,0.001
-0.033,0.001
-0.032,0.000
-0.031,-0.000
-0.030,-0.000
-0.030,-0.002
-0.030,-0.002
-0.030,-0.003
-0.030,-0.004
-0.028,-0.004
-0.029,-0.003
-0.028,-0.004
-0.027,-0.003
-0.027,-0.002
-0.026,-0.003
-0.027,-0.003
-0.026,-0.004
-0.024,-0.005
-0.024,-0.003
-0.024,-0.003
-0.023,-0.001
-0.023,0.001
-0.023,0.000
-0.021,0.000
-0.022,0.001
-0.020,0.001
-0.020,0.000
-0.020,0.002
-0.018,-0.000
-0.018,0.000
-0.019,0.001
-0.019,0.000
-0.017,0.001
-0.016,0.002
-0.016,0.001
-0.015,0.002
-0.015,0.003
-0.014,0.001
-0.015,0.001
-0.015,0.001
-0.013,0.000
-0.014,0.002
-0.013,0.001
-0.011,0.001
-0.013,0.001
-0.011,-0.000
-0.010,-0.001
-0.012,-0.001
-0.010,-0.001
-0.008,-0.001
-0.010,0.001
-0.008,0.001
-0.007,0.003
-0.008,0.003
-0.006,0.002
-0.005,0.000
-0.005,0.000
-0.004,-0.001
-0.002,-0.003
-0.003,-0.003
-0.002,-0.004
-0.001,-0.004
-0.003,-0.003
-0.003,-0.004
-0.001,-0.003
-0.003,-0.003
-0.002,-0.003
-0.002,-0.004
-0.003,-0.003
-0.001,-0.003
-0.003,-0.003
-0.003,-0.001
-0.002,-0.002
-0.002,-0.001
-0.003,0.000
-0.002,-0.001
-0.002,-0.001
-0.003,-0.000
-0.001,-0.002
-0.001,-0.003
-0.001,-0.002
0.002,-0.005
0.002,-0.004
0.001,-0.004
0.004,-0.005
0.003,-0.005
0.002,-0.005
0.004,-0.006
0.003,-0.005
0.002,-0.004
0.004,-0.005
0.004,-0.004
0.004,-0.004
0.006,-0.004
0.005,-0.004
0.003,-0.003
0.006,-0.004
0.005,-0.004
0.004,-0.006
0.006,-0.008
0.004,-0.007
0.004,-0.009
0.005,-0.009
0.004,-0.008
0.006,-0.008
0.007,-0.009
0.006,-0.010
0.007,-0.011
0.009,-0.012
0.007,-0.012
0.007,-0.014
0.008,-0.013
0.006,-0.012
0.008,-0.013
0.009,-0.012
0.006,-0.013
0.008,-0.013
0.008,-0.013
0.006,-0.013
0.008,-0.013
0.008,-0.013
0.007,-0.013
0.009,-0.013
0.009,-0.011
0.008,-0.011
0.009,-0.011
0.010,-0.011
0.009,-0.013
0.010,-0.014
0.010,-0.014
0.009,-0.015
0.011,-0.015
0.012,-0.014
0.011,-0.014
0.011,-0.013
0.013,-0.013
0.012,-0.014
0.013,-0.013
0.014,-0.013
0.014,-0.014
0.014,-0.014
0.015,-0.015
0.015,-0.015
0.016,-0.015
0.017,-0.016
0.018,-0.016
0.018,-0.014
0.019,-0.014
0.019,-0.014
0.019,-0.014
0.019,-0.014
0.019,-0.015
0.020,-0.014
0.020,-0.016
0.019,-0.016
0.019,-0.015
0.020,-0.016
0.018,-0.015
0.019,-0.016
0.020,-0.015
0.017,-0.013
0.020,-0.012
0.021,-0.012
0.020,-0.011
0.022,-0.011
0.023,-0.012
0.023,-0.011
0.023,-0.012
0.024,-0.014
0.023,-0.014
0.026,-0.016
0.026,-0.016
0.024,-0.018
0.026,-0.018
0.025,-0.016
0.024,-0.017
0.026,-0.016
0.024,-0.015
0.024,-0.015
0.026,-0.012
0.024,-0.012
0.024,-0.011
0.027,-0.011
0.026,-0.010
0.026,-0.011
0.028,-0.010
0.027,-0.010
0.026,-0.012
0.029,-0.011
0.028,-0.011
0.028,-0.012
0.030,-0.012
0.029,-0.011
0.030,-0.012
0.033,-0.010
0.031,-0.010
0.031,-0.011
0.034,-0.011
0.032,-0.012
0.032,-0.014
0.034,-0.015
0.033,-0.016
0.033,-0.017
0.034,-0.016
0.033,-0.015
0.032,-0.015
0.035,-0.013
0.033,-0.012
0.034,-0.013
0.036,-0.012
0.035,-0.012
0.036,-0.013
0.038,-0.013
0.037,-0.012
0.039,-0.012
0.040,-0.011
0.040,-0.011
0.041,-0.010
0.043,-0.009
0.041,-0.009
0.043,-0.010
0.043,-0.011
0.041,-0.012
0.042,-0.014
0.043,-0.012
0.042,-0.013
0.042,-0.013
0.042,-0.013
0.041,-0.013
0.042,-0.014
0.043,-0.013
0.042,-0.013
0.043,-0.012
0.043,-0.009
0.041,-0.008
0.042,-0.007
0.043,-0.006
0.041,-0.006
0.042,-0.005
0.043,-0.005
0.042,-0.005
0.043,-0.006
0.042,-0.007
0.042,-0.008
0.044,-0.007
0.043,-0.007
0.043,-0.008
0.043,-0.006
0.042,-0.007
0.042,-0.008
0.043,-0.007
0.041,-0.008
0.042,-0.010
0.042,-0.009
0.042,-0.009
0.043,-0.010
0.044,-0.007
0.043,-0.008
0.044,-0.009
0.044,-0.008
0.044,-0.010
0.045,-0.012
0.044,-0.013
0.045,-0.013
0.046,-0.014
0.046,-0.012
0.047,-0.012
0.047,-0.012
0.047,-0.013
0.049,-0.013
0.048,-0.011
0.048,-0.010
0.049,-0.010
0.049,-0.009
0.048,-0.008
0.050,-0.007
0.050,-0.005
0.050,-0.003
0.051,-0.002
0.051,-0.000
0.051,0.000
0.051,0.001
0.052,0.001
0.052,-0.000
0.053,-0.001
0.053,-0.003
0.054,-0.004
0.055,-0.003
0.054,-0.003
0.055,-0.003
0.055,-0.002
0.055,-0.002
0.056,-0.003
0.055,-0.003
0.056,-0.004
0.055,-0.003
0.056,-0.004
0.056,-0.004
0.056,-0.004
0.057,-0.005
0.058,-0.006
0.057,-0.006
0.058,-0.006
0.059,-0.006
0.058,-0.005
0.058,-0.005
0.059,-0.003
0.058,-0.002
0.060,-0.002
0.060,-0.002
0.060,-0.001
0.061,-0.001
0.061,-0.001
0.060,0.001
0.061,0.001
0.062,0.000
0.062,0.001
0.063,-0.001
0.064,-0.001
0.064,0.000
0.064,0.000
0.066,-0.001
0.065,0.000
0.066,0.000
0.067,-0.001
0.067,0.001
0.068,-0.001
0.068,0.001
0.069,0.003
0.070,0.002
0.071,0.002
0.071,0.002
0.072,0.001
0.073,0.001
0.073,0.002
0.074,0.001
0.074,0.000
0.074,0.001
0.075,-0.002
0.077,-0.002
0.076,-0.002
0.078,-0.004
0.079,-0.004
0.077,-0.003
0.078,-0.004
0.078,-0.003
0.079,-0.003
0.080,-0.004
0.080,-0.004
0.080,-0.003
0.082,-0.004
0.082,-0.004
0.082,-0.004
0.086,-0.005
0.084,-0.003
0.085,-0.003
0.087,-0.003
0.086,-0.002
0.089,-0.003
0.091,-0.002
0.089,-0.002
0.091,-0.002
0.094,-0.001
0.092,-0.001
0.094,-0.003
0.095,-0.003
0.094,-0.003
0.096,-0.003
0.096,-0.001
0.095,-0.001
0.098,-0.001
0.100,-0.000
0.099,0.001
0.101,0.001
0.101,0.003
0.101,0.003
0.102,0.002
0.103,0.003
0.103,0.004
0.104,0.005
0.105,0.006
0.103,0.005
0.104,0.006
0.105,0.007
0.104,0.008
0.107,0.009
0.105,0.008
0.105,0.008
0.107,0.008
0.109,0.006
0.108,0.006
0.109,0.005
0.110,0.006
0.109,0.006
0.111,0.007
0.109,0.005
0.110,0.005
0.111,0.006
0.110,0.007
0.109,0.008
0.109,0.007
0.110,0.007
0.108,0.007
0.110,0.007
0.109,0.007
0.108,0.008
0.109,0.007
0.109,0.006
0.108,0.006
0.109,0.004
0.108,0.006
0.106,0.004
0.108,0.003
0.107,0.002
0.106,-0.000
0.107,-0.001
0.107,-0.002
0.105,-0.003
0.107,-0.003
0.106,-0.004
0.105,-0.006
0.108,-0.005
0.104,-0.005
0.105,-0.005
0.106,-0.004
0.104,-0.004
0.104,-0.003
0.105,-0.004
0.103,-0.005
0.102,-0.005
0.102,-0.005
0.099,-0.005
0.101,-0.005
0.102,-0.003
0.100,-0.002
0.099,-0.002
0.101,-0.000
0.099,0.001
0.098,0.000
0.100,0.002
0.099,0.001
0.099,0.002
0.100,0.004
0.099,0.002
0.100,0.002
0.101,0.001
0.099,0.000
0.098,0.000
0.099,0.002
0.098,0.003
0.098,0.003
0.098,0.004
0.097,0.005
0.097,0.010
0.097,0.011
0.097,0.011
0.097,0.012
0.099,0.011
0.099,0.010
0.099,0.010
0.099,0.009
0.099,0.009
0.100,0.009
0.100,0.007
0.100,0.007
0.099,0.009
0.101,0.009
0.101,0.009
0.101,0.010
0.102,0.010
0.101,0.011
0.102,0.012
0.103,0.012
0.101,0.013
0.102,0.014
0.104,0.014
0.103,0.016
0.102,0.015
0.104,0.014
0.103,0.015
0.103,0.014
0.105,0.012
0.104,0.013
0.107,0.012
0.108,0.011
0.107,0.011
0.108,0.010
0.108,0.010
0.108,0.009
0.109,0.009
0.110,0.008
0.109,0.009
0.111,0.011
0.111,0.013
0.110,0.015
0.112,0.016
0.112,0.018
0.112,0.018
0.114,0.017
0.114,0.017
0.114,0.015
0.115,0.014
0.115,0.013
0.115,0.013
0.117,0.013
0.117,0.014
0.117,0.013
0.119,0.014
0.120,0.014
0.119,0.012
0.120,0.013
0.121,0.013
0.120,0.014
0.122,0.014
0.121,0.015
0.120,0.016
0.121,0.017
0.120,0.019
0.120,0.019
0.120,0.020
0.119,0.021
0.118,0.020
0.119,0.021
0.118,0.021
0.119,0.019
0.119,0.020
0.118,0.022
0.119,0.019
0.120,0.020
0.119,0.019
0.119,0.016
0.120,0.018
0.118,0.017
0.118,0.016
0.118,0.018
0.116,0.019
0.116,0.019
0.115,0.020
0.114,0.020
0.115,0.020
0.116,0.022
0.114,0.022
0.114,0.022
0.114,0.025
0.113,0.026
0.113,0.025
0.113,0.027
0.113,0.026
0.113,0.025
0.113,0.026
0.113,0.024
0.114,0.023
0.112,0.022
0.112,0.018
0.114,0.018
0.112,0.018
0.112,0.015
0.114,0.015
0.112,0.015
0.114,0.013
0.114,0.013
0.113,0.014
0.114,0.012
0.115,0.014
0.112,0.016
0.113,0.017
0.112,0.019
0.111,0.020
0.112,0.019
0.111,0.021
0.111,0.022
0.112,0.022
0.113,0.024
0.113,0.025
0.114,0.027
0.114,0.027
0.112,0.027
0.113,0.027
0.113,0.024
0.113,0.024
0.113,0.023
0.111,0.021
0.112,0.020
0.112,0.020
0.112,0.019
0.113,0.018
0.113,0.020
0.112,0.020
0.112,0.023
0.111,0.025
0.110,0.027
0.111,0.028
0.111,0.029
0.111,0.030
0.111,0.031
0.112,0.032
0.111,0.031
0.110,0.032
0.110,0.030
0.110,0.030
0.110,0.030
0.110,0.029
0.110,0.028
0.110,0.029
0.110,0.030
0.111,0.030
0.111,0.031
0.110,0.032
0.110,0.032
0.112,0.035
0.111,0.036
0.112,0.037
0.112,0.039
0.113,0.039
0.113,0.038
0.113,0.037
0.114,0.036
0.114,0.036
0.114,0.036
0.114,0.036
0.112,0.036
0.114,0.036
0.113,0.036
0.113,0.036
0.114,0.036
0.116,0.036
0.114,0.037
0.116,0.036
0.117,0.037
0.116,0.039
0.118,0.039
0.118,0.040
0.119,0.041
0.120,0.041
0.121,0.040
0.121,0.038
0.122,0.038
0.122,0.037
0.122,0.037
0.123,0.037
0.124,0.037
0.124,0.040
0.126,0.041
0.127,0.042
0.127,0.045
0.128,0.046
0.130,0.045
0.128,0.045
0.130,0.044
0.131,0.043
0.129,0.044
0.131,0.043
0.131,0.043
0.130,0.043
0.131,0.042
0.133,0.041
0.131,0.040
0.134,0.037
0.135,0.037
0.134,0.038
0.136,0.037
0.136,0.038
0.135,0.040
0.138,0.039
0.137,0.041
0.137,0.042
0.139,0.041
0.137,0.041
0.137,0.043
0.140,0.042
0.138,0.044
0.138,0.044
0.140,0.043
0.139,0.046
0.140,0.044
0.142,0.044
0.139,0.045
0.140,0.042
0.142,0.041
0.139,0.041
0.140,0.040
0.141,0.040
0.138,0.041
0.137,0.040
0.139,0.041
0.135,0.042
0.135,0.041
0.137,0.042
0.133,0.041
0.134,0.040
0.136,0.041
0.133,0.041
0.134,0.041
0.133,0.042
0.131,0.043
0.130,0.043
0.130,0.045
0.128,0.044
0.128,0.045
0.128,0.046
0.127,0.047
0.127,0.048
0.127,0.049
0.126,0.050
0.126,0.050
0.126,0.049
0.124,0.047
0.125,0.046
0.124,0.045
0.122,0.043
0.123,0.042
0.122,0.042
0.120,0.042
0.121,0.042
0.119,0.042
0.118,0.042
0.118,0.043
0.117,0.043
0.115,0.043
0.116,0.044
0.116,0.045
0.114,0.045
0.114,0.045
0.113,0.045
0.113,0.045
0.113,0.046
0.113,0.047
0.111,0.048
0.112,0.050
0.111,0.049
0.109,0.050
0.110,0.051
0.109,0.052
0.108,0.053
0.110,0.055
0.109,0.056
0.108,0.056
0.109,0.056
0.109,0.056
0.107,0.056
0.108,0.057
0.107,0.057
0.107,0.057
0.108,0.058
0.108,0.058
0.107,0.058
0.108,0.060
0.107,0.060
0.107,0.060
0.108,0.059
0.107,0.058
0.107,0.056
0.109,0.055
0.107,0.054
0.108,0.053
0.110,0.054
0.109,0.055
0.109,0.054
0.112,0.056
0.110,0.057
0.111,0.059
0.112,0.060
0.111,0.060
0.111,0.059
0.112,0.057
0.112,0.055
0.111,0.054
0.113,0.052
0.113,0.052
0.111,0.053
0.113,0.053
0.112,0.055
0.112,0.057
0.113,0.058
0.112,0.059
0.112,0.060
0.114,0.062
0.114,0.063
0.114,0.063
0.117,0.063
0.115,0.064
0.116,0.064
0.118,0.063
0.117,0.063
0.118,0.062
0.119,0.062
0.119,0.063
0.118,0.062
0.120,0.062
0.118,0.065
0.118,0.065
0.120,0.066
0.117,0.066
0.118,0.065
0.118,0.067
0.117,0.065
0.118,0.065
0.119,0.065
0.118,0.063
0.117,0.063
0.117,0.062
0.115,0.063
0.116,0.063
0.114,0.065
0.113,0.065
0.113,0.065
0.112,0.067
0.111,0.066
0.112,0.067
0.110,0.068
0.109,0.067
0.111,0.067
0.108,0.067
0.109,0.065
0.109,0.064
0.108,0.065
0.107,0.064
0.108,0.065
0.107,0.067
0.105,0.067
0.107,0.068
0.106,0.067
0.105,0.067
0.106,0.066
0.105,0.066
0.104,0.066
0.103,0.068
0.102,0.069
0.102,0.069
0.103,0.071
0.102,0.071
0.101,0.069
0.101,0.070
0.100,0.071
0.100,0.070
0.101,0.071
0.100,0.072
0.101,0.072
0.100,0.073
0.098,0.073
0.098,0.073
0.097,0.074
0.095,0.073
0.096,0.073
0.095,0.074
0.095,0.074
0.096,0.073
0.094,0.075
0.095,0.074
0.094,0.074
0.092,0.075
0.093,0.075
0.094,0.075
0.091,0.076
0.091,0.075
0.092,0.075
0.088,0.077
0.090,0.075
0.090,0.075
0.088,0.075
0.089,0.073
0.089,0.074
0.087,0.074
0.088,0.074
0.088,0.075
0.086,0.077
0.088,0.076
0.087,0.076
0.085,0.076
0.087,0.074
0.086,0.075
0.084,0.074
0.085,0.074
0.084,0.075
0.082,0.076
0.084,0.076
0.083,0.076
0.082,0.076
0.084,0.074
0.083,0.075
0.083,0.073
0.084,0.073
0.083,0.073
0.082,0.073
0.083,0.074
0.082,0.073
0.080,0.074
0.081,0.073
0.080,0.073
0.080,0.073
0.080,0.072
0.079,0.073
0.078,0.073
0.078,0.073
0.077,0.073
0.077,0.076
0.077,0.077
0.076,0.077
0.076,0.078
0.076,0.078
0.077,0.078
0.077,0.078
0.077,0.078
0.076,0.077
0.076,0.077
0.076,0.075
0.075,0.075
0.076,0.075
0.076,0.075
0.076,0.075
0.075,0.076
0.076,0.077
0.075,0.077
0.075,0.078
0.075,0.076
0.074,0.075
0.075,0.074
0.075,0.072
0.073,0.071
0.074,0.071
0.074,0.071
0.073,0.070
0.074,0.070
0.075,0.071
0.073,0.072
0.075,0.072
0.075,0.073
0.074,0.075
0.075,0.075
0.075,0.077
0.074,0.075
0.074,0.075
0.075,0.075
0.073,0.075
0.074,0.075
0.074,0.074
0.072,0.075
0.073,0.074
0.073,0.073
0.073,0.073
0.074,0.073
0.073,0.072
0.071,0.072
0.071,0.074
0.072,0.075
0.071,0.076
0.070,0.078
0.071,0.077
0.070,0.078
0.071,0.077
0.071,0.075
0.070,0.075
0.071,0.075
0.070,0.073
0.068,0.073
0.069,0.074
0.069,0.072
0.068,0.072
0.068,0.071
0.069,0.069
0.068,0.070
0.069,0.070
0.069,0.071
0.067,0.074
0.068,0.076
0.069,0.077
0.066,0.080
0.067,0.080
0.067,0.081
0.063,0.083
0.064,0.082
0.064,0.082
0.062,0.083
0.063,0.082
0.063,0.082
0.061,0.083
0.062,0.081
0.063,0.081
0.061,0.083
0.062,0.081
0.063,0.082
0.060,0.083
0.062,0.082
0.061,0.082
0.060,0.085
0.062,0.083
0.062,0.082
0.060,0.082
0.063,0.079
0.063,0.078
0.061,0.077
0.063,0.076
0.063,0.076
0.061,0.077
0.063,0.076
0.062,0.077
0.060,0.078
0.062,0.077
0.059,0.078
0.058,0.079
0.060,0.078
0.058,0.078
0.057,0.076
0.060,0.075
0.058,0.074
0.057,0.073
0.059,0.071
0.056,0.072
0.057,0.071
0.057,0.071
0.055,0.074
0.055,0.073
0.057,0.076
0.054,0.077
0.056,0.076
0.057,0.078
0.054,0.078
0.056,0.077
0.057,0.077
0.053,0.076
0.055,0.075
0.056,0.075
0.053,0.074
0.054,0.074
0.055,0.075
0.053,0.074
0.055,0.073
0.055,0.074
0.053,0.075
0.054,0.075
0.053,0.075
0.051,0.074
0.052,0.074
0.052,0.074
0.051,0.073
0.052,0.075
0.051,0.075
0.050,0.075
0.051,0.077
0.050,0.077
0.049,0.075
0.049,0.076
0.049,0.076
0.047,0.074
0.047,0.075
0.046,0.073
0.045,0.071
0.045,0.071
0.046,0.069
0.045,0.069
0.046,0.070
0.046,0.071
0.045,0.069
0.046,0.072
0.045,0.072
0.044,0.074
0.045,0.075
0.045,0.076
0.044,0.077
0.045,0.078
0.045,0.077
0.044,0.077
0.044,0.076
0.046,0.075
0.044,0.075
0.046,0.075
0.047,0.074
0.047,0.075
0.049,0.075
0.049,0.075
0.047,0.076
0.048,0.075
0.049,0.074
0.045,0.074
0.047,0.074
0.047,0.073
0.045,0.072
0.047,0.072
0.047,0.071
0.045,0.071
0.046,0.070
0.045,0.071
0.044,0.070
0.046,0.070
0.045,0.070
0.045,0.070
0.047,0.071
0.045,0.071
0.045,0.070
0.047,0.069
0.045,0.068
0.045,0.065
0.046,0.064
0.044,0.063
0.043,0.063
0.046,0.064
0.043,0.066
0.042,0.067
0.045,0.067
0.043,0.068
0.042,0.068
0.044,0.068
0.043,0.068
0.042,0.068
0.043,0.067
0.042,0.066
0.041,0.065
0.042,0.063
0.040,0.065
0.040,0.066
0.041,0.068
0.039,0.068
0.039,0.068
0.041,0.069
0.038,0.069
0.038,0.069
0.040,0.068
0.038,0.068
0.039,0.066
0.040,0.065
0.039,0.065
0.039,0.064
0.040,0.064
0.038,0.064
0.039,0.064
0.040,0.065
0.036,0.066
0.038,0.067
0.038,0.069
0.036,0.069
0.036,0.068
0.036,0.069
0.035,0.067
0.035,0.067
0.036,0.067
0.034,0.064
0.036,0.064
0.035,0.064
0.034,0.062
0.035,0.063
0.034,0.065
0.034,0.063
0.035,0.066
0.034,0.067
0.033,0.065
0.034,0.066
0.032,0.065
0.032,0.062
0.032,0.064
0.031,0.064
0.031,0.061
0.031,0.063
0.030,0.063
0.030,0.061
0.030,0.062
0.030,0.060
0.028,0.059
0.027,0.060
0.026,0.059
0.026,0.059
0.025,0.060
0.024,0.060
0.025,0.059
0.025,0.060
0.024,0.058
0.024,0.059
0.023,0.061
0.023,0.061
0.022,0.062
0.021,0.062
0.022,0.062
0.022,0.063
0.021,0.063
0.021,0.062
0.020,0.063
0.021,0.065
0.019,0.064
0.018,0.064
0.016,0.065
0.016,0.064
0.014,0.065
0.013,0.062
0.013,0.062
0.011,0.062
0.011,0.062
0.011,0.061
0.009,0.062
0.008,0.062
0.009,0.063
0.007,0.063
0.006,0.062
0.006,0.063
0.004,0.062
0.004,0.061
0.004,0.059
0.002,0.058
0.002,0.058
0.001,0.059
0.001,0.059
-0.001,0.059
-0.002,0.060
-0.003,0.059
-0.002,0.060
-0.005,0.061
-0.005,0.061
-0.004,0.061
-0.006,0.061
-0.007,0.058
-0.009,0.058
-0.009,0.058
-0.010,0.057
-0.010,0.056
-0.013,0.056
-0.013,0.057
-0.011,0.060
-0.014,0.061
-0.015,0.062
-0.015,0.062
-0.014,0.062
-0.015,0.060
-0.015,0.061
-0.017,0.062
-0.017,0.061
-0.017,0.063
-0.018,0.060
-0.020,0.060
-0.019,0.061
-0.019,0.060
-0.020,0.060
-0.020,0.060
-0.019,0.061
-0.017,0.061
-0.017,0.063
-0.018,0.062
-0.017,0.063
-0.017,0.063
-0.017,0.062
-0.016,0.061
-0.016,0.062
-0.017,0.061
-0.016,0.061
-0.016,0.062
-0.017,0.060
-0.015,0.058
-0.015,0.060
-0.015,0.060
-0.015,0.058
-0.015,0.061
-0.015,0.062
-0.013,0.061
-0.013,0.064
-0.013,0.064
-0.012,0.066
-0.011,0.067
-0.012,0.064
-0.012,0.062
-0.012,0.062
-0.011,0.060
-0.012,0.060
-0.013,0.062
-0.012,0.062
-0.010,0.062
-0.010,0.062
-0.011,0.060
-0.011,0.060
-0.011,0.060
-0.010,0.058
-0.009,0.057
-0.011,0.058
-0.009,0.057
-0.009,0.058
-0.012,0.058
-0.009,0.055
-0.010,0.055
-0.010,0.053
-0.009,0.052
-0.010,0.052
-0.010,0.055
-0.008,0.053
-0.010,0.054
-0.009,0.053
-0.007,0.052
-0.010,0.054
-0.009,0.051
-0.010,0.051
-0.012,0.052
-0.010,0.049
-0.009,0.050
-0.012,0.051
-0.011,0.049
-0.010,0.050
-0.013,0.051
-0.011,0.048
-0.011,0.049
-0.013,0.050
-0.011,0.050
-0.011,0.052
-0.012,0.053
-0.011,0.052
-0.010,0.053
-0.013,0.053
-0.012,0.050
-0.013,0.050
-0.016,0.048
-0.013,0.047
-0.013,0.048
-0.015,0.048
-0.013,0.049
-0.014,0.051
-0.016,0.052
-0.013,0.053
-0.015,0.052
-0.016,0.052
-0.015,0.051
-0.018,0.050
-0.019,0.049
-0.019,0.049
-0.019,0.049
-0.020,0.049
-0.018,0.049
-0.020,0.050
-0.021,0.052
-0.019,0.054
-0.021,0.055
-0.021,0.055
-0.020,0.056
-0.022,0.056
-0.023,0.055
-0.022,0.055
-0.022,0.054
-0.022,0.053
-0.022,0.051
-0.023,0.051
-0.024,0.050
-0.023,0.049
-0.024,0.048
-0.026,0.048
-0.024,0.049
-0.025,0.050
-0.027,0.052
-0.026,0.053
-0.028,0.054
-0.029,0.056
-0.028,0.056
-0.029,0.056
-0.030,0.056
-0.029,0.055
-0.031,0.054
-0.032,0.053
-0.030,0.053
-0.031,0.053
-0.030,0.053
-0.030,0.054
-0.031,0.052
-0.030,0.051
-0.030,0.049
-0.032,0.047
-0.031,0.047
-0.029,0.047
-0.031,0.046
-0.029,0.047
-0.029,0.046
-0.030,0.045
-0.030,0.044
-0.029,0.045
-0.030,0.045
-0.030,0.044
-0.029,0.043
-0.031,0.042
-0.030,0.042
-0.029,0.041
-0.031,0.041
-0.030,0.042
-0.029,0.042
-0.030,0.043
-0.030,0.043
-0.029,0.042
-0.031,0.042
-0.031,0.042
-0.029,0.042
-0.031,0.043
-0.030,0.044
-0.029,0.043
-0.030,0.043
-0.030,0.043
-0.029,0.042
-0.029,0.042
-0.029,0.043
-0.028,0.040
-0.028,0.040
-0.027,0.040
-0.026,0.039
-0.026,0.039
-0.025,0.039
-0.024,0.037
-0.027,0.036
-0.025,0.035
-0.025,0.034
-0.027,0.034
-0.027,0.035
-0.027,0.034
-0.028,0.037
-0.027,0.036
-0.026,0.036
-0.028,0.036
-0.026,0.036
-0.025,0.036
-0.027,0.035
-0.025,0.034
-0.025,0.032
-0.028,0.033
-0.026,0.032
-0.025,0.032
-0.027,0.032
-0.025,0.030
-0.024,0.031
-0.026,0.032
-0.024,0.033
-0.025,0.034
-0.026,0.034
-0.024,0.035
-0.025,0.036
-0.025,0.036
-0.023,0.036
-0.024,0.037
-0.024,0.036
-0.021,0.036
-0.024,0.035
-0.023,0.033
-0.020,0.033
-0.023,0.034
-0.023,0.034
-0.021,0.034
-0.023,0.035
-0.023,0.034
-0.021,0.035
-0.023,0.035
-0.023,0.033
-0.020,0.032
-0.022,0.032
-0.022,0.032
-0.019,0.033
-0.021,0.034
-0.021,0.034
-0.020,0.036
-0.022,0.037
-0.023,0.036
-0.022,0.036
-0.024,0.036
-0.025,0.034
-0.023,0.034
-0.025,0.034
-0.024,0.034
-0.024,0.033
-0.026,0.032
-0.024,0.031
-0.023,0.032
-0.024,0.032
-0.024,0.031
-0.024,0.030
-0.027,0.030
-0.026,0.028
-0.027,0.028
-0.029,0.026
-0.029,0.025
-0.029,0.027
-0.032,0.026
-0.032,0.027
-0.031,0.028
-0.033,0.028
-0.033,0.028
-0.032,0.028
-0.034,0.026
-0.033,0.025
-0.033,0.025
-0.034,0.023
-0.035,0.023
-0.035,0.024
-0.036,0.024
-0.037,0.025
-0.037,0.026
-0.040,0.026
-0.039,0.026
-0.040,0.026
-0.041,0.025
-0.041,0.023
-0.041,0.023
-0.042,0.021
-0.042,0.020
-0.043,0.019
-0.044,0.020
-0.044,0.021
-0.045,0.021
-0.045,0.021
-0.045,0.023
-0.046,0.023
-0.046,0.023
-0.047,0.024
-0.047,0.023
-0.049,0.022
-0.048,0.024
-0.049,0.024
-0.050,0.023
-0.050,0.024
-0.051,0.023
-0.052,0.022
-0.052,0.023
-0.051,0.022
-0.051,0.020
-0.050,0.021
-0.050,0.021
-0.049,0.021
-0.050,0.022
-0.050,0.023
-0.050,0.023
-0.049,0.023
-0.048,0.023
-0.048,0.023
-0.046,0.023
-0.045,0.022
-0.046,0.021
-0.045,0.020
-0.044,0.021
-0.045,0.020
-0.044,0.019
-0.044,0.020
-0.043,0.020
-0.042,0.021
-0.042,0.022
-0.042,0.023
-0.041,0.022
-0.040,0.023
-0.040,0.023
-0.039,0.022
-0.038,0.023
-0.038,0.022
-0.036,0.022
-0.035,0.022
-0.035,0.023
-0.033,0.023
-0.033,0.022
-0.032,0.023
-0.030,0.023
-0.030,0.023
-0.029,0.021
-0.028,0.021
-0.028,0.022
-0.027,0.019
-0.025,0.020
-0.026,0.020
-0.025,0.019
-0.024,0.021
-0.025,0.022
-0.023,0.020
-0.022,0.021
-0.023,0.021
-0.023,0.019
-0.022,0.020
-0.022,0.019
-0.021,0.018
-0.021,0.019
-0.021,0.018
-0.018,0.018
-0.020,0.019
-0.019,0.017
-0.018,0.016
-0.020,0.017
-0.019,0.015
-0.018,0.016
-0.019,0.018
-0.018,0.017
-0.016,0.018
-0.017,0.020
-0.016,0.019
-0.014,0.019
-0.016,0.021
-0.015,0.019
-0.015,0.019
-0.016,0.020
-0.015,0.018
-0.015,0.017
-0.016,0.017
-0.015,0.015
-0.015,0.013
-0.015,0.012
-0.015,0.010
-0.015,0.010
-0.016,0.011
-0.014,0.011
-0.014,0.013
-0.015,0.014
-0.015,0.015
-0.015,0.017
-0.016,0.017
-0.015,0.016
-0.016,0.015
-0.015,0.016
-0.014,0.014
-0.015,0.014
-0.015,0.016
-0.015,0.016
-0.016,0.016
-0.018,0.015
-0.017,0.015
-0.019,0.014
-0.019,0.013
-0.020,0.012
-0.021,0.013
-0.021,0.011
-0.021,0.009
-0.022,0.008
-0.024,0.006
-0.023,0.005
-0.026,0.004
-0.027,0.004
-0.028,0.004
-0.031,0.006
-0.030,0.007
-0.031,0.007
-0.033,0.006
-0.033,0.005
-0.033,0.005
-0.035,0.004
-0.035,0.002
-0.035,0.001
-0.038,0.000
-0.036,0.000
-0.037,0.001
-0.039,0.002
-0.038,0.003
-0.039,0.005
-0.041,0.006
-0.039,0.006
-0.040,0.007
-0.041,0.008
-0.039,0.009
-0.039,0.010
-0.041,0.010
-0.040,0.010
-0.040,0.011
-0.041,0.009
-0.041,0.009
-0.041,0.010
-0.042,0.009
-0.041,0.009
-0.041,0.007
-0.042,0.006
-0.041,0.004
-0.041,0.003
-0.041,0.002
-0.040,0.002
-0.040,0.002
-0.039,0.003
-0.039,0.005
-0.039,0.005
-0.039,0.007
-0.039,0.008
-0.039,0.006
-0.040,0.005
-0.038,0.004
-0.038,0.002
-0.038,0.002
-0.037,0.003
-0.035,0.003
-0.035,0.005
-0.033,0.006
-0.031,0.006
-0.030,0.009
-0.029,0.008
-0.029,0.008
-0.030,0.009
-0.028,0.010
-0.028,0.010
-0.029,0.011
-0.029,0.010
-0.027,0.011
-0.027,0.013
-0.025,0.010
-0.024,0.010
-0.025,0.011
-0.022,0.009
-0.022,0.010
-0.024,0.010
-0.023,0.010
-0.023,0.010
-0.024,0.010
-0.022,0.008
-0.021,0.008
-0.022,0.007
-0.020,0.004
-0.020,0.004
-0.021,0.004
-0.018,0.004
-0.019,0.004
-0.020,0.006
-0.017,0.007
-0.018,0.009
-0.017,0.009
-0.015,0.007
-0.015,0.008
-0.015,0.007
-0.012,0.006
-0.015,0.005
-0.014,0.003
-0.012,0.003
-0.014,0.003
-0.014,0.002
-0.012,0.002
-0.013,0.003
-0.012,0.003
-0.009,0.002
-0.011,0.004
-0.010,0.003
-0.007,0.003
-0.010,0.004
-0.008,0.003
-0.005,0.003
-0.007,0.003
-0.005,0.001
-0.003,0.000
-0.005,-0.000
-0.005,-0.002
-0.003,-0.002
-0.004,-0.001
-0.003,-0.002
-0.002,-0.002
-0.004,-0.001
-0.002,-0.001
-0.002,0.000
-0.003,0.000
-0.002,0.000
-0.001,0.000
-0.003,0.000
-0.001,-0.000
-0.000,-0.000
-0.002,-0.000
0.000,-0.001
0.001,-0.001
0.000,-0.003
0.002,-0.002
0.003,-0.002
0.001,-0.003
0.003,-0.003
0.004,-0.002
0.003,-0.002
0.006,-0.003
0.005,-0.003
0.004,-0.003
0.007,-0.003
0.006,-0.002
0.005,-0.002
0.007,-0.001
0.007,-0.000
0.006,0.000
0.007,-0.001
0.008,-0.000
0.006,-0.001
0.008,-0.002
0.007,-0.002
0.006,-0.003
0.009,-0.004
0.008,-0.006
0.006,-0.007
0.009,-0.008
0.008,-0.008
0.007,-0.009
0.009,-0.009
0.008,-0.008
0.007,-0.008
0.009,-0.006
0.008,-0.005
0.007,-0.006
0.010,-0.004
0.008,-0.005
0.008,-0.006
0.008,-0.005
0.006,-0.005
0.007,-0.005
0.008,-0.004
0.006,-0.003
0.007,-0.003
0.010,-0.002
0.007,-0.002
0.009,-0.002
0.010,-0.002
0.008,-0.003
0.010,-0.005
0.011,-0.004
0.010,-0.005
0.012,-0.006
0.013,-0.004
0.012,-0.003
0.013,-0.003
0.013,-0.002
0.012,-0.003
0.013,-0.001
0.014,-0.000
0.013,-0.000
0.013,0.001
0.015,0.001
0.014,-0.000
0.013,-0.001
0.015,-0.002
0.015,-0.003
0.015,-0.003
0.016,-0.003
0.016,-0.004
0.016,-0.002
0.017,-0.002
0.017,-0.002
0.017,-0.001
0.018,-0.001
0.018,-0.002
0.018,-0.002
0.020,-0.003
0.019,-0.005
0.020,-0.005
0.021,-0.006
0.020,-0.006
0.020,-0.006
0.021,-0.007
0.021,-0.007
0.020,-0.006
0.023,-0.006
0.021,-0.004
0.021,-0.003
0.024,-0.002
0.022,0.001
0.023,0.002
0.024,0.002
0.023,0.003
0.023,0.002
0.026,-0.001
0.024,-0.002
0.025,-0.003
0.027,-0.004
0.025,-0.004
0.026,-0.005
0.026,-0.004
0.025,-0.004
0.025,-0.004
0.026,-0.003
0.025,-0.003
0.027,-0.003
0.027,-0.003
0.027,-0.002
0.028,-0.001
0.028,-0.002
0.027,-0.002
0.028,-0.002
0.028,-0.002
0.027,-0.004
0.030,-0.003
0.028,-0.003
0.029,-0.004
0.030,-0.004
0.028,-0.004
0.029,-0.007
0.031,-0.008
0.030,-0.008
0.031,-0.011
0.032,-0.010
0.031,-0.010
0.030,-0.010
0.032,-0.010
0.032,-0.008
0.031,-0.008
0.033,-0.007
0.032,-0.005
0.032,-0.005
0.034,-0.004
0.034,-0.005
0.033,-0.006
0.035,-0.007
0.035,-0.007
0.035,-0.009
0.037,-0.009
0.036,-0.008
0.037,-0.010
0.038,-0.009
0.038,-0.010
0.038,-0.011
0.041,-0.010
0.040,-0.011
0.039,-0.011
0.041,-0.009
0.040,-0.007
0.040,-0.008
0.041,-0.006
0.040,-0.006
0.040,-0.007
0.041,-0.006
0.039,-0.005
0.040,-0.005
0.041,-0.005
0.039,-0.005
0.041,-0.006
0.041,-0.005
0.040,-0.006
0.042,-0.007
0.043,-0.004
0.042,-0.005
0.043,-0.005
0.043,-0.005
0.042,-0.005
0.043,-0.006
0.042,-0.006
0.042,-0.007
0.043,-0.006
0.042,-0.004
0.043,-0.005
0.044,-0.004
0.043,-0.003
0.044,-0.003
0.047,-0.002
0.045,0.000
0.046,-0.001
0.047,-0.000
0.045,0.000
0.047,-0.003
0.047,-0.003
0.047,-0.003
0.048,-0.005
0.048,-0.005
0.048,-0.005
0.048,-0.005
0.048,-0.004
0.047,-0.003
0.048,-0.002
0.047,-0.001
0.047,-0.000
0.048,0.000
0.048,0.002
0.048,0.002
0.049,0.002
0.049,0.000
0.049,-0.000
0.050,-0.002
0.049,-0.003
0.050,-0.003
0.050,-0.004
0.049,-0.005
0.050,-0.005
0.050,-0.006
0.049,-0.006
0.050,-0.005
0.050,-0.004
0.050,-0.004
0.051,-0.002
0.051,-0.001
0.051,0.000
0.053,0.002
0.054,0.003
0.054,0.002
0.055,0.002
0.055,0.001
0.055,-0.001
0.055,-0.000
0.056,-0.001
0.056,-0.002
0.057,-0.001
0.056,-0.003
0.055,-0.002
0.056,-0.003
0.056,-0.002
0.054,-0.002
0.056,-0.001
0.056,-0.001
0.055,-0.001
0.057,-0.002
0.057,-0.002
0.056,-0.002
0.058,-0.003
0.057,-0.002
0.056,-0.001
0.057,-0.001
0.058,0.000
0.055,0.000
0.058,0.001
0.059,0.001
0.058,0.001
0.059,0.000
0.060,-0.001
0.059,-0.002
0.059,-0.002
0.061,-0.003
0.060,-0.002
0.061,-0.001
0.062,-0.001
0.061,-0.000
0.062,0.001
0.062,-0.001
0.064,0.000
0.064,0.002
0.066,0.001
0.065,0.003
0.067,0.004
0.069,0.004
0.068,0.006
0.070,0.005
0.071,0.004
0.070,0.004
0.071,0.001
0.072,-0.001
0.070,-0.000
0.072,-0.002
0.074,-0.002
0.073,-0.002
0.074,-0.002
0.075,-0.001
0.075,0.000
0.078,0.001
0.077,0.002
0.077,0.004
0.081,0.005
0.079,0.005
0.079,0.004
0.083,0.004
0.082,0.004
0.083,0.003
0.084,0.003
0.082,0.006
0.083,0.005
0.087,0.004
0.085,0.006
0.085,0.006
0.089,0.007
0.088,0.008
0.088,0.006
0.092,0.005
0.092,0.005
0.094,0.004
0.097,0.003
0.095,0.005
0.096,0.003
0.100,0.004
0.097,0.006
0.098,0.006
0.101,0.007
0.100,0.007
0.101,0.008
0.102,0.006
0.101,0.007
0.103,0.005
0.104,0.005
0.101,0.005
0.103,0.003
0.104,0.003
0.103,0.000
0.104,0.000
0.105,-0.002
0.102,-0.001
0.104,-0.002
0.107,-0.001
0.106,-0.002
0.109,-0.002
0.108,0.002
0.107,0.002
0.109,0.001
0.110,0.001
0.107,-0.001
0.109,-0.002
0.110,-0.002
0.107,-0.003
0.108,-0.004
0.106,-0.003
0.107,-0.005
0.107,-0.003
0.105,-0.002
0.104,-0.003
0.106,-0.001
0.105,-0.001
0.104,-0.003
0.107,-0.002
0.104,-0.001
0.105,-0.002
0.105,0.002
0.103,-0.001
0.105,-0.003
0.106,-0.004
0.104,-0.005
0.104,-0.009
0.104,-0.007
0.102,-0.007
0.103,-0.009
0.103,-0.005
0.101,-0.005
0.101,-0.004
0.099,-0.001
0.100,-0.002
0.100,-0.001
0.100,0.002
0.099,0.002
0.099,0.002
0.097,0.002
0.097,0.002
0.096,0.002
0.095,0.001
0.097,-0.001
0.095,0.000
0.096,0.001
0.097,-0.001
0.097,0.001
0.097,0.002
0.098,0.002
0.098,0.002
0.097,0.001
0.096,-0.001
0.095,-0.002
0.098,-0.003
0.098,-0.003
0.097,-0.001
0.097,0.001
0.097,0.002
0.098,0.004
0.098,0.004
0.099,0.007
0.098,0.007
0.099,0.007
0.098,0.008
0.097,0.007
0.099,0.007
0.099,0.005
0.099,0.004
0.100,0.002
0.099,0.004
0.099,0.003
0.101,0.003
0.099,0.005
0.098,0.005
0.101,0.007
0.099,0.008
0.101,0.006
0.101,0.007
0.101,0.009
0.101,0.010
0.103,0.011
0.101,0.011
0.101,0.010
0.105,0.010
0.104,0.009
0.105,0.008
0.105,0.008
0.105,0.008
0.106,0.008
0.105,0.010
0.105,0.008
0.106,0.008
0.105,0.008
0.105,0.006
0.106,0.005
0.104,0.007
0.104,0.006
0.107,0.005
0.105,0.007
0.107,0.008
0.108,0.009
0.108,0.011
0.108,0.012
0.109,0.014
0.111,0.014
0.110,0.013
0.112,0.013
0.112,0.013
0.111,0.013
0.112,0.013
0.113,0.015
0.112,0.014
0.113,0.014
0.113,0.015
0.113,0.014
0.114,0.013
0.114,0.013
0.114,0.013
0.116,0.013
0.116,0.015
0.117,0.013
0.117,0.014
0.117,0.015
0.117,0.013
0.118,0.014
0.117,0.015
0.118,0.015
0.117,0.017
0.116,0.018
0.117,0.016
0.117,0.017
0.117,0.017
0.117,0.015
0.118,0.016
0.116,0.016
0.117,0.015
0.117,0.017
0.115,0.019
0.116,0.016
0.116,0.017
0.115,0.017
0.117,0.015
0.117,0.016
0.117,0.015
0.119,0.014
0.117,0.016
0.117,0.015
0.119,0.015
0.117,0.017
0.117,0.016
0.118,0.016
0.116,0.018
0.116,0.016
0.116,0.016
0.114,0.017
0.115,0.014
0.115,0.015
0.113,0.015
0.114,0.014
0.115,0.015
0.113,0.016
0.115,0.014
0.115,0.016
0.113,0.016
0.114,0.015
0.114,0.016
0.112,0.019
0.114,0.019
0.114,0.019
0.113,0.021
0.116,0.019
0.115,0.018
0.114,0.017
0.114,0.015
0.114,0.016
0.113,0.017
0.114,0.019
0.112,0.020
0.112,0.021
0.113,0.021
0.113,0.021
0.112,0.021
0.114,0.021
0.114,0.022
0.114,0.022
0.115,0.023
0.114,0.023
0.114,0.023
0.115,0.023
0.114,0.023
0.113,0.024
0.114,0.023
0.113,0.023
0.113,0.023
0.114,0.023
0.114,0.023
0.114,0.023
0.115,0.024
0.115,0.025
0.115,0.026
0.116,0.025
0.114,0.026
0.114,0.028
0.113,0.028
0.111,0.028
0.110,0.028
0.110,0.028
0.109,0.028
0.109,0.029
0.109,0.028
0.110,0.027
0.110,0.027
0.110,0.025
0.110,0.024
0.110,0.024
0.111,0.023
0.110,0.023
0.110,0.024
0.112,0.025
0.111,0.026
0.113,0.028
0.113,0.028
0.112,0.029
0.113,0.029
0.113,0.029
0.113,0.030
0.113,0.031
0.113,0.032
0.112,0.033
0.113,0.033
0.114,0.035
0.113,0.035
0.114,0.034
0.114,0.035
0.113,0.034
0.114,0.033
0.115,0.033
0.115,0.032
0.116,0.034
0.117,0.034
0.116,0.036
0.117,0.036
0.118,0.036
0.118,0.036
0.119,0.036
0.120,0.036
0.118,0.037
0.119,0.039
0.119,0.039
0.119,0.040
0.119,0.041
0.120,0.040
0.120,0.041
0.122,0.041
0.123,0.039
0.123,0.040
0.125,0.041
0.126,0.040
0.127,0.041
0.127,0.042
0.128,0.041
0.128,0.042
0.129,0.041
0.130,0.040
0.130,0.040
0.131,0.039
0.133,0.038
0.132,0.039
0.133,0.039
0.133,0.038
0.132,0.039
0.134,0.039
0.134,0.039
0.133,0.042
0.135,0.041
0.136,0.042
0.133,0.043
0.136,0.041
0.137,0.042
0.134,0.043
0.137,0.041
0.138,0.041
0.135,0.043
0.137,0.040
0.137,0.041
0.134,0.041
0.136,0.041
0.135,0.041
0.134,0.042
0.136,0.042
0.135,0.043
0.135,0.044
0.138,0.044
0.136,0.046
0.136,0.045
0.138,0.044
0.134,0.045
0.133,0.044
0.135,0.042
0.132,0.041
0.132,0.039
0.133,0.040
0.130,0.041
0.131,0.040
0.132,0.041
0.129,0.042
0.129,0.042
0.131,0.041
0.127,0.041
0.128,0.040
0.128,0.040
0.124,0.040
0.124,0.039
0.125,0.038
0.122,0.037
0.122,0.036
0.123,0.038
0.119,0.038
0.119,0.039
0.119,0.041
0.116,0.041
0.116,0.043
0.117,0.044
0.115,0.045
0.116,0.045
0.117,0.046
0.114,0.046
0.115,0.047
0.114,0.048
0.112,0.048
0.114,0.048
0.113,0.048
0.112,0.047
0.113,0.047
0.112,0.048
0.110,0.047
0.109,0.046
0.110,0.046
0.107,0.045
0.108,0.046
0.107,0.045
0.105,0.045
0.106,0.045
0.105,0.045
0.104,0.045
0.106,0.046
0.104,0.047
0.104,0.045
0.105,0.047
0.104,0.047
0.104,0.047
0.106,0.048
0.105,0.048
0.106,0.046
0.106,0.047
0.104,0.046
0.105,0.044
0.106,0.046
0.105,0.045
0.105,0.045
0.107,0.048
0.106,0.046
0.106,0.046
0.107,0.047
0.106,0.047
0.105,0.047
0.105,0.048
0.104,0.047
0.103,0.049
0.104,0.051
0.105,0.052
0.105,0.054
0.106,0.055
0.107,0.055
0.106,0.055
0.107,0.054
0.108,0.054
0.107,0.054
0.108,0.054
0.107,0.054
0.108,0.054
0.109,0.053
0.108,0.052
0.109,0.054
0.110,0.054
0.110,0.054
0.110,0.054
0.112,0.055
0.112,0.056
0.112,0.056
0.115,0.056
0.114,0.058
0.114,0.057
0.115,0.058
0.114,0.059
0.114,0.057
0.115,0.058
0.114,0.057
0.114,0.057
0.117,0.058
0.115,0.058
0.114,0.057
0.116,0.058
0.114,0.059
0.114,0.058
0.114,0.060
0.113,0.061
0.113,0.060
0.114,0.062
0.113,0.061
0.113,0.061
0.113,0.062
0.112,0.062
0.113,0.061
0.112,0.063
0.111,0.062
0.111,0.061
0.111,0.061
0.109,0.058
0.110,0.058
0.108,0.057
0.106,0.056
0.108,0.058
0.106,0.059
0.106,0.058
0.107,0.058
0.106,0.059
0.106,0.058
0.106,0.057
0.105,0.059
0.104,0.058
0.106,0.058
0.103,0.059
0.103,0.059
0.104,0.058
0.102,0.059
0.101,0.058
0.101,0.059
0.101,0.058
0.099,0.058
0.100,0.059
0.099,0.060
0.099,0.061
0.099,0.061
0.098,0.062
0.097,0.061
0.097,0.061
0.097,0.061
0.097,0.059
0.096,0.059
0.096,0.060
0.096,0.059
0.095,0.060
0.094,0.062
0.096,0.062
0.094,0.063
0.094,0.064
0.095,0.062
0.094,0.062
0.093,0.061
0.093,0.059
0.093,0.060
0.092,0.060
0.093,0.059
0.091,0.060
0.092,0.061
0.092,0.060
0.090,0.062
0.091,0.061
0.093,0.062
0.090,0.062
0.091,0.061
0.092,0.062
0.089,0.062
0.089,0.060
0.088,0.060
0.086,0.060
0.087,0.059
0.086,0.059
0.085,0.060
0.085,0.060
0.085,0.062
0.083,0.062
0.085,0.063
0.084,0.065
0.082,0.064
0.084,0.065
0.084,0.066
0.083,0.066
0.084,0.065
0.083,0.065
0.081,0.065
0.082,0.066
0.079,0.067
0.078,0.069
0.079,0.071
0.079,0.073
0.078,0.073
0.078,0.074
0.077,0.073
0.077,0.073
0.077,0.072
0.076,0.071
0.075,0.070
0.076,0.071
0.075,0.070
0.075,0.071
0.076,0.073
0.075,0.073
0.074,0.073
0.075,0.072
0.075,0.072
0.074,0.072
0.075,0.071
0.075,0.071
0.074,0.073
0.075,0.073
0.074,0.073
0.074,0.075
0.074,0.075
0.074,0.075
0.073,0.077
0.074,0.079
0.074,0.078
0.072,0.078
0.073,0.076
0.074,0.074
0.072,0.074
0.073,0.073
0.073,0.073
0.071,0.074
0.073,0.074
0.072,0.073
0.071,0.074
0.072,0.074
0.071,0.073
0.071,0.074
0.072,0.073
0.071,0.072
0.071,0.072
0.072,0.071
0.071,0.071
0.071,0.071
0.073,0.070
0.071,0.071
0.070,0.071
0.071,0.073
0.069,0.072
0.068,0.072
0.070,0.071
0.068,0.072
0.068,0.073
0.070,0.072
0.069,0.072
0.068,0.073
0.071,0.071
0.069,0.070
0.068,0.070
0.070,0.069
0.069,0.070
0.069,0.070
0.070,0.070
0.069,0.072
0.067,0.073
0.069,0.073
0.066,0.074
0.066,0.076
0.068,0.075
0.067,0.075
0.067,0.076
0.068,0.075
0.066,0.075
0.065,0.074
0.067,0.073
0.064,0.075
0.063,0.075
0.064,0.075
0.062,0.077
0.062,0.076
0.064,0.075
0.062,0.075
0.062,0.074
0.065,0.073
0.063,0.073
0.064,0.072
0.065,0.072
0.063,0.074
0.064,0.072
0.065,0.072
0.062,0.072
0.063,0.071
0.063,0.073
0.062,0.072
0.063,0.070
0.063,0.071
0.060,0.071
0.062,0.069
0.062,0.069
0.059,0.071
0.062,0.071
0.061,0.073
0.059,0.073
0.061,0.075
0.060,0.075
0.058,0.074
0.061,0.075
0.059,0.075
0.059,0.074
0.060,0.075
0.058,0.077
0.058,0.076
0.059,0.077
0.056,0.078
0.055,0.076
0.057,0.077
0.055,0.076
0.055,0.074
0.057,0.075
0.054,0.075
0.055,0.073
0.056,0.073
0.055,0.073
0.054,0.072
0.057,0.075
0.054,0.075
0.055,0.074
0.055,0.074
0.053,0.072
0.053,0.071
0.054,0.071
0.051,0.071
0.052,0.070
0.052,0.071
0.051,0.071
0.051,0.072
0.053,0.073
0.051,0.073
0.052,0.075
0.053,0.076
0.052,0.076
0.053,0.076
0.053,0.075
0.052,0.073
0.051,0.072
0.051,0.072
0.049,0.072
0.050,0.072
0.050,0.072
0.049,0.070
0.049,0.071
0.050,0.071
0.050,0.072
0.049,0.073
0.050,0.075
0.049,0.074
0.049,0.075
0.049,0.075
0.048,0.075
0.047,0.075
0.047,0.074
0.046,0.073
0.046,0.071
0.047,0.071
0.045,0.070
0.046,0.070
0.045,0.071
0.045,0.071
0.046,0.073
0.045,0.074
0.045,0.072
0.044,0.074
0.044,0.073
0.044,0.071
0.044,0.073
0.044,0.073
0.044,0.074
0.044,0.075
0.044,0.076
0.045,0.076
0.046,0.075
0.045,0.073
0.046,0.070
0.046,0.071
0.047,0.069
0.046,0.068
0.047,0.069
0.046,0.069
0.047,0.069
0.047,0.070
0.048,0.070
0.047,0.070
0.047,0.071
0.047,0.071
0.046,0.072
0.047,0.071
0.047,0.070
0.047,0.069
0.046,0.067
0.047,0.066
0.045,0.065
0.045,0.064
0.044,0.064
0.043,0.063
0.043,0.063
0.044,0.063
0.043,0.063
0.044,0.063
0.044,0.064
0.044,0.063
0.044,0.063
0.044,0.064
0.043,0.062
0.044,0.062
0.043,0.063
0.042,0.062
0.044,0.062
0.042,0.061
0.043,0.060
0.043,0.060
0.043,0.060
0.042,0.060
0.044,0.062
0.042,0.063
0.041,0.061
0.043,0.062
0.041,0.062
0.041,0.062
0.042,0.063
0.040,0.065
0.039,0.064
0.039,0.066
0.037,0.066
0.036,0.064
0.036,0.065
0.035,0.063
0.036,0.062
0.035,0.062
0.034,0.062
0.035,0.063
0.034,0.064
0.033,0.064
0.034,0.063
0.033,0.066
0.033,0.064
0.034,0.063
0.033,0.064
0.032,0.062
0.033,0.062
0.032,0.062
0.032,0.060
0.033,0.059
0.032,0.060
0.032,0.058
0.032,0.059
0.032,0.061
0.030,0.060
0.030,0.060
0.030,0.060
0.029,0.060
0.028,0.059
0.027,0.060
0.028,0.060
0.028,0.061
0.027,0.061
0.027,0.061
0.028,0.061
0.027,0.062
0.027,0.061
0.027,0.060
0.025,0.060
0.025,0.057
0.024,0.057
0.023,0.058
0.023,0.056
0.022,0.057
0.021,0.057
0.021,0.056
0.020,0.057
0.019,0.058
0.019,0.057
0.019,0.058
0.017,0.058
0.017,0.056
0.016,0.057
0.016,0.056
0.016,0.056
0.015,0.057
0.014,0.058
0.014,0.057
0.013,0.058
0.012,0.057
0.013,0.056
0.011,0.058
0.010,0.057
0.010,0.058
0.007,0.057
0.008,0.057
0.009,0.059
0.005,0.059
0.006,0.058
0.007,0.060
0.003,0.060
0.005,0.057
0.003,0.057
-0.000,0.057
0.001,0.057
-0.002,0.057
-0.003,0.056
-0.002,0.056
-0.003,0.058
-0.005,0.059
-0.003,0.059
-0.006,0.061
-0.007,0.060
-0.005,0.059
-0.007,0.058
-0.007,0.056
-0.008,0.057
-0.009,0.058
-0.010,0.056
-0.010,0.057
-0.012,0.057
-0.012,0.056
-0.011,0.058
-0.014,0.057
-0.015,0.055
-0.015,0.057
-0.014,0.055
-0.014,0.055
-0.015,0.058
-0.016,0.057
-0.015,0.057
-0.015,0.058
-0.017,0.056
-0.017,0.056
-0.017,0.057
-0.017,0.057
-0.019,0.057
-0.019,0.058
-0.018,0.057
-0.018,0.059
-0.018,0.060
-0.018,0.058
-0.019,0.061
-0.017,0.059
-0.017,0.058
-0.018,0.058
-0.017,0.058
-0.017,0.058
-0.018,0.059
-0.016,0.059
-0.015,0.058
-0.016,0.059
-0.015,0.059
-0.014,0.058
-0.016,0.058
-0.016,0.059
-0.015,0.060
-0.016,0.060
-0.013,0.060
-0.015,0.059
-0.016,0.060
-0.012,0.059
-0.015,0.057
-0.016,0.056
-0.012,0.056
-0.014,0.056
-0.014,0.055
-0.013,0.054
-0.014,0.055
-0.014,0.055
-0.012,0.055
-0.015,0.057
-0.015,0.058
-0.012,0.059
-0.013,0.059
-0.012,0.056
-0.010,0.056
-0.010,0.056
-0.010,0.055
-0.008,0.053
-0.011,0.052
-0.010,0.052
-0.009,0.051
-0.011,0.053
-0.011,0.053
-0.010,0.054
-0.011,0.056
-0.011,0.056
-0.008,0.055
-0.011,0.056
-0.010,0.056
-0.008,0.055
-0.010,0.054
-0.010,0.052
-0.007,0.053
-0.009,0.052
-0.010,0.052
-0.009,0.052
-0.011,0.052
-0.010,0.053
-0.009,0.052
-0.010,0.051
-0.011,0.050
-0.010,0.051
-0.010,0.052
-0.010,0.050
-0.009,0.051
-0.011,0.053
-0.010,0.052
-0.010,0.052
-0.013,0.050
-0.011,0.050
-0.010,0.050
-0.013,0.049
-0.014,0.047
-0.013,0.048
-0.014,0.046
-0.013,0.046
-0.014,0.045
-0.015,0.043
-0.012,0.045
-0.014,0.045
-0.015,0.044
-0.014,0.045
-0.017,0.043
-0.017,0.040
-0.018,0.040
-0.020,0.039
-0.020,0.036
-0.019,0.038
-0.021,0.038
-0.021,0.036
-0.021,0.037
-0.023,0.037
-0.023,0.036
-0.024,0.037
-0.024,0.038
-0.026,0.037
-0.025,0.040
-0.026,0.041
-0.026,0.040
-0.027,0.041
-0.027,0.040
-0.026,0.039
-0.026,0.039
-0.027,0.038
-0.026,0.037
-0.027,0.037
-0.026,0.036
-0.027,0.037
-0.028,0.037
-0.028,0.037
-0.029,0.038
-0.030,0.040
-0.030,0.041
-0.029,0.042
-0.029,0.043
-0.029,0.042
-0.029,0.042
-0.028,0.042
-0.028,0.039
-0.028,0.038
-0.027,0.036
-0.027,0.034
-0.027,0.032
-0.027,0.031
-0.027,0.031
-0.028,0.031
-0.026,0.031
-0.027,0.031
-0.027,0.032
-0.026,0.033
-0.026,0.033
-0.026,0.033
-0.025,0.034
-0.025,0.035
-0.025,0.033
-0.023,0.035
-0.022,0.036
-0.022,0.036
-0.022,0.037
-0.022,0.039
-0.024,0.038
-0.024,0.037
-0.023,0.037
-0.024,0.036
-0.024,0.036
-0.025,0.035
-0.025,0.035
-0.024,0.035
-0.025,0.033
-0.025,0.033
-0.025,0.034
-0.025,0.034
-0.025,0.034
-0.024,0.036
-0.024,0.036
-0.024,0.037
-0.023,0.038
-0.024,0.038
-0.023,0.037
-0.025,0.036
-0.024,0.035
-0.023,0.034
-0.023,0.034
-0.023,0.032
-0.022,0.032
-0.022,0.033
-0.024,0.030
-0.023,0.030
-0.024,0.031
-0.025,0.030
-0.025,0.031
-0.026,0.032
-0.026,0.031
-0.026,0.031
-0.025,0.032
-0.026,0.030
-0.024,0.030
-0.025,0.031
-0.025,0.030
-0.023,0.030
-0.024,0.032
-0.024,0.033
-0.024,0.033
-0.024,0.034
-0.024,0.032
-0.023,0.032
-0.022,0.031
-0.024,0.030
-0.022,0.029
-0.022,0.031
-0.022,0.031
-0.021,0.032
-0.021,0.034
-0.020,0.034
-0.020,0.034
-0.020,0.033
-0.020,0.032
-0.019,0.031
-0.020,0.030
-0.021,0.028
-0.021,0.028
-0.022,0.028
-0.022,0.027
-0.022,0.027
-0.022,0.028
-0.021,0.027
-0.020,0.031
-0.021,0.032
-0.020,0.031
-0.021,0.032
-0.021,0.032
-0.021,0.029
-0.022,0.029
-0.022,0.028
-0.021,0.027
-0.022,0.029
-0.022,0.029
-0.021,0.029
-0.023,0.030
-0.023,0.029
-0.023,0.027
-0.025,0.028
-0.025,0.024
-0.024,0.022
-0.027,0.023
-0.025,0.023
-0.026,0.024
-0.028,0.025
-0.028,0.023
-0.027,0.024
-0.029,0.025
-0.028,0.023
-0.028,0.024
-0.030,0.024
-0.029,0.023
-0.029,0.024
-0.031,0.026
-0.030,0.024
-0.030,0.025
-0.033,0.025
-0.032,0.023
-0.033,0.023
-0.035,0.024
-0.034,0.023
-0.036,0.023
-0.037,0.023
-0.037,0.022
-0.038,0.021
-0.039,0.019
-0.039,0.018
-0.040,0.016
-0.042,0.015
-0.040,0.014
-0.042,0.013
-0.042,0.014
-0.042,0.015
-0.043,0.017
-0.043,0.019
-0.043,0.020
-0.044,0.020
-0.044,0.021
-0.042,0.021
-0.044,0.020
-0.044,0.019
-0.044,0.019
-0.045,0.019
-0.045,0.019
-0.046,0.018
-0.046,0.020
-0.047,0.021
-0.046,0.021
-0.046,0.022
-0.046,0.022
-0.045,0.021
-0.046,0.020
-0.046,0.020
-0.046,0.020
-0.046,0.020
-0.047,0.020
-0.046,0.020
-0.047,0.019
-0.046,0.019
-0.045,0.018
-0.046,0.018
-0.046,0.018
-0.045,0.017
-0.046,0.017
-0.045,0.017
-0.044,0.018
-0.045,0.017
-0.043,0.017
-0.042,0.018
-0.043,0.018
-0.041,0.018
-0.040,0.018
-0.041,0.018
-0.038,0.018
-0.038,0.018
-0.039,0.018
-0.037,0.019
-0.037,0.021
-0.038,0.021
-0.035,0.022
-0.035,0.023
-0.035,0.023
-0.033,0.023
-0.033,0.023
-0.033,0.022
-0.031,0.021
-0.031,0.019
-0.032,0.017
-0.030,0.018
-0.030,0.016
-0.030,0.016
-0.030,0.017
-0.029,0.017
-0.028,0.017
-0.028,0.017
-0.027,0.017
-0.026,0.017
-0.025,0.017
-0.025,0.015
-0.024,0.015
-0.023,0.014
-0.023,0.012
-0.023,0.011
-0.023,0.012
-0.022,0.011
-0.022,0.014
-0.022,0.015
-0.020,0.015
-0.021,0.018
-0.019,0.019
-0.019,0.019
-0.020,0.020
-0.019,0.018
-0.018,0.019
-0.020,0.019
-0.019,0.017
-0.018,0.015
-0.019,0.015
-0.018,0.012
-0.017,0.011
-0.018,0.012
-0.016,0.010
-0.016,0.010
-0.016,0.010
-0.013,0.009
-0.013,0.010
-0.014,0.010
-0.012,0.011
-0.013,0.012
-0.015,0.013
-0.012,0.013
-0.015,0.015
-0.015,0.013
-0.012,0.012
-0.014,0.011
-0.014,0.010
-0.013,0.009
-0.014,0.010
-0.015,0.011
-0.012,0.011
-0.014,0.012
-0.015,0.013
-0.013,0.012
-0.014,0.013
-0.016,0.014
-0.015,0.013
-0.017,0.012
-0.018,0.011
-0.017,0.010
-0.020,0.009
-0.020,0.010
-0.019,0.008
-0.020,0.008
-0.022,0.006
-0.021,0.004
-0.024,0.004
-0.025,0.003
-0.024,0.003
-0.026,0.004
-0.027,0.004
-0.026,0.005
-0.029,0.005
-0.028,0.004
-0.028,0.004
-0.031,0.003
-0.031,0.002
-0.030,0.003
-0.033,0.003
-0.033,0.002
-0.033,0.002
-0.036,0.003
-0.035,0.002
-0.035,0.002
-0.037,0.002
-0.036,0.001
-0.035,0.003
-0.036,0.002
-0.035,0.002
-0.035,0.003
-0.036,0.002
-0.035,0.002
-0.037,0.003
-0.038,0.002
-0.036,0.002
-0.038,0.002
-0.038,0.002
-0.037,0.003
-0.038,0.003
-0.039,0.001
-0.037,0.002
-0.038,0.002
-0.038,0.000
-0.037,0.001
-0.038,0.002
-0.037,-0.000
-0.036,0.001
-0.037,0.001
-0.035,0.000
-0.034,0.003
-0.035,0.003
-0.033,0.003
-0.032,0.006
-0.033,0.004
-0.031,0.004
-0.031,0.004
-0.030,0.004
-0.030,0.002
-0.030,0.002
-0.029,0.000
-0.030,-0.001
-0.029,-0.001
-0.030,-0.003
-0.029,-0.002
-0.029,-0.001
-0.028,-0.000
-0.028,-0.001
-0.029,0.001
-0.026,0.001
-0.027,0.001
-0.026,0.000
-0.025,-0.002
-0.024,-0.002
-0.023,-0.005
-0.023,-0.006
-0.022,-0.007
-0.022,-0.006
-0.021,-0.007
-0.022,-0.006
-0.021,-0.006
-0.022,-0.005
-0.021,-0.004
-0.020,-0.005
-0.019,-0.003
-0.018,-0.004
-0.017,-0.006
-0.016,-0.006
-0.016,-0.009
-0.016,-0.011
-0.017,-0.012
-0.018,-0.013
-0.016,-0.012
-0.016,-0.011
-0.016,-0.011
-0.015,-0.010
-0.014,-0.010
-0.013,-0.009
-0.013,-0.008
-0.011,-0.007
-0.011,-0.007
-0.010,-0.006
-0.010,-0.007
-0.010,-0.007
-0.010,-0.007
-0.009,-0.008
-0.009,-0.009
-0.010,-0.008
-0.009,-0.009
-0.009,-0.008
-0.009,-0.008
-0.008,-0.010
-0.007,-0.009
-0.007,-0.009
-0.007,-0.008
-0.006,-0.009
-0.007,-0.007
-0.005,-0.007
-0.005,-0.009
-0.004,-0.009
-0.004,-0.011
-0.003,-0.012
-0.003,-0.012
-0.004,-0.012
-0.002,-0.013
-0.002,-0.011
-0.002,-0.009
-0.001,-0.009
-0.001,-0.007
-0.000,-0.008
0.001,-0.008
0.001,-0.008
0.001,-0.010
0.003,-0.011
0.003,-0.010
0.004,-0.012
0.004,-0.012
0.004,-0.009
0.004,-0.010
0.004,-0.010
0.003,-0.008
0.003,-0.010
0.004,-0.010
0.003,-0.011
0.004,-0.012
0.004,-0.012
0.004,-0.011
0.006,-0.012
0.005,-0.011
0.005,-0.009
0.005,-0.012
0.005,-0.011
0.005,-0.010
0.006,-0.012
0.005,-0.011
0.006,-0.011
0.008,-0.012
0.006,-0.013
0.006,-0.015
0.007,-0.016
0.006,-0.016
0.007,-0.018
0.008,-0.017
0.006,-0.016
0.007,-0.016
0.009,-0.014
0.006,-0.012
0.007,-0.013
0.008,-0.012
0.007,-0.012
0.008,-0.014
0.009,-0.014
0.007,-0.013
0.009,-0.013
0.011,-0.013
0.009,-0.012
0.011,-0.012
0.012,-0.012
0.011,-0.012
0.012,-0.011
0.012,-0.011
0.010,-0.011
0.011,-0.011
0.011,-0.009
0.010,-0.009
0.011,-0.009
0.011,-0.009
0.010,-0.007
0.012,-0.007
0.012,-0.007
0.011,-0.007
0.013,-0.008
0.013,-0.009
0.011,-0.011
0.013,-0.012
0.012,-0.012
0.011,-0.013
0.012,-0.013
0.011,-0.014
0.010,-0.015
0.012,-0.016
0.012,-0.016
0.011,-0.017
0.013,-0.016
0.014,-0.014
0.013,-0.012
0.015,-0.009
0.015,-0.008
0.015,-0.007
0.017,-0.008
0.017,-0.008
0.016,-0.007
0.018,-0.008
0.018,-0.008
0.017,-0.009
0.019,-0.010
0.019,-0.011
0.018,-0.013
0.020,-0.013
0.019,-0.013
0.020,-0.015
0.022,-0.015
0.020,-0.016
0.021,-0.018
0.023,-0.016
0.021,-0.017
0.022,-0.016
0.024,-0.014
0.023,-0.015
0.024,-0.014
0.025,-0.014
0.024,-0.015
0.025,-0.015
0.025,-0.014
0.024,-0.014
0.024,-0.014
0.026,-0.014
0.023,-0.016
0.024,-0.015
0.026,-0.014
0.024,-0.014
0.024,-0.013
0.027,-0.011
0.026,-0.011
0.027,-0.009
0.029,-0.009
0.028,-0.010
0.029,-0.009
0.030,-0.010
0.029,-0.011
0.029,-0.011
0.030,-0.012
0.029,-0.013
0.028,-0.013
0.029,-0.014
0.029,-0.016
0.030,-0.015
0.031,-0.017
0.030,-0.018
0.031,-0.016
0.032,-0.016
0.031,-0.015
0.032,-0.013
0.034,-0.012
0.033,-0.011
0.033,-0.009
0.035,-0.009
0.034,-0.008
0.034,-0.010
0.036,-0.011
0.035,-0.011
0.036,-0.011
0.038,-0.012
0.037,-0.011
0.037,-0.009
0.039,-0.009
0.038,-0.008
0.039,-0.007
0.041,-0.006
0.040,-0.004
0.041,-0.005
0.041,-0.004
0.040,-0.004
0.041,-0.005
0.041,-0.005
0.039,-0.007
0.040,-0.007
0.040,-0.008
0.040,-0.009
0.041,-0.009
0.041,-0.009
0.041,-0.009
0.043,-0.006
0.043,-0.004
0.043,-0.003
0.045,-0.002
0.044,-0.002
0.043,-0.002
0.045,-0.002
0.043,-0.002
0.043,-0.002
0.043,-0.003
0.042,-0.003
0.042,-0.003
0.043,-0.003
0.043,-0.003
0.043,-0.003
0.046,-0.003
0.044,-0.004
0.044,-0.006
0.046,-0.005
0.046,-0.004
0.044,-0.006
0.046,-0.006
0.045,-0.005
0.044,-0.007
0.046,-0.008
0.044,-0.008
0.045,-0.009
0.046,-0.011
0.045,-0.011
0.044,-0.013
0.047,-0.012
0.046,-0.012
0.044,-0.012
0.047,-0.010
0.047,-0.009
0.047,-0.009
0.049,-0.007
0.048,-0.006
0.049,-0.007
0.050,-0.005
0.048,-0.006
0.048,-0.006
0.049,-0.005
0.048,-0.004
0.049,-0.005
0.051,-0.005
0.049,-0.006
0.050,-0.008
0.051,-0.007
0.050,-0.007
0.051,-0.008
0.053,-0.007
0.050,-0.009
0.052,-0.009
0.053,-0.009
0.052,-0.009
0.054,-0.010
0.055,-0.008
0.054,-0.007
0.056,-0.008
0.056,-0.006
0.055,-0.006
0.056,-0.006
0.056,-0.003
0.056,-0.003
0.057,-0.002
0.057,-0.001
0.056,-0.004
0.057,-0.005
0.056,-0.004
0.055,-0.007
0.056,-0.008
0.055,-0.007
0.056,-0.009
0.057,-0.008
0.055,-0.007
0.055,-0.007
0.056,-0.006
0.054,-0.005
0.055,-0.007
0.055,-0.007
0.053,-0.007
0.055,-0.010
0.056,-0.010
0.055,-0.010
0.057,-0.011
0.058,-0.009
0.057,-0.009
0.060,-0.010
0.060,-0.008
0.060,-0.009
0.062,-0.010
0.062,-0.009
0.063,-0.009
0.063,-0.009
0.064,-0.007
0.064,-0.007
0.065,-0.006
0.066,-0.005
0.068,-0.005
0.069,-0.006
0.068,-0.006
0.070,-0.008
0.069,-0.008
0.070,-0.009
0.072,-0.010
0.072,-0.011
0.072,-0.011
0.075,-0.009
0.075,-0.009
0.074,-0.008
0.075,-0.007
0.076,-0.005
0.076,-0.004
0.077,-0.006
0.077,-0.005
0.079,-0.006
0.079,-0.006
0.080,-0.007
0.080,-0.007
0.082,-0.006
0.083,-0.006
0.083,-0.006
0.083,-0.007
0.083,-0.006
0.086,-0.005
0.087,-0.003
0.088,-0.002
0.089,0.000
0.090,0.003
0.091,0.003
0.092,0.002
0.092,0.002
0.093,0.002
0.094,0.000
0.094,-0.000
0.094,-0.003
0.096,-0.005
0.097,-0.005
0.098,-0.009
0.098,-0.010
0.099,-0.010
0.099,-0.011
0.101,-0.011
0.100,-0.010
0.100,-0.011
0.101,-0.010
0.102,-0.009
0.102,-0.010
0.102,-0.009
0.102,-0.009
0.103,-0.007
0.103,-0.006
0.102,-0.008
0.102,-0.008
0.104,-0.007
0.104,-0.008
0.106,-0.009
0.104,-0.007
0.106,-0.007
0.107,-0.006
0.108,-0.006
0.108,-0.005
0.110,-0.004
0.111,-0.003
0.109,-0.004
0.110,-0.007
0.107,-0.006
0.109,-0.007
0.109,-0.009
0.107,-0.008
0.108,-0.007
0.108,-0.004
0.109,-0.002
0.109,-0.003
0.110,-0.002
0.109,0.000
0.111,-0.001
0.111,-0.003
0.108,-0.002
0.110,-0.003
0.109,-0.003
0.108,-0.003
0.106,-0.005
0.107,-0.003
0.106,-0.001
0.108,-0.003
0.108,-0.001
0.105,0.000
0.108,0.001
0.107,0.001
0.107,0.001
0.107,-0.001
0.107,-0.000
0.106,-0.000
0.105,-0.002
0.104,-0.001
0.103,-0.001
0.107,-0.001
0.105,0.000
0.104,0.001
0.106,0.002
0.103,0.004
0.103,0.004
0.104,0.002
0.102,0.004
0.102,0.004
0.104,0.004
0.100,0.005
0.101,0.003
0.101,0.003
0.100,0.004
0.102,0.003
0.102,0.002
0.099,0.004
0.101,0.003
0.102,0.004
0.099,0.002
0.102,0.001
0.101,0.004
0.100,0.004
0.101,0.004
0.100,0.004
0.101,0.003
0.101,0.004
0.101,0.004
0.098,0.003
0.099,0.004
0.099,0.004
0.097,0.002
0.100,0.003
0.098,0.002
0.098,0.002
0.100,0.003
0.099,0.004
0.098,0.003
0.101,0.003
0.101,0.004
0.100,0.003
0.101,0.003
0.101,0.002
0.101,0.001
0.102,0.001
0.101,0.001
0.101,-0.001
0.101,-0.000
0.101,-0.000
0.102,-0.001
0.103,0.002
0.102,0.003
0.103,0.004
0.104,0.006
0.102,0.005
0.105,0.004
0.107,0.005
0.106,0.004
0.108,0.003
0.108,0.004
0.108,0.004
0.108,0.004
0.108,0.006
0.108,0.004
0.109,0.006
0.111,0.006
0.110,0.006
0.110,0.007
0.111,0.007
0.111,0.007
0.111,0.007
0.112,0.007
0.113,0.007
0.113,0.008
0.114,0.009
0.115,0.010
0.115,0.012
0.117,0.011
0.117,0.010
0.117,0.009
0.118,0.008
0.117,0.008
0.117,0.009
0.119,0.010
0.119,0.012
0.119,0.013
0.121,0.013
0.120,0.013
0.120,0.013
0.121,0.012
0.119,0.011
0.119,0.011
0.120,0.010
0.117,0.010
0.118,0.011
0.119,0.011
0.118,0.013
0.118,0.014
0.119,0.015
0.118,0.015
0.118,0.015
0.119,0.015
0.117,0.015
0.118,0.014
0.119,0.013
0.118,0.013
0.120,0.013
0.119,0.014
0.118,0.014
0.119,0.015
0.119,0.016
0.118,0.016
0.118,0.017
0.118,0.017
0.117,0.017
0.118,0.016
0.118,0.017
0.117,0.016
0.118,0.017
0.117,0.018
0.117,0.017
0.117,0.018
0.117,0.019
0.116,0.020
0.117,0.020
0.115,0.021
0.115,0.020
0.115,0.019
0.114,0.019
0.114,0.018
0.115,0.019
0.115,0.020
0.114,0.020
0.115,0.021
0.115,0.021
0.115,0.021
0.115,0.020
0.115,0.021
0.115,0.019
0.115,0.020
0.115,0.020
0.115,0.018
0.117,0.018
0.116,0.017
0.116,0.016
0.116,0.017
0.115,0.017
0.115,0.016
0.115,0.018
0.114,0.018
0.115,0.017
0.116,0.019
0.114,0.020
0.115,0.019
0.116,0.021
0.114,0.021
0.116,0.021
0.115,0.024
0.114,0.024
0.114,0.023
0.114,0.025
0.113,0.024
0.113,0.022
0.113,0.023
0.112,0.021
0.113,0.020
0.111,0.022
0.111,0.021
0.112,0.023
0.111,0.027
0.111,0.026
0.112,0.027
0.110,0.029
0.110,0.027
0.112,0.028
0.111,0.028
0.112,0.027
0.112,0.027
0.110,0.028
0.111,0.026
0.111,0.027
0.110,0.027
0.110,0.027
0.110,0.028
0.111,0.028
0.111,0.027
0.112,0.027
0.113,0.028
0.114,0.026
0.114,0.027
0.113,0.027
0.114,0.028
0.113,0.030
0.114,0.031
0.114,0.033
0.113,0.034
0.113,0.035
0.115,0.035
0.114,0.034
0.115,0.034
0.116,0.033
0.116,0.034
0.116,0.034
0.117,0.034
0.116,0.035
0.116,0.034
0.117,0.032
0.118,0.032
0.118,0.032
0.119,0.032
0.121,0.033
0.122,0.034
0.122,0.033
0.123,0.033
0.124,0.032
0.126,0.033
0.126,0.033
0.127,0.034
0.127,0.034
0.127,0.035
0.128,0.036
0.128,0.037
0.128,0.039
0.128,0.038
0.129,0.039
0.130,0.039
0.130,0.039
0.131,0.038
0.132,0.039
0.134,0.038
0.134,0.038
0.134,0.039
0.134,0.039
0.133,0.037
0.133,0.036
0.134,0.037
0.135,0.035
0.134,0.035
0.136,0.035
0.136,0.036
0.137,0.037
0.138,0.037
0.137,0.037
0.137,0.037
0.137,0.037
0.137,0.037
0.135,0.037
0.136,0.036
0.137,0.036
0.136,0.037
0.137,0.036
0.136,0.038
0.136,0.039
0.136,0.037
0.135,0.037
0.134,0.036
0.134,0.035
0.135,0.035
0.133,0.035
0.134,0.035
0.135,0.035
0.134,0.036
0.134,0.036
0.134,0.035
0.133,0.035
0.133,0.035
0.133,0.033
0.132,0.034
0.132,0.034
0.131,0.032
0.130,0.034
0.129,0.035
0.128,0.036
0.128,0.036
0.128,0.036
0.129,0.036
0.127,0.036
0.127,0.036
0.127,0.036
0.127,0.037
0.127,0.036
0.126,0.037
0.125,0.038
0.123,0.038
0.122,0.038
0.120,0.038
0.120,0.038
0.119,0.037
0.118,0.037
0.116,0.035
0.116,0.034
0.115,0.035
0.115,0.034
0.115,0.036
0.114,0.037
0.114,0.037
0.114,0.037
0.113,0.039
0.113,0.039
0.113,0.041
0.113,0.044
0.112,0.044
0.112,0.045
0.111,0.047
0.112,0.047
0.110,0.047
0.109,0.049
0.110,0.048
0.109,0.049
0.108,0.049
0.108,0.048
0.108,0.048
0.107,0.047
0.108,0.045
0.107,0.046
0.107,0.047
0.109,0.046
0.109,0.047
0.109,0.048
0.110,0.047
0.110,0.049
0.109,0.049
0.110,0.049
0.109,0.049
0.109,0.049
0.111,0.049
0.108,0.050
0.108,0.051
0.109,0.051
0.107,0.053
0.109,0.053
0.110,0.054
0.109,0.055
0.111,0.054
0.112,0.055
0.110,0.056
0.111,0.056
0.112,0.057
0.110,0.059
0.112,0.059
0.112,0.061
0.109,0.062
0.111,0.061
0.112,0.061
0.110,0.060
0.112,0.058
0.112,0.057
0.111,0.058
0.114,0.058
0.113,0.057
0.112,0.058
0.114,0.058
0.114,0.059
0.115,0.060
0.116,0.061
0.117,0.062
0.117,0.063
0.119,0.063
0.118,0.062
0.118,0.061
0.119,0.059
0.118,0.057
0.117,0.055
0.117,0.054
0.116,0.054
0.115,0.053
0.117,0.054
0.116,0.054
0.115,0.056
0.116,0.056
0.115,0.057
0.115,0.058
0.115,0.058
0.115,0.058
0.114,0.060
0.115,0.061
0.114,0.062
0.114,0.063
0.114,0.062
0.113,0.061
0.112,0.061
0.112,0.059
0.111,0.057
0.110,0.059
0.111,0.058
0.110,0.057
0.109,0.058
0.110,0.058
0.109,0.056
0.108,0.058
0.108,0.057
0.108,0.058
0.107,0.060
0.107,0.060
0.106,0.061
0.105,0.062
0.105,0.061
0.103,0.062
0.102,0.063
0.102,0.064
0.100,0.064
0.101,0.065
0.100,0.064
0.099,0.064
0.100,0.063
0.101,0.063
0.100,0.062
0.100,0.062
0.101,0.061
0.099,0.061
0.100,0.060
0.101,0.060
0.098,0.062
0.098,0.063
0.098,0.066
0.095,0.068
0.095,0.070
0.095,0.069
0.092,0.069
0.094,0.068
0.094,0.066
0.093,0.066
0.093,0.066
0.095,0.066
0.093,0.065
0.093,0.065
0.094,0.064
0.092,0.064
0.092,0.063
0.093,0.063
0.091,0.064
0.091,0.064
0.091,0.064
0.089,0.064
0.090,0.064
0.091,0.064
0.088,0.063
0.089,0.063
0.089,0.064
0.087,0.065
0.088,0.064
0.089,0.065
0.086,0.065
0.087,0.064
0.086,0.065
0.084,0.065
0.085,0.065
0.084,0.066
0.082,0.066
0.083,0.066
0.082,0.066
0.080,0.066
0.082,0.065
0.081,0.066
0.079,0.064
0.081,0.064
0.079,0.065
0.078,0.065
0.080,0.066
0.078,0.066
0.078,0.067
0.081,0.068
0.079,0.069
0.079,0.067
0.081,0.067
0.079,0.067
0.078,0.064
0.080,0.064
0.077,0.066
0.078,0.064
0.078,0.066
0.075,0.067
0.076,0.067
0.078,0.069
0.076,0.068
0.077,0.067
0.078,0.069
0.077,0.069
0.077,0.069
0.077,0.070
0.076,0.070
0.076,0.070
0.075,0.070
0.074,0.070
0.074,0.069
0.074,0.070
0.072,0.069
0.072,0.070
0.073,0.070
0.071,0.069
0.072,0.070
0.073,0.071
0.071,0.071
0.073,0.071
0.073,0.071
0.073,0.071
0.074,0.069
0.074,0.068
0.073,0.066
0.074,0.067
0.074,0.067
0.073,0.066
0.073,0.065
0.072,0.066
0.072,0.065
0.072,0.066
0.071,0.067
0.072,0.066
0.073,0.067
0.072,0.066
0.072,0.064
0.073,0.065
0.072,0.064
0.073,0.063
0.072,0.064
0.071,0.065
0.070,0.065
0.070,0.066
0.069,0.067
0.069,0.067
0.068,0.069
0.069,0.071
0.070,0.072
0.070,0.073
0.070,0.072
0.068,0.073
0.068,0.073
0.068,0.071
0.067,0.071
0.068,0.070
0.068,0.070
0.066,0.071
0.067,0.070
0.067,0.071
0.066,0.071
0.065,0.070
0.066,0.070
0.065,0.070
0.065,0.069
0.066,0.069
0.064,0.069
0.065,0.069
0.066,0.069
0.065,0.069
0.065,0.069
0.064,0.069
0.064,0.069
0.064,0.069
0.063,0.070
0.062,0.070
0.063,0.070
0.062,0.070
0.062,0.069
0.062,0.069
0.061,0.069
0.061,0.067
0.061,0.068
0.060,0.069
0.061,0.067
0.062,0.068
0.061,0.069
0.061,0.067
0.062,0.067
0.061,0.068
0.061,0.066
0.062,0.067
0.062,0.068
0.062,0.067
0.062,0.069
0.061,0.070
0.062,0.068
0.062,0.070
0.060,0.070
0.061,0.068
0.060,0.069
0.059,0.068
0.059,0.065
0.058,0.066
0.058,0.065
0.059,0.063
0.057,0.066
0.058,0.065
0.060,0.067
0.058,0.069
0.059,0.069
0.060,0.069
0.058,0.071
0.059,0.068
0.059,0.069
0.056,0.071
0.057,0.070
0.058,0.070
0.055,0.071
0.056,0.071
0.056,0.072
0.055,0.074
0.055,0.072
0.056,0.073
0.055,0.073
0.055,0.071
0.055,0.071
0.054,0.070
0.054,0.069
0.053,0.070
0.053,0.071
0.053,0.071
0.052,0.071
0.052,0.071
0.052,0.069
0.052,0.069
0.052,0.068
0.052,0.068
0.051,0.067
0.050,0.067
0.050,0.067
0.049,0.069
0.049,0.071
0.049,0.071
0.048,0.071
0.047,0.071
0.048,0.071
0.046,0.071
0.047,0.070
0.047,0.070
0.046,0.068
0.046,0.068
0.046,0.067
0.045,0.067
0.046,0.067
0.047,0.067
0.047,0.066
0.047,0.066
0.048,0.068
0.047,0.068
0.046,0.067
0.046,0.066
0.046,0.065
0.048,0.065
0.047,0.064
0.047,0.064
0.047,0.064
0.048,0.063
0.047,0.063
0.047,0.062
0.047,0.062
0.048,0.061
0.049,0.062
0.049,0.062
0.049,0.062
0.050,0.062
0.049,0.063
0.049,0.062
0.049,0.062
0.049,0.061
0.048,0.060
0.049,0.062
0.049,0.062
0.047,0.064
0.049,0.064
0.048,0.064
0.046,0.064
0.048,0.062
0.049,0.062
0.046,0.061
0.048,0.060
0.047,0.060
0.046,0.061
0.047,0.059
0.047,0.062
0.046,0.062
0.047,0.062
0.046,0.061
0.045,0.061
0.046,0.061
0.045,0.060
0.044,0.060
0.045,0.060
0.043,0.059
0.043,0.059
0.043,0.059
0.041,0.059
0.041,0.059
0.041,0.060
0.040,0.059
0.039,0.060
0.041,0.061
0.040,0.061
0.040,0.062
0.040,0.061
0.039,0.061
0.039,0.062
0.039,0.061
0.039,0.060
0.037,0.061
0.038,0.060
0.038,0.060
0.037,0.062
0.037,0.063
0.038,0.064
0.037,0.066
0.037,0.067
0.038,0.067
0.036,0.069
0.037,0.068
0.038,0.068
0.037,0.070
0.038,0.068
0.038,0.068
0.037,0.069
0.037,0.067
0.037,0.067
0.036,0.068
0.036,0.067
0.037,0.066
0.036,0.066
0.037,0.065
0.036,0.065
0.035,0.065
0.035,0.065
0.034,0.065
0.034,0.065
0.035,0.064
0.033,0.064
0.033,0.064
0.035,0.063
0.032,0.062
0.032,0.062
0.033,0.061
0.031,0.062
0.031,0.061
0.031,0.060
0.029,0.060
0.028,0.060
0.029,0.061
0.026,0.061
0.026,0.062
0.026,0.062
0.023,0.062
0.023,0.061
0.023,0.061
0.019,0.062
0.021,0.062
0.022,0.061
0.018,0.060
0.020,0.058
0.022,0.057
0.019,0.056
0.019,0.054
0.019,0.054
0.017,0.055
0.016,0.053
0.015,0.054
0.012,0.056
0.013,0.056
0.013,0.056
0.008,0.056
0.011,0.055
0.011,0.056
0.009,0.056
0.008,0.055
0.008,0.055
0.005,0.054
0.005,0.052
0.004,0.052
-0.000,0.051
0.002,0.052
0.000,0.052
-0.002,0.051
-0.002,0.050
-0.003,0.050
-0.003,0.050
-0.003,0.050
-0.005,0.051
-0.006,0.052
-0.003,0.053
-0.005,0.052
-0.007,0.051
-0.006,0.052
-0.007,0.053
-0.008,0.054
-0.007,0.053
-0.009,0.056
-0.011,0.056
-0.010,0.057
-0.012,0.058
-0.014,0.058
-0.012,0.058
-0.013,0.059
-0.013,0.060
-0.011,0.059
-0.012,0.060
-0.013,0.059
-0.011,0.058
-0.013,0.056
-0.013,0.055
-0.013,0.057
-0.015,0.058
-0.016,0.058
-0.016,0.058
-0.016,0.058
-0.017,0.056
-0.015,0.055
-0.020,0.053
-0.020,0.052
-0.019,0.053
-0.020,0.052
-0.019,0.053
-0.019,0.054
-0.020,0.056
-0.020,0.054
-0.019,0.055
-0.021,0.053
-0.018,0.054
-0.018,0.055
-0.021,0.055
-0.021,0.057
-0.020,0.056
-0.020,0.058
-0.019,0.058
-0.020,0.058
-0.021,0.060
-0.021,0.061
-0.019,0.061
-0.020,0.058
-0.019,0.058
-0.016,0.057
-0.016,0.056
-0.017,0.056
-0.016,0.054
-0.016,0.053
-0.015,0.054
-0.013,0.053
-0.015,0.053
-0.016,0.055
-0.013,0.053
-0.014,0.054
-0.014,0.054
-0.012,0.053
-0.013,0.054
-0.012,0.053
-0.012,0.051
-0.013,0.050
-0.014,0.052
-0.011,0.050
-0.013,0.051
-0.014,0.051
-0.012,0.050
-0.014,0.051
-0.012,0.048
-0.010,0.048
-0.011,0.047
-0.010,0.047
-0.008,0.047
-0.009,0.049
-0.008,0.048
-0.005,0.049
-0.007,0.050
-0.007,0.049
-0.006,0.052
-0.009,0.052
-0.007,0.052
-0.006,0.052
-0.010,0.053
-0.009,0.053
-0.009,0.052
-0.012,0.053
-0.010,0.050
-0.010,0.050
-0.011,0.049
-0.010,0.048
-0.011,0.048
-0.012,0.046
-0.010,0.045
-0.011,0.044
-0.012,0.045
-0.009,0.043
-0.014,0.045
-0.013,0.045
-0.011,0.045
-0.013,0.045
-0.014,0.044
-0.013,0.045
-0.016,0.047
-0.018,0.045
-0.016,0.047
-0.019,0.047
-0.019,0.045
-0.017,0.046
-0.020,0.046
-0.021,0.046
-0.020,0.047
-0.020,0.045
-0.021,0.043
-0.020,0.044
-0.023,0.044
-0.024,0.044
-0.022,0.046
-0.025,0.046
-0.025,0.046
-0.025,0.047
-0.026,0.046
-0.026,0.045
-0.024,0.045
-0.026,0.043
-0.027,0.042
-0.027,0.042
-0.029,0.043
-0.028,0.042
-0.028,0.044
-0.030,0.044
-0.029,0.043
-0.029,0.043
-0.032,0.043
-0.031,0.042
-0.030,0.041
-0.032,0.040
-0.031,0.039
-0.031,0.039
-0.032,0.039
-0.032,0.037
-0.033,0.039
-0.033,0.039
-0.033,0.039
-0.033,0.042
-0.033,0.041
-0.032,0.041
-0.033,0.041
-0.033,0.040
-0.031,0.040
-0.031,0.041
-0.031,0.041
-0.029,0.043
-0.029,0.044
-0.029,0.043
-0.028,0.045
-0.029,0.046
-0.029,0.046
-0.029,0.048
-0.030,0.049
-0.029,0.048
-0.029,0.048
-0.030,0.047
-0.029,0.043
-0.029,0.043
-0.029,0.043
-0.027,0.041
-0.026,0.042
-0.026,0.042
-0.025,0.041
-0.024,0.041
-0.025,0.041
-0.025,0.041
-0.026,0.042
-0.026,0.042
-0.026,0.042
-0.026,0.042
-0.026,0.042
-0.026,0.041
-0.026,0.040
-0.026,0.039
-0.026,0.039
-0.028,0.038
-0.026,0.039
-0.027,0.040
-0.027,0.039
-0.027,0.039
-0.028,0.039
-0.027,0.037
-0.028,0.035
-0.029,0.033
-0.028,0.032
-0.027,0.032
-0.028,0.032
-0.028,0.032
-0.027,0.033
-0.029,0.033
-0.028,0.032
-0.028,0.032
-0.028,0.031
-0.027,0.030
-0.027,0.031
-0.026,0.030
-0.026,0.030
-0.026,0.031
-0.027,0.030
-0.026,0.031
-0.027,0.032
-0.027,0.032
-0.025,0.032
-0.026,0.032
-0.026,0.031
-0.024,0.030
-0.025,0.031
-0.025,0.029
-0.024,0.031
-0.024,0.031
-0.024,0.030
-0.025,0.031
-0.023,0.031
-0.022,0.031
-0.024,0.033
-0.023,0.034
-0.022,0.033
-0.023,0.034
-0.023,0.032
-0.023,0.030
-0.023,0.031
-0.023,0.029
-0.022,0.028
-0.024,0.030
-0.023,0.028
-0.022,0.028
-0.024,0.029
-0.023,0.027
-0.023,0.027
-0.025,0.028
-0.025,0.025
-0.024,0.025
-0.025,0.027
-0.023,0.026
-0.022,0.027
-0.024,0.028
-0.023,0.025
-0.023,0.026
-0.025,0.027
-0.025,0.025
-0.024,0.026
-0.026,0.027
-0.025,0.026
-0.025,0.026
-0.027,0.027
-0.025,0.025
-0.025,0.023
-0.027,0.023
-0.027,0.022
-0.027,0.022
-0.029,0.022
-0.029,0.021
-0.029,0.021
-0.031,0.021
-0.031,0.020
-0.032,0.020
-0.033,0.020
-0.033,0.019
-0.033,0.020
-0.034,0.020
-0.033,0.020
-0.035,0.020
-0.036,0.021
-0.035,0.021
-0.037,0.021
-0.038,0.020
-0.037,0.019
-0.039,0.020
-0.038,0.020
-0.039,0.020
-0.040,0.020
-0.040,0.020
-0.039,0.020
-0.041,0.020
-0.041,0.022
-0.041,0.020
-0.042,0.022
-0.042,0.023
-0.042,0.023
-0.043,0.023
-0.042,0.023
-0.041,0.023
-0.042,0.022
-0.041,0.023
-0.041,0.023
-0.042,0.022
-0.043,0.023
-0.043,0.023
-0.043,0.023
-0.044,0.024
-0.044,0.026
-0.045,0.025
-0.045,0.027
-0.045,0.026
-0.045,0.025
-0.045,0.027
-0.045,0.027
-0.046,0.026
-0.045,0.026
-0.046,0.026
-0.046,0.026
-0.046,0.024
-0.046,0.023
-0.047,0.022
-0.045,0.022
-0.046,0.021
-0.046,0.020
-0.045,0.019
-0.045,0.019
-0.046,0.019
-0.044,0.020
-0.042,0.021
-0.044,0.021
-0.041,0.022
-0.041,0.021
-0.042,0.021
-0.040,0.020
-0.040,0.019
-0.041,0.018
-0.040,0.016
-0.038,0.015
-0.040,0.014
-0.038,0.013
-0.036,0.014
-0.037,0.015
-0.036,0.014
-0.036,0.014
-0.036,0.014
-0.034,0.014
-0.033,0.013
-0.033,0.013
-0.032,0.015
-0.030,0.014
-0.030,0.014
-0.030,0.014
-0.029,0.014
-0.029,0.015
-0.027,0.015
-0.027,0.014
-0.027,0.015
-0.026,0.014
-0.026,0.014
-0.027,0.014
-0.025,0.013
-0.024,0.012
-0.023,0.013
-0.021,0.011
-0.020,0.010
-0.020,0.011
-0.018,0.011
-0.017,0.010
-0.019,0.010
-0.017,0.010
-0.017,0.009
-0.018,0.011
-0.016,0.010
-0.016,0.010
-0.018,0.012
-0.016,0.010
-0.016,0.011
-0.017,0.012
-0.016,0.011
-0.015,0.010
-0.017,0.011
-0.014,0.008
-0.015,0.007
-0.016,0.007
-0.013,0.005
-0.014,0.006
-0.016,0.006
-0.014,0.006
-0.015,0.006
-0.015,0.007
-0.014,0.006
-0.017,0.005
-0.017,0.005
-0.016,0.004
-0.018,0.004
-0.018,0.003
-0.015,0.002
-0.017,0.002
-0.017,0.001
-0.014,0.000
-0.018,0.001
-0.016,0.001
-0.015,0.001
-0.018,0.001
-0.018,0.001
-0.017,0.001
-0.020,0.003
-0.019,0.003
-0.018,0.005
-0.021,0.006
-0.020,0.004
-0.020,0.003
-0.023,0.003
-0.024,0.002
-0.023,0.002
-0.025,0.002
-0.026,0.000
-0.026,0.001
-0.028,-0.000
-0.028,-0.000
-0.028,-0.000
-0.030,-0.000
-0.029,0.000
-0.030,0.000
-0.031,0.000
-0.031,-0.000
-0.032,-0.000
-0.034,0.001
-0.033,0.003
-0.033,0.003
-0.037,0.003
-0.035,0.004
-0.035,0.003
-0.037,0.002
-0.036,0.001
-0.037,0.000
-0.037,-0.002
-0.036,-0.002
-0.037,-0.003
-0.038,-0.002
-0.036,-0.001
-0.036,-0.001
-0.038,-0.002
-0.036,-0.002
-0.036,-0.002
-0.038,-0.004
-0.037,-0.003
-0.037,-0.003
-0.039,-0.003
-0.037,-0.003
-0.037,-0.003
-0.039,-0.004
-0.038,-0.004
-0.038,-0.004
-0.040,-0.005
-0.038,-0.005
-0.038,-0.004
-0.039,-0.004
-0.037,-0.003
-0.037,-0.002
-0.037,-0.001
-0.034,0.000
-0.035,0.000
-0.034,0.000
-0.033,0.000
-0.033,-0.000
-0.034,-0.001
-0.031,0.000
-0.031,-0.001
-0.031,-0.000
-0.029,0.000
-0.028,-0.000
-0.028,0.000
-0.026,0.000
-0.027,0.000
-0.027,0.001
-0.025,0.001
-0.026,0.001
-0.026,0.001
-0.024,0.002
-0.025,0.001
-0.025,0.001
-0.023,0.003
-0.024,0.004
-0.024,0.004
-0.023,0.005
-0.024,0.006
-0.024,0.005
-0.022,0.006
-0.023,0.006
-0.023,0.005
-0.021,0.005
-0.022,0.003
-0.021,0.002
-0.020,0.002
-0.020,0.001
-0.020,0.001
-0.018,0.001
-0.020,0.002
-0.019,0.003
-0.017,0.002
-0.018,0.002
-0.017,0.001
-0.015,-0.001
-0.016,-0.002
-0.016,-0.003
-0.014,-0.003
-0.015,-0.003
-0.015,-0.004
-0.012,-0.006
-0.012,-0.005
-0.012,-0.005
-0.009,-0.007
-0.010,-0.006
-0.011,-0.005
-0.008,-0.004
-0.009,-0.003
-0.010,-0.001
-0.008,0.000
-0.008,0.001
-0.009,0.000
-0.007,-0.002
-0.007,-0.002
-0.008,-0.004
-0.007,-0.005
-0.007,-0.005
-0.007,-0.006
-0.004,-0.006
-0.005,-0.006
-0.004,-0.005
-0.002,-0.005
-0.004,-0.004
-0.003,-0.004
-0.002,-0.004
-0.003,-0.003
-0.003,-0.004
-0.001,-0.003
-0.004,-0.003
-0.002,-0.003
0.000,-0.004
-0.002,-0.005
-0.000,-0.007
0.000,-0.008
-0.001,-0.009
0.000,-0.010
0.001,-0.009
-0.000,-0.008
0.001,-0.008
0.002,-0.006
0.000,-0.006
0.003,-0.007
0.003,-0.007
0.003,-0.008
0.004,-0.009
0.004,-0.009
0.003,-0.011
0.004,-0.010
0.004,-0.010
0.004,-0.012
0.005,-0.011
0.003,-0.010
0.003,-0.011
0.005,-0.009
0.003,-0.008
0.004,-0.010
0.004,-0.008
0.003,-0.007
0.003,-0.008
0.005,-0.007
0.004,-0.007
0.004,-0.008
0.005,-0.007
0.003,-0.007
0.004,-0.009
0.004,-0.006
0.006,-0.008
0.006,-0.010
0.007,-0.009
0.008,-0.008
0.008,-0.007
0.008,-0.006
0.008,-0.005
0.008,-0.005
0.009,-0.006
0.008,-0.008
0.008,-0.010
0.009,-0.010
0.010,-0.013
0.009,-0.013
0.009,-0.013
0.010,-0.014
0.010,-0.015
0.010,-0.014
0.010,-0.015
0.011,-0.014
0.010,-0.015
0.010,-0.016
0.010,-0.016
0.010,-0.016
0.010,-0.016
0.010,-0.016
0.010,-0.016
0.010,-0.015
0.011,-0.016
0.011,-0.016
0.012,-0.018
0.013,-0.018
0.014,-0.018
0.014,-0.019
0.014,-0.016
0.015,-0.017
0.015,-0.017
0.015,-0.016
0.015,-0.015
0.015,-0.016
0.015,-0.017
0.015,-0.018
0.016,-0.018
0.017,-0.017
0.016,-0.015
0.017,-0.014
0.018,-0.012
0.017,-0.010
0.020,-0.009
0.019,-0.009
0.019,-0.008
0.020,-0.009
0.019,-0.008
0.020,-0.008
0.020,-0.011
0.019,-0.012
0.019,-0.012
0.019,-0.013
0.019,-0.014
0.019,-0.014
0.019,-0.015
0.019,-0.015
0.020,-0.014
0.020,-0.015
0.021,-0.015
0.021,-0.015
0.020,-0.015
0.021,-0.016
0.022,-0.015
0.022,-0.015
0.023,-0.016
0.023,-0.017
0.024,-0.018
0.024,-0.017
0.025,-0.016
0.024,-0.016
0.025,-0.017
0.025,-0.016
0.024,-0.018
0.025,-0.019
0.025,-0.018
0.027,-0.020
0.027,-0.021
0.026,-0.020
0.027,-0.021
0.029,-0.020
0.027,-0.019
0.029,-0.021
0.030,-0.021
0.030,-0.019
0.031,-0.021
0.030,-0.019
0.030,-0.018
0.032,-0.020
0.032,-0.020
0.032,-0.020
0.034,-0.020
0.033,-0.019
0.034,-0.020
0.036,-0.019
0.034,-0.018
0.036,-0.018
0.037,-0.017
0.036,-0.016
0.037,-0.016
0.038,-0.016
0.037,-0.015
0.037,-0.015
0.040,-0.014
0.038,-0.012
0.040,-0.011
0.041,-0.012
0.041,-0.011
0.042,-0.012
0.044,-0.013
0.043,-0.013
0.044,-0.013
0.045,-0.013
0.043,-0.013
0.044,-0.015
0.044,-0.016
0.042,-0.017
0.044,-0.019
0.043,-0.019
0.042,-0.018
0.043,-0.016
0.044,-0.015
0.042,-0.014
0.044,-0.014
0.044,-0.014
0.042,-0.015
0.045,-0.016
0.044,-0.015
0.042,-0.016
0.044,-0.018
0.044,-0.017
0.043,-0.018
0.044,-0.018
0.043,-0.016
0.042,-0.015
0.045,-0.015
0.043,-0.013
0.043,-0.013
0.046,-0.013
0.044,-0.012
0.045,-0.013
0.047,-0.011
0.044,-0.011
0.044,-0.011
0.046,-0.011
0.043,-0.012
0.044,-0.014
0.046,-0.013
0.042,-0.014
0.044,-0.016
0.046,-0.015
0.044,-0.016
0.045,-0.019
0.047,-0.018
0.044,-0.018
0.045,-0.020
0.046,-0.020
0.044,-0.020
0.045,-0.021
0.047,-0.020
0.046,-0.021
0.047,-0.020
0.048,-0.017
0.048,-0.017
0.047,-0.014
0.048,-0.012
0.048,-0.012
0.049,-0.012
0.049,-0.013
0.049,-0.015
0.050,-0.016
0.052,-0.017
0.051,-0.018
0.051,-0.018
0.052,-0.017
0.051,-0.018
0.053,-0.016
0.054,-0.015
0.053,-0.015
0.054,-0.012
0.054,-0.011
0.054,-0.011
0.054,-0.010
0.056,-0.010
0.055,-0.010
0.057,-0.010
0.058,-0.009
0.057,-0.009
0.058,-0.009
0.058,-0.009
0.058,-0.010
0.058,-0.009
0.059,-0.009
0.059,-0.011
0.059,-0.008
0.059,-0.009
0.059,-0.009
0.060,-0.006
0.059,-0.007
0.060,-0.008
0.060,-0.005
0.060,-0.005
0.060,-0.006
0.060,-0.004
0.060,-0.005
0.060,-0.007
0.061,-0.008
0.060,-0.011
0.060,-0.011
0.060,-0.010
0.061,-0.011
0.061,-0.011
0.061,-0.009
0.062,-0.010
0.063,-0.011
0.063,-0.011
0.064,-0.012
0.065,-0.009
0.065,-0.009
0.066,-0.009
0.065,-0.006
0.067,-0.005
0.068,-0.006
0.067,-0.007
0.069,-0.006
0.071,-0.006
0.071,-0.006
0.072,-0.005
0.073,-0.005
0.073,-0.006
0.075,-0.007
0.076,-0.006
0.075,-0.007
0.077,-0.006
0.077,-0.007
0.077,-0.008
0.078,-0.010
0.079,-0.011
0.080,-0.010
0.080,-0.011
0.082,-0.010
0.081,-0.011
0.083,-0.011
0.084,-0.011
0.083,-0.011
0.083,-0.010
0.083,-0.009
0.085,-0.008
0.085,-0.009
0.087,-0.010
0.087,-0.011
0.088,-0.010
0.088,-0.011
0.090,-0.012
0.092,-0.013
0.093,-0.014
0.095,-0.015
0.097,-0.015
0.096,-0.014
0.096,-0.014
0.098,-0.013
0.099,-0.013
0.098,-0.014
0.099,-0.012
0.098,-0.011
0.100,-0.013
0.100,-0.013
0.098,-0.013
0.101,-0.013
0.101,-0.010
0.102,-0.008
0.102,-0.008
0.104,-0.006
0.105,-0.005
0.104,-0.006
0.104,-0.004
0.104,-0.004
0.105,-0.005
0.106,-0.005
0.106,-0.008
0.104,-0.010
0.106,-0.008
0.106,-0.009
0.106,-0.009
0.105,-0.009
0.106,-0.011
0.107,-0.012
0.107,-0.013
0.107,-0.015
0.107,-0.015
0.107,-0.013
0.106,-0.013
0.107,-0.011
0.105,-0.007
0.106,-0.008
0.106,-0.007
0.105,-0.008
0.105,-0.011
0.105,-0.010
0.105,-0.008
0.105,-0.009
0.104,-0.008
0.102,-0.006
0.104,-0.008
0.104,-0.008
0.102,-0.010
0.101,-0.012
0.101,-0.012
0.100,-0.012
0.100,-0.015
0.098,-0.014
0.099,-0.011
0.100,-0.012
0.098,-0.009
0.098,-0.009
0.099,-0.009
0.098,-0.007
0.099,-0.008
0.099,-0.008
0.097,-0.006
0.098,-0.006
0.099,-0.006
0.095,-0.005
0.095,-0.005
0.097,-0.003
0.095,-0.002
0.096,-0.005
0.097,-0.004
0.096,-0.004
0.099,-0.004
0.099,-0.005
0.096,-0.004
0.098,-0.005
0.099,-0.004
0.095,-0.003
0.096,-0.006
0.096,-0.005
0.094,-0.005
0.096,-0.006
0.096,-0.006
0.095,-0.005
0.097,-0.004
0.098,-0.002
0.097,-0.001
0.097,-0.002
0.096,0.001
0.097,0.002
0.098,0.001
0.097,0.001
0.095,0.001
0.098,0.001
0.097,0.001
0.097,0.001
0.099,0.001
0.099,0.001
0.100,0.001
0.101,0.002
0.101,0.002
0.100,0.002
0.102,0.002
0.101,0.001
0.099,0.001
0.101,0.001
0.100,0.002
0.102,0.003
0.103,0.006
0.101,0.006
0.103,0.008
0.104,0.010
0.104,0.009
0.103,0.010
0.106,0.010
0.107,0.009
0.107,0.008
0.109,0.008
0.109,0.009
0.109,0.010
0.110,0.010
0.110,0.010
0.109,0.011
0.110,0.010
0.109,0.010
0.110,0.011
0.111,0.010
0.110,0.009
0.112,0.009
0.112,0.008
0.114,0.007
0.114,0.008
0.116,0.007
0.116,0.008
0.117,0.010
0.117,0.010
0.116,0.010
0.117,0.011
0.117,0.012
0.117,0.013
0.118,0.014
0.119,0.013
0.117,0.013
0.119,0.014
0.119,0.012
0.117,0.013
0.118,0.013
0.119,0.012
0.117,0.012
0.118,0.011
0.120,0.011
0.118,0.010
0.118,0.010
0.120,0.009
0.119,0.008
0.119,0.008
0.121,0.007
0.120,0.008
0.120,0.010
0.120,0.008
0.120,0.009
0.119,0.010
0.120,0.009
0.118,0.009
0.118,0.010
0.118,0.008
0.118,0.009
0.118,0.008
0.118,0.008
0.117,0.008
0.117,0.009
0.119,0.009
0.117,0.010
0.118,0.010
0.119,0.010
0.116,0.011
0.117,0.011
0.116,0.011
0.114,0.012
0.115,0.010
0.115,0.010
0.113,0.010
0.114,0.008
0.114,0.008
0.112,0.008
0.114,0.007
0.114,0.007
0.113,0.006
0.114,0.004
0.114,0.006
0.113,0.006
0.114,0.007
0.114,0.009
0.112,0.010
0.114,0.011
0.112,0.011
0.111,0.011
0.113,0.012
0.111,0.013
0.110,0.013
0.112,0.014
0.110,0.016
0.110,0.015
0.112,0.017
0.108,0.017
0.109,0.016
0.110,0.016
0.107,0.016
0.107,0.014
0.108,0.014
0.107,0.014
0.107,0.013
0.110,0.014
0.108,0.014
0.108,0.016
0.110,0.016
0.108,0.017
0.109,0.018
0.109,0.018
0.108,0.018
0.109,0.017
0.110,0.017
0.108,0.015
0.108,0.015
0.109,0.015
0.108,0.015
0.109,0.016
0.109,0.018
0.108,0.018
0.108,0.018
0.108,0.018
0.107,0.017
0.107,0.015
0.108,0.015
0.105,0.014
0.107,0.015
0.108,0.018
0.106,0.020
0.107,0.022
0.108,0.024
0.108,0.025
0.108,0.025
0.109,0.026
0.108,0.026
0.108,0.026
0.109,0.026
0.109,0.026
0.109,0.025
0.110,0.024
0.110,0.024
0.110,0.023
0.111,0.023
0.110,0.022
0.111,0.021
0.111,0.021
0.109,0.020
0.111,0.022
0.111,0.022
0.111,0.023
0.111,0.024
0.113,0.024
0.113,0.025
0.114,0.027
0.115,0.027
0.115,0.028
0.116,0.028
0.117,0.026
0.118,0.024
0.119,0.025
0.120,0.024
0.121,0.023
0.123,0.023
0.123,0.023
0.123,0.024
0.126,0.026
0.126,0.028
0.126,0.030
0.127,0.031
0.127,0.033
0.128,0.032
0.129,0.032
0.130,0.033
0.130,0.033
0.131,0.031
0.131,0.031
0.131,0.031
0.133,0.028
0.132,0.026
0.132,0.025
0.133,0.025
0.135,0.025
0.133,0.025
0.134,0.026
0.135,0.028
0.135,0.029
0.136,0.029
0.137,0.031
0.137,0.031
0.139,0.032
0.139,0.034
0.139,0.033
0.140,0.035
0.140,0.035
0.139,0.034
0.140,0.035
0.139,0.035
0.139,0.035
0.140,0.035
0.139,0.036
0.139,0.036
0.140,0.037
0.139,0.036
0.138,0.033
0.140,0.033
0.138,0.032
0.139,0.031
0.139,0.032
0.138,0.034
0.139,0.036
0.138,0.037
0.137,0.037
0.138,0.037
0.137,0.038
0.137,0.036
0.137,0.036
0.136,0.037
0.136,0.036
0.135,0.035
0.134,0.036
0.134,0.035
0.133,0.036
0.131,0.038
0.131,0.037
0.132,0.038
0.129,0.039
0.128,0.037
0.129,0.037
0.127,0.037
0.127,0.035
0.127,0.036
0.126,0.037
0.126,0.037
0.125,0.036
0.124,0.036
0.123,0.035
0.123,0.036
0.121,0.037
0.121,0.037
0.121,0.038
0.119,0.039
0.119,0.038
0.119,0.039
0.117,0.039
0.117,0.039
0.117,0.040
0.115,0.040
0.115,0.039
0.114,0.039
0.112,0.038
0.113,0.038
0.111,0.039
0.111,0.040
0.111,0.040
0.111,0.041
0.111,0.041
0.112,0.040
0.110,0.040
0.109,0.040
0.110,0.040
0.110,0.041
0.109,0.042
0.110,0.041
0.110,0.043
0.110,0.043
0.110,0.043
0.110,0.044
0.110,0.044
0.110,0.043
0.110,0.044
0.110,0.046
0.111,0.047
0.110,0.050
0.110,0.051
0.110,0.051
0.109,0.052
0.109,0.051
0.110,0.052
0.108,0.051
0.110,0.050
0.110,0.050
0.108,0.050
0.110,0.049
0.111,0.051
0.109,0.052
0.111,0.051
0.112,0.053
0.110,0.053
0.112,0.051
0.113,0.051
0.110,0.050
0.114,0.049
0.114,0.049
0.113,0.050
0.114,0.050
0.114,0.052
0.114,0.053
0.115,0.055
0.115,0.057
0.114,0.059
0.116,0.060
0.114,0.059
0.114,0.060
0.116,0.059
0.115,0.059
0.116,0.057
0.118,0.056
0.118,0.056
0.119,0.056
0.120,0.057
0.119,0.058
0.119,0.060
0.119,0.061
0.119,0.060
0.118,0.060
0.117,0.061
0.118,0.061
0.117,0.060
0.118,0.061
0.117,0.059
0.116,0.059
0.116,0.059
0.114,0.058
0.114,0.058
0.114,0.058
0.113,0.057
0.112,0.057
0.112,0.057
0.113,0.057
0.111,0.057
0.112,0.056
0.111,0.056
0.112,0.056
0.112,0.056
0.113,0.055
0.112,0.056
0.112,0.054
0.112,0.053
0.110,0.054
0.111,0.052
0.110,0.052
0.109,0.054
0.110,0.055
0.110,0.056
0.108,0.058
0.110,0.056
0.109,0.056
0.107,0.056
0.109,0.056
0.107,0.055
0.106,0.056
0.107,0.054
0.104,0.055
0.104,0.055
0.104,0.054
0.102,0.054
0.102,0.054
0.103,0.054
0.101,0.053
0.100,0.053
0.103,0.052
0.101,0.052
0.100,0.052
0.101,0.052
0.100,0.054
0.100,0.055
0.101,0.056
0.099,0.058
0.099,0.059
0.101,0.058
0.098,0.058
0.098,0.058
0.099,0.057
0.095,0.058
0.095,0.058
0.097,0.058
0.094,0.059
0.094,0.060
0.096,0.062
0.094,0.063
0.095,0.064
0.095,0.063
0.093,0.065
0.094,0.065
0.094,0.066
0.091,0.067
0.091,0.065
0.093,0.064
0.091,0.063
0.092,0.062
0.092,0.063
0.091,0.064
0.093,0.064
0.092,0.066
0.090,0.067
0.091,0.067
0.091,0.068
0.088,0.068
0.088,0.068
0.089,0.068
0.085,0.068
0.087,0.066
0.087,0.066
0.084,0.066
0.086,0.065
0.084,0.065
0.082,0.067
0.083,0.068
0.081,0.070
0.079,0.070
0.082,0.071
0.081,0.071
0.080,0.070
0.081,0.069
0.081,0.069
0.080,0.068
0.082,0.069
0.080,0.071
0.080,0.070
0.082,0.072
0.079,0.072
0.079,0.071
0.079,0.071
0.077,0.070
0.077,0.067
0.076,0.068
0.075,0.068
0.075,0.066
0.076,0.068
0.074,0.068
0.075,0.066
0.077,0.068
0.075,0.067
0.075,0.066
0.076,0.067
0.075,0.068
0.075,0.066
0.075,0.068
0.075,0.067
0.075,0.066
0.076,0.066
0.075,0.064
0.076,0.064
0.077,0.064
0.076,0.063
0.076,0.064
0.078,0.065
0.077,0.064
0.077,0.065
0.077,0.067
0.077,0.067
0.076,0.068
0.075,0.069
0.076,0.069
0.075,0.069
0.076,0.070
0.075,0.070
0.075,0.069
0.076,0.069
0.074,0.068
0.073,0.069
0.074,0.069
0.072,0.070
0.072,0.070
0.072,0.071
0.072,0.071
0.071,0.071
0.073,0.072
0.071,0.072
0.070,0.073
0.072,0.072
0.070,0.072
0.070,0.070
0.071,0.070
0.070,0.070
0.069,0.069
0.071,0.068
0.069,0.068
0.068,0.068
0.069,0.069
0.067,0.069
0.067,0.069
0.068,0.068
0.067,0.068
0.068,0.066
0.069,0.065
0.067,0.065
0.067,0.066
0.067,0.068
0.067,0.068
0.068,0.068
0.067,0.069
0.067,0.069
0.068,0.067
0.067,0.069
0.066,0.068
0.067,0.069
0.067,0.070
0.066,0.069
0.067,0.070
0.067,0.069
0.066,0.068
0.067,0.067
0.066,0.068
0.065,0.069
0.065,0.068
0.065,0.070
0.064,0.069
0.065,0.069
0.064,0.068
0.063,0.068
0.064,0.067
0.063,0.066
0.063,0.066
0.063,0.066
0.064,0.067
0.063,0.067
0.065,0.067
0.064,0.068
0.063,0.067
0.065,0.068
0.064,0.068
0.063,0.067
0.063,0.067
0.063,0.069
0.062,0.069
0.062,0.070
0.061,0.071
0.061,0.070
0.061,0.070
0.059,0.071
0.059,0.070
0.060,0.071
0.059,0.072
0.061,0.070
0.061,0.071
0.061,0.071
0.061,0.069
0.062,0.071
0.062,0.070
0.062,0.069
0.061,0.069
0.060,0.069
0.062,0.068
0.059,0.068
0.058,0.067
0.058,0.067
0.056,0.070
0.056,0.069
0.056,0.070
0.054,0.073
0.054,0.072
0.055,0.072
0.053,0.072
0.053,0.071
0.053,0.070
0.051,0.071
0.052,0.067
0.052,0.067
0.050,0.068
0.050,0.064
0.050,0.064
0.048,0.063
0.049,0.060
0.049,0.060
0.046,0.060
0.048,0.059
0.047,0.060
0.045,0.061
0.047,0.062
0.046,0.063
0.044,0.064
0.045,0.064
0.045,0.064
0.044,0.065
0.045,0.065
0.044,0.066
0.045,0.068
0.046,0.067
0.045,0.067
0.045,0.067
0.046,0.066
0.047,0.065
0.046,0.064
0.047,0.064
0.046,0.064
0.046,0.063
0.046,0.062
0.046,0.062
0.046,0.062
0.046,0.062
0.047,0.062
0.047,0.062
0.048,0.062
0.047,0.063
0.047,0.064
0.047,0.064
0.047,0.065
0.047,0.065
0.047,0.064
0.046,0.064
0.046,0.063
0.046,0.062
0.047,0.061
0.046,0.061
0.046,0.060
0.046,0.059
0.045,0.061
0.046,0.060
0.045,0.062
0.046,0.062
0.046,0.062
0.046,0.062
0.046,0.061
0.046,0.060
0.045,0.058
0.046,0.059
0.046,0.057
0.045,0.056
0.045,0.057
0.045,0.057
0.044,0.056
0.044,0.054
0.044,0.054
0.043,0.052
0.043,0.054
0.043,0.054
0.041,0.055
0.041,0.056
0.041,0.056
0.040,0.056
0.041,0.057
0.043,0.057
0.040,0.056
0.041,0.055
0.041,0.054
0.040,0.055
0.040,0.056
0.041,0.057
0.039,0.060
0.039,0.059
0.040,0.060
0.038,0.060
0.038,0.060
0.039,0.060
0.037,0.060
0.036,0.059
0.037,0.058
0.035,0.060
0.036,0.059
0.036,0.059
0.034,0.061
0.035,0.062
0.035,0.062
0.033,0.063
0.035,0.062
0.035,0.062
0.033,0.062
0.034,0.062
0.034,0.062
0.033,0.063
0.034,0.062
0.035,0.062
0.033,0.063
0.034,0.062
0.034,0.061
0.032,0.062
0.034,0.062
0.033,0.062
0.032,0.063
0.034,0.062
0.034,0.063
0.032,0.063
0.033,0.063
0.032,0.063
0.028,0.064
0.031,0.064
0.030,0.064
0.027,0.064
0.030,0.061
0.029,0.060
0.028,0.058
0.029,0.056
0.028,0.056
0.025,0.057
0.028,0.056
0.026,0.055
0.024,0.054
0.026,0.053
0.024,0.055
0.024,0.054
0.024,0.054
0.022,0.054
0.023,0.054
0.024,0.053
0.021,0.053
0.021,0.053
0.021,0.053
0.017,0.054
0.017,0.051
0.018,0.054
0.014,0.055
0.015,0.055
0.014,0.056
0.012,0.056
0.012,0.055
0.014,0.056
0.010,0.056
0.012,0.054
0.011,0.056
0.008,0.056
0.009,0.054
0.009,0.056
0.007,0.055
0.005,0.056
0.005,0.057
0.002,0.056
0.002,0.056
0.001,0.057
-0.001,0.057
0.000,0.058
-0.001,0.058
-0.003,0.055
-0.003,0.055
-0.002,0.054
-0.004,0.053
-0.005,0.055
-0.005,0.055
-0.007,0.055
-0.006,0.056
-0.007,0.053
-0.007,0.053
-0.007,0.054
-0.006,0.054
-0.009,0.054
-0.009,0.053
-0.009,0.052
-0.010,0.052
-0.011,0.052
-0.011,0.052
-0.012,0.054
-0.012,0.054
-0.011,0.053
-0.012,0.053
-0.011,0.053
-0.011,0.053
-0.014,0.052
-0.012,0.052
-0.012,0.050
-0.014,0.049
-0.013,0.049
-0.013,0.047
-0.016,0.046
-0.015,0.048
-0.016,0.047
-0.017,0.043
-0.015,0.044
-0.018,0.043
-0.017,0.043
-0.015,0.044
-0.016,0.044
-0.017,0.044
-0.014,0.046
-0.015,0.047
-0.016,0.046
-0.015,0.046
-0.017,0.044
-0.016,0.044
-0.014,0.045
-0.016,0.045
-0.017,0.046
-0.016,0.048
-0.016,0.049
-0.016,0.047
-0.016,0.048
-0.015,0.048
-0.015,0.048
-0.013,0.049
-0.016,0.047
-0.015,0.047
-0.012,0.049
-0.013,0.048
-0.014,0.048
-0.013,0.050
-0.013,0.050
-0.013,0.050
-0.011,0.049
-0.012,0.049
-0.012,0.049
-0.010,0.048
-0.010,0.046
-0.010,0.046
-0.008,0.047
-0.008,0.047
-0.009,0.049
-0.006,0.049
-0.007,0.050
-0.005,0.051
-0.003,0.050
-0.004,0.049
-0.005,0.049
-0.004,0.049
-0.006,0.047
-0.007,0.045
-0.005,0.043
-0.006,0.043
-0.007,0.042
-0.005,0.041
-0.007,0.041
-0.007,0.040
-0.005,0.041
-0.006,0.042
-0.007,0.042
-0.005,0.042
-0.008,0.044
-0.006,0.043
-0.005,0.044
-0.009,0.045
-0.007,0.045
-0.006,0.044
-0.009,0.043
-0.010,0.039
-0.008,0.037
-0.011,0.036
-0.010,0.034
-0.010,0.034
-0.013,0.034
-0.011,0.034
-0.011,0.035
-0.013,0.035
-0.013,0.036
-0.012,0.038
-0.015,0.039
-0.014,0.038
-0.014,0.038
-0.015,0.039
-0.013,0.039
-0.015,0.039
-0.017,0.038
-0.016,0.038
-0.016,0.038
-0.018,0.035
-0.017,0.034
-0.018,0.033
-0.019,0.031
-0.019,0.030
-0.021,0.032
-0.021,0.032
-0.021,0.034
-0.022,0.034
-0.022,0.031
-0.021,0.032
-0.023,0.030
-0.024,0.028
-0.022,0.030
-0.025,0.030
-0.026,0.027
-0.025,0.028
-0.028,0.029
-0.028,0.026
-0.028,0.027
-0.028,0.027
-0.028,0.024
-0.026,0.026
-0.028,0.025
-0.028,0.024
-0.027,0.026
-0.029,0.028
-0.029,0.028
-0.029,0.030
-0.029,0.031
-0.029,0.030
-0.029,0.031
-0.030,0.030
-0.029,0.030
-0.029,0.031
-0.031,0.030
-0.030,0.032
-0.030,0.033
-0.029,0.033
-0.030,0.034
-0.030,0.034
-0.029,0.033
-0.030,0.032
-0.028,0.031
-0.028,0.029
-0.027,0.030
-0.026,0.030
-0.026,0.030
-0.027,0.032
-0.027,0.033
-0.028,0.034
-0.029,0.034
-0.027,0.035
-0.028,0.034
-0.028,0.033
-0.027,0.033
-0.027,0.033
-0.028,0.030
-0.027,0.030
-0.028,0.029
-0.028,0.028
-0.026,0.028
-0.027,0.028
-0.028,0.029
-0.026,0.031
-0.027,0.033
-0.027,0.033
-0.027,0.033
-0.027,0.035
-0.027,0.034
-0.027,0.034
-0.028,0.032
-0.028,0.031
-0.026,0.029
-0.027,0.027
-0.027,0.024
-0.027,0.024
-0.027,0.023
-0.026,0.022
-0.027,0.023
-0.026,0.023
-0.025,0.023
-0.026,0.024
-0.026,0.024
-0.025,0.026
-0.026,0.026
-0.026,0.026
-0.025,0.026
-0.026,0.026
-0.027,0.026
-0.027,0.025
-0.027,0.025
-0.027,0.026
-0.027,0.025
-0.027,0.025
-0.028,0.025
-0.027,0.024
-0.027,0.023
-0.028,0.022
-0.027,0.021
-0.026,0.022
-0.026,0.021
-0.026,0.021
-0.026,0.021
-0.027,0.021
-0.026,0.020
-0.027,0.020
-0.027,0.019
-0.026,0.019
-0.027,0.021
-0.028,0.020
-0.026,0.021
-0.027,0.023
-0.027,0.022
-0.026,0.022
-0.026,0.023
-0.024,0.021
-0.024,0.021
-0.023,0.022
-0.022,0.021
-0.023,0.022
-0.023,0.020
-0.023,0.019
-0.023,0.020
-0.024,0.020
-0.023,0.020
-0.024,0.021
-0.023,0.021
-0.021,0.022
-0.023,0.024
-0.022,0.023
-0.021,0.024
-0.023,0.025
-0.022,0.024
-0.023,0.024
-0.025,0.024
-0.025,0.023
-0.024,0.022
-0.027,0.022
-0.026,0.022
-0.025,0.020
-0.027,0.021
-0.026,0.020
-0.025,0.021
-0.026,0.021
-0.026,0.019
-0.025,0.019
-0.027,0.018
-0.026,0.016
-0.027,0.015
-0.030,0.017
-0.029,0.016
-0.030,0.016
-0.032,0.017
-0.031,0.016
-0.031,0.017
-0.033,0.018
-0.032,0.017
-0.034,0.018
-0.037,0.018
-0.035,0.016
-0.036,0.016
-0.039,0.015
-0.037,0.013
-0.038,0.015
-0.040,0.014
-0.039,0.012
-0.040,0.013
-0.042,0.014
-0.040,0.013
-0.042,0.014
-0.043,0.015
-0.042,0.014
-0.043,0.014
-0.044,0.013
-0.043,0.013
-0.044,0.012
-0.045,0.010
-0.043,0.010
-0.045,0.011
-0.045,0.010
-0.043,0.011
-0.045,0.013
-0.044,0.013
-0.043,0.014
-0.046,0.013
-0.045,0.011
-0.044,0.011
-0.046,0.011
-0.045,0.010
-0.045,0.010
-0.047,0.009
-0.046,0.010
-0.046,0.010
-0.048,0.010
-0.048,0.010
-0.048,0.011
-0.048,0.010
-0.048,0.011
-0.047,0.012
-0.048,0.011
-0.047,0.011
-0.045,0.011
-0.045,0.010
-0.043,0.010
-0.043,0.008
-0.043,0.007
-0.043,0.008
-0.042,0.006
-0.043,0.007
-0.042,0.009
-0.041,0.008
-0.041,0.009
-0.041,0.010
-0.040,0.010
-0.040,0.010
-0.040,0.011
-0.038,0.012
-0.038,0.013
-0.038,0.014
-0.036,0.013
-0.038,0.013
-0.036,0.012
-0.035,0.011
-0.036,0.011
-0.034,0.011
-0.032,0.011
-0.034,0.011
-0.033,0.013
-0.031,0.013
-0.032,0.013
-0.030,0.012
-0.028,0.010
-0.029,0.011
-0.028,0.010
-0.026,0.010
-0.027,0.009
-0.026,0.008
-0.025,0.007
-0.026,0.007
-0.025,0.006
-0.024,0.006
-0.024,0.007
-0.023,0.006
-0.023,0.006
-0.023,0.006
-0.022,0.006
-0.022,0.007
-0.022,0.006
-0.020,0.007
-0.021,0.008
-0.020,0.006
-0.019,0.005
-0.020,0.005
-0.019,0.004
-0.018,0.003
-0.018,0.003
-0.018,0.001
-0.016,0.001
-0.018,0.000
-0.018,0.001
-0.016,0.001
-0.017,0.002
-0.018,0.002
-0.016,0.003
-0.017,0.003
-0.018,0.001
-0.016,0.000
-0.016,-0.001
-0.016,-0.003
-0.014,-0.003
-0.016,-0.003
-0.016,-0.003
-0.014,-0.002
-0.015,-0.000
-0.016,0.000
-0.014,0.002
-0.015,0.004
-0.016,0.005
-0.013,0.007
-0.015,0.007
-0.015,0.007
-0.015,0.006
-0.017,0.006
-0.017,0.004
-0.017,0.004
-0.018,0.004
-0.018,0.003
-0.016,0.005
-0.018,0.006
-0.018,0.004
-0.017,0.004
-0.020,0.005
-0.019,0.003
-0.019,0.003
-0.022,0.003
-0.022,0.001
-0.022,0.002
-0.024,0.001
-0.024,0.001
-0.025,0.002
-0.028,0.002
-0.027,0.002
-0.029,0.002
-0.030,0.002
-0.030,0.001
-0.031,0.002
-0.032,0.002
-0.031,0.003
-0.033,0.003
-0.035,0.001
-0.034,0.001
-0.035,-0.000
-0.037,-0.003
-0.036,-0.003
-0.037,-0.003
-0.038,-0.005
-0.038,-0.003
-0.039,-0.003
-0.039,-0.005
-0.038,-0.003
-0.039,-0.003
-0.040,-0.005
-0.039,-0.003
-0.041,-0.003
-0.041,-0.003
-0.041,-0.002
-0.042,-0.001
-0.041,-0.003
-0.040,-0.003
-0.041,-0.005
-0.040,-0.008
-0.040,-0.007
-0.040,-0.008
-0.040,-0.009
-0.039,-0.007
-0.039,-0.007
-0.039,-0.007
-0.038,-0.005
-0.039,-0.005
-0.039,-0.004
-0.039,-0.004
-0.039,-0.005
-0.037,-0.005
-0.037,-0.006
-0.036,-0.006
-0.035,-0.007
-0.035,-0.007
-0.032,-0.009
-0.033,-0.008
-0.033,-0.007
-0.032,-0.007
-0.032,-0.007
-0.032,-0.006
-0.031,-0.006
-0.031,-0.006
-0.031,-0.005
-0.030,-0.005
-0.030,-0.004
-0.029,-0.004
-0.029,-0.005
-0.029,-0.004
-0.028,-0.004
-0.027,-0.004
-0.026,-0.004
-0.025,-0.003
-0.025,-0.004
-0.025,-0.005
-0.025,-0.005
-0.024,-0.007
-0.024,-0.007
-0.023,-0.007
-0.022,-0.006
-0.022,-0.007
-0.021,-0.007
-0.020,-0.007
-0.020,-0.009
-0.018,-0.009
-0.018,-0.010
-0.018,-0.010
-0.016,-0.010
-0.017,-0.009
-0.017,-0.008
-0.015,-0.007
-0.015,-0.006
-0.015,-0.007
-0.013,-0.007
-0.013,-0.008
-0.012,-0.009
-0.011,-0.009
-0.012,-0.009
-0.011,-0.010
-0.010,-0.009
-0.011,-0.007
-0.010,-0.008
-0.009,-0.007
-0.009,-0.007
-0.009,-0.008
-0.007,-0.008
-0.007,-0.009
-0.006,-0.011
-0.005,-0.012
-0.005,-0.013
-0.004,-0.014
-0.004,-0.013
-0.003,-0.013
-0.003,-0.014
-0.003,-0.012
-0.003,-0.012
-0.003,-0.013
-0.003,-0.011
-0.003,-0.011
-0.002,-0.011
-0.002,-0.010
-0.002,-0.010
0.000,-0.011
0.000,-0.010
0.000,-0.013
0.001,-0.013
0.000,-0.012
-0.000,-0.013
-0.000,-0.013
-0.002,-0.012
-0.001,-0.013
-0.001,-0.013
-0.002,-0.012
-0.001,-0.013
-0.000,-0.013
-0.000,-0.012
-0.001,-0.013
0.001,-0.013
0.001,-0.011
0.000,-0.013
0.001,-0.014
0.000,-0.015
0.000,-0.017
0.001,-0.018
0.002,-0.019
0.002,-0.020
0.003,-0.019
0.002,-0.019
0.002,-0.019
0.003,-0.020
0.003,-0.019
0.002,-0.020
0.002,-0.020
0.002,-0.018
0.001,-0.018
0.002,-0.016
0.001,-0.014
0.002,-0.014
0.003,-0.012
0.003,-0.012
0.004,-0.013
0.005,-0.013
0.006,-0.013
0.007,-0.014
0.008,-0.012
0.008,-0.013
0.009,-0.014
0.009,-0.015
0.008,-0.016
0.009,-0.016
0.008,-0.015
0.007,-0.016
0.008,-0.016
0.008,-0.014
0.009,-0.016
0.009,-0.017
0.010,-0.017
0.011,-0.016
0.013,-0.016
0.013,-0.013
0.012,-0.013
0.013,-0.012
0.013,-0.011
0.013,-0.012
0.013,-0.013
0.013,-0.013
0.013,-0.015
0.013,-0.015
0.013,-0.015
0.014,-0.015
0.014,-0.014
0.013,-0.013
0.015,-0.013
0.016,-0.013
0.016,-0.012
0.017,-0.012
0.018,-0.012
0.019,-0.011
0.019,-0.012
0.020,-0.012
0.018,-0.012
0.019,-0.013
0.019,-0.013
0.017,-0.013
0.018,-0.014
0.017,-0.012
0.016,-0.013
0.017,-0.013
0.017,-0.013
0.017,-0.013
0.019,-0.014
0.019,-0.013
0.019,-0.013
0.022,-0.013
0.021,-0.012
0.021,-0.012
0.022,-0.012
0.023,-0.013
0.022,-0.015
0.023,-0.015
0.023,-0.017
0.023,-0.018
0.024,-0.018
0.024,-0.020
0.025,-0.020
0.025,-0.020
0.025,-0.020
0.025,-0.020
0.025,-0.018
0.026,-0.018
0.026,-0.017
0.025,-0.018
0.025,-0.020
0.025,-0.020
0.025,-0.022
0.026,-0.023
0.026,-0.023
0.026,-0.022
0.027,-0.022
0.027,-0.020
0.027,-0.018
0.028,-0.017
0.028,-0.015
0.028,-0.015
0.029,-0.014
0.029,-0.012
0.028,-0.014
0.030,-0.014
0.029,-0.013
0.030,-0.015
0.031,-0.017
0.030,-0.015
0.032,-0.016
0.032,-0.016
0.032,-0.015
0.034,-0.015
0.035,-0.015
0.033,-0.014
0.036,-0.016
0.035,-0.017
0.036,-0.018
0.038,-0.019
0.037,-0.019
0.037,-0.018
0.039,-0.018
0.038,-0.017
0.038,-0.017
0.039,-0.017
0.037,-0.017
0.037,-0.017
0.040,-0.018
0.037,-0.017
0.039,-0.017
0.041,-0.017
0.040,-0.017
0.041,-0.018
0.043,-0.018
0.042,-0.018
0.042,-0.019
0.044,-0.018
0.041,-0.016
0.043,-0.016
0.042,-0.017
0.041,-0.016
0.041,-0.016
0.041,-0.016
0.039,-0.015
0.040,-0.015
0.041,-0.015
0.039,-0.015
0.039,-0.013
0.040,-0.012
0.038,-0.011
0.039,-0.010
0.038,-0.011
0.037,-0.011
0.039,-0.013
0.039,-0.014
0.038,-0.015
0.041,-0.015
0.041,-0.015
0.040,-0.014
0.043,-0.014
0.042,-0.014
0.040,-0.013
0.043,-0.014
0.042,-0.012
0.040,-0.012
0.042,-0.011
0.042,-0.010
0.040,-0.010
0.043,-0.009
0.041,-0.009
0.039,-0.010
0.042,-0.010
0.041,-0.010
0.040,-0.011
0.042,-0.010
0.040,-0.009
0.041,-0.011
0.043,-0.008
0.040,-0.008
0.041,-0.009
0.042,-0.008
0.041,-0.008
0.041,-0.010
0.043,-0.009
0.042,-0.010
0.043,-0.012
0.044,-0.012
0.043,-0.012
0.043,-0.013
0.045,-0.012
0.044,-0.013
0.045,-0.013
0.047,-0.013
0.046,-0.013
0.047,-0.013
0.048,-0.012
0.048,-0.014
0.048,-0.013
0.050,-0.013
0.049,-0.013
0.049,-0.013
0.051,-0.011
0.051,-0.011
0.051,-0.010
0.052,-0.009
0.052,-0.009
0.052,-0.009
0.054,-0.009
0.053,-0.010
0.054,-0.010
0.055,-0.012
0.054,-0.012
0.055,-0.013
0.056,-0.014
0.055,-0.013
0.056,-0.011
0.057,-0.010
0.056,-0.008
0.057,-0.007
0.058,-0.006
0.057,-0.006
0.057,-0.008
0.059,-0.008
0.058,-0.009
0.059,-0.011
0.059,-0.011
0.059,-0.010
0.059,-0.010
0.060,-0.009
0.059,-0.008
0.060,-0.007
0.061,-0.006
0.061,-0.005
0.062,-0.004
0.063,-0.004
0.063,-0.005
0.063,-0.006
0.063,-0.007
0.062,-0.009
0.062,-0.009
0.061,-0.007
0.061,-0.007
0.062,-0.005
0.062,-0.003
0.063,-0.004
0.064,-0.004
0.067,-0.004
0.067,-0.005
0.069,-0.006
0.069,-0.006
0.070,-0.006
0.071,-0.007
0.072,-0.008
0.071,-0.008
0.073,-0.008
0.074,-0.008
0.074,-0.009
0.074,-0.009
0.075,-0.008
0.075,-0.008
0.077,-0.008
0.076,-0.008
0.077,-0.008
0.078,-0.006
0.080,-0.006
0.081,-0.004
0.080,-0.004
0.081,-0.003
0.081,-0.002
0.083,-0.003
0.083,-0.003
0.085,-0.005
0.087,-0.005
0.088,-0.004
0.088,-0.005
0.089,-0.005
0.092,-0.004
0.093,-0.007
0.093,-0.008
0.093,-0.007
0.094,-0.009
0.094,-0.006
0.093,-0.007
0.095,-0.005
0.095,-0.003
0.096,-0.000
0.096,-0.000
0.096,0.002
0.098,0.002
0.101,0.002
0.100,0.004
0.101,0.002
0.102,0.002
0.101,0.002
0.102,0.000
0.103,-0.001
0.103,0.001
0.103,0.001
0.103,0.000
0.102,0.001
0.102,-0.001
0.104,-0.002
0.103,-0.002
0.104,-0.003
0.104,-0.003
0.104,-0.001
0.104,-0.001
0.107,-0.002
0.107,0.001
0.107,0.000
0.107,0.000
0.106,0.000
0.108,0.000
0.109,-0.002
0.108,-0.002
0.109,-0.002
0.108,-0.002
0.106,0.000
0.106,-0.001
0.107,0.001
0.106,0.003
0.107,0.002
0.106,0.002
0.104,0.004
0.108,0.002
0.106,0.001
0.106,0.001
0.108,-0.001
0.107,0.002
0.106,0.003
0.107,0.002
0.106,0.002
0.104,0.003
0.106,0.001
0.104,0.001
0.101,0.002
0.103,0.001
0.101,0.002
0.101,0.001
0.101,-0.000
0.099,-0.001
0.098,-0.001
0.098,-0.003
0.097,-0.004
0.097,-0.006
0.098,-0.007
0.096,-0.006
0.096,-0.006
0.096,-0.006
0.094,-0.005
0.096,-0.008
0.097,-0.006
0.094,-0.004
0.095,-0.004
0.096,-0.003
0.093,-0.002
0.095,-0.005
0.095,-0.004
0.093,-0.004
0.095,-0.006
0.096,-0.005
0.093,-0.008
0.095,-0.008
0.096,-0.006
0.093,-0.006
0.094,-0.007
0.094,-0.003
0.092,-0.003
0.093,-0.003
0.093,-0.001
0.091,-0.002
0.093,0.000
0.093,0.001
0.092,-0.001
0.095,-0.002
0.095,-0.002
0.096,-0.002
0.097,-0.002
0.095,-0.002
0.095,-0.002
0.097,-0.003
0.098,-0.003
0.097,-0.003
0.097,-0.002
0.096,-0.001
0.096,-0.002
0.097,-0.001
0.096,-0.001
0.098,0.001
0.099,0.002
0.099,0.002
0.099,0.003
0.101,0.005
0.102,0.004
0.102,0.006
0.103,0.008
0.104,0.008
0.104,0.008
0.106,0.009
0.107,0.009
0.106,0.008
0.108,0.009
0.109,0.008
0.109,0.008
0.110,0.008
0.110,0.007
0.111,0.009
0.111,0.010
0.112,0.010
0.112,0.011
0.113,0.012
0.114,0.012
0.113,0.013
0.115,0.012
0.115,0.012
0.115,0.013
0.116,0.012
0.116,0.012
0.116,0.013
0.117,0.011
0.118,0.011
0.117,0.012
0.119,0.011
0.118,0.011
0.119,0.012
0.121,0.013
0.120,0.013
0.120,0.013
0.122,0.014
0.121,0.014
0.120,0.013
0.122,0.012
0.119,0.010
0.118,0.008
0.120,0.006
0.117,0.007
0.118,0.007
0.120,0.007
0.119,0.009
0.120,0.010
0.122,0.010
0.121,0.012
0.120,0.013
0.122,0.013
0.120,0.015
0.120,0.015
0.122,0.015
0.119,0.016
0.119,0.014
0.120,0.015
0.117,0.016
0.117,0.015
0.119,0.016
0.117,0.018
0.116,0.018
0.117,0.018
0.115,0.021
0.116,0.020
0.115,0.020
0.114,0.020
0.114,0.019
0.114,0.018
0.112,0.018
0.113,0.019
0.114,0.018
0.113,0.019
0.113,0.018
0.114,0.018
0.113,0.018
0.114,0.018
0.115,0.018
0.114,0.018
0.116,0.018
0.116,0.018
0.114,0.020
0.117,0.020
0.116,0.021
0.114,0.022
0.115,0.021
0.115,0.022
0.113,0.022
0.114,0.022
0.114,0.023
0.113,0.024
0.115,0.024
0.115,0.024
0.114,0.024
0.115,0.024
0.114,0.025
0.114,0.024
0.115,0.023
0.114,0.023
0.113,0.022
0.115,0.020
0.113,0.019
0.113,0.018
0.114,0.017
0.112,0.017
0.112,0.015
0.114,0.015
0.112,0.016
0.112,0.014
0.114,0.016
0.111,0.016
0.111,0.014
0.112,0.014
0.109,0.014
0.110,0.013
0.112,0.013
0.109,0.015
0.110,0.014
0.111,0.017
0.109,0.018
0.109,0.018
0.110,0.021
0.108,0.022
0.109,0.023
0.109,0.023
0.107,0.023
0.108,0.022
0.109,0.023
0.107,0.023
0.107,0.023
0.108,0.024
0.106,0.024
0.108,0.025
0.109,0.026
0.108,0.027
0.108,0.026
0.109,0.026
0.109,0.025
0.109,0.025
0.111,0.025
0.110,0.024
0.111,0.025
0.112,0.026
0.112,0.025
0.110,0.027
0.112,0.028
0.112,0.028
0.112,0.029
0.114,0.030
0.114,0.031
0.114,0.034
0.115,0.035
0.115,0.036
0.116,0.038
0.118,0.037
0.117,0.037
0.118,0.037
0.121,0.036
0.120,0.036
0.121,0.035
0.123,0.034
0.122,0.034
0.124,0.033
0.127,0.032
0.127,0.033
0.128,0.033
0.130,0.033
0.129,0.034
0.130,0.035
0.132,0.034
0.131,0.034
0.132,0.032
0.133,0.031
0.132,0.032
0.132,0.032
0.132,0.032
0.132,0.031
0.132,0.031
0.133,0.031
0.132,0.031
0.134,0.033
0.134,0.034
0.134,0.035
0.136,0.036
0.136,0.036
0.136,0.035
0.137,0.036
0.136,0.036
0.137,0.036
0.137,0.037
0.136,0.037
0.135,0.037
0.137,0.038
0.136,0.037
0.135,0.037
0.136,0.036
0.136,0.035
0.135,0.033
0.137,0.034
0.137,0.034
0.136,0.034
0.137,0.036
0.136,0.037
0.134,0.038
0.135,0.038
0.135,0.039
0.133,0.037
0.134,0.036
0.134,0.036
0.133,0.034
0.135,0.034
0.134,0.035
0.134,0.036
0.134,0.036
0.132,0.038
0.131,0.037
0.131,0.038
0.129,0.038
0.129,0.038
0.129,0.039
0.128,0.039
0.127,0.040
0.126,0.041
0.124,0.042
0.124,0.041
0.124,0.042
0.122,0.043
0.122,0.043
0.122,0.045
0.119,0.044
0.120,0.043
0.120,0.043
0.118,0.042
0.119,0.041
0.119,0.042
0.119,0.041
0.119,0.040
0.117,0.041
0.117,0.041
0.116,0.041
0.115,0.043
0.115,0.042
0.115,0.044
0.115,0.044
0.115,0.043
0.115,0.044
0.114,0.045
0.114,0.043
0.114,0.044
0.112,0.045
0.113,0.042
0.112,0.044
0.110,0.044
0.111,0.044
0.109,0.045
0.108,0.046
0.108,0.044
0.107,0.045
0.107,0.045
0.107,0.045
0.106,0.045
0.105,0.045
0.106,0.046
0.106,0.047
0.106,0.046
0.107,0.046
0.107,0.045
0.107,0.045
0.106,0.046
0.106,0.046
0.107,0.047
0.107,0.047
0.107,0.046
0.107,0.047
0.107,0.049
0.107,0.047
0.107,0.049
0.108,0.049
0.107,0.048
0.107,0.048
0.107,0.048
0.107,0.046
0.108,0.045
0.107,0.046
0.108,0.045
0.109,0.047
0.109,0.048
0.109,0.049
0.112,0.053
0.111,0.054
0.111,0.054
0.111,0.057
0.112,0.056
0.113,0.056
0.112,0.057
0.112,0.055
0.113,0.055
0.113,0.056
0.114,0.055
0.114,0.055
0.114,0.056
0.114,0.054
0.114,0.054
0.114,0.056
0.116,0.055
0.116,0.055
0.117,0.056
0.117,0.055
0.115,0.056
0.116,0.056
0.117,0.056
0.115,0.057
0.116,0.056
0.117,0.055
0.114,0.054
0.114,0.054
0.115,0.054
0.113,0.053
0.113,0.053
0.114,0.054
0.112,0.056
0.112,0.057
0.113,0.057
0.112,0.060
0.113,0.061
0.113,0.061
0.111,0.062
0.111,0.062
0.112,0.062
0.109,0.062
0.109,0.061
0.109,0.059
0.108,0.058
0.108,0.058
0.108,0.057
0.106,0.058
0.107,0.059
0.106,0.059
0.104,0.063
0.105,0.064
0.106,0.064
0.104,0.064
0.105,0.064
0.106,0.064
0.104,0.065
0.106,0.064
0.106,0.064
0.104,0.065
0.104,0.064
0.104,0.065
0.102,0.066
0.103,0.066
0.103,0.066
0.100,0.066
0.102,0.065
0.101,0.064
0.099,0.065
0.101,0.063
0.099,0.064
0.097,0.065
0.099,0.064
0.098,0.064
0.095,0.064
0.097,0.064
0.097,0.064
0.094,0.064
0.097,0.062
0.094,0.062
0.093,0.061
0.095,0.061
0.092,0.062
0.092,0.063
0.093,0.065
0.091,0.067
0.090,0.067
0.093,0.067
0.090,0.067
0.089,0.066
0.091,0.066
0.089,0.067
0.089,0.065
0.089,0.065
0.087,0.064
0.087,0.062
0.089,0.064
0.087,0.065
0.087,0.065
0.088,0.067
0.085,0.068
0.085,0.067
0.086,0.067
0.083,0.067
0.084,0.065
0.085,0.066
0.082,0.064
0.082,0.063
0.084,0.063
0.081,0.062
0.082,0.063
0.084,0.063
0.083,0.063
0.082,0.062
0.084,0.063
0.081,0.062
0.082,0.062
0.082,0.062
0.080,0.063
0.080,0.065
0.080,0.064
0.078,0.063
0.078,0.063
0.078,0.064
0.077,0.063
0.077,0.063
0.077,0.064
0.075,0.063
0.076,0.065
0.077,0.065
0.076,0.066
0.076,0.067
0.077,0.068
0.076,0.068
0.076,0.066
0.076,0.065
0.075,0.063
0.076,0.062
0.076,0.061
0.074,0.062
0.075,0.062
0.075,0.062
0.074,0.063
0.075,0.064
0.075,0.065
0.074,0.067
0.075,0.068
0.075,0.068
0.073,0.068
0.074,0.068
0.074,0.069
0.074,0.068
0.075,0.069
0.074,0.069
0.075,0.069
0.075,0.070
0.075,0.069
0.073,0.068
0.075,0.069
0.073,0.068
0.073,0.066
0.074,0.066
0.073,0.067
0.072,0.065
0.073,0.067
0.072,0.067
0.071,0.068
0.073,0.070
0.072,0.070
0.073,0.070
0.073,0.069
0.072,0.068
0.072,0.068
0.073,0.069
0.073,0.069
0.072,0.071
0.073,0.071
0.072,0.070
0.069,0.070
0.071,0.069
0.070,0.068
0.069,0.068
0.070,0.068
0.070,0.068
0.069,0.069
0.071,0.069
0.070,0.069
0.067,0.069
0.070,0.069
0.068,0.070
0.068,0.070
0.070,0.070
0.070,0.072
0.068,0.073
0.069,0.074
0.068,0.075
0.068,0.074
0.069,0.074
0.067,0.074
0.066,0.073
0.068,0.071
0.066,0.073
0.066,0.072
0.068,0.071
0.066,0.071
0.065,0.070
0.067,0.070
0.065,0.070
0.066,0.070
0.067,0.071
0.064,0.073
0.064,0.073
0.066,0.074
0.063,0.075
0.063,0.074
0.065,0.074
0.062,0.073
0.063,0.071
0.064,0.071
0.062,0.071
0.063,0.071
0.064,0.071
0.062,0.071
0.062,0.070
0.063,0.070
0.060,0.069
0.060,0.069
0.061,0.070
0.059,0.071
0.059,0.071
0.060,0.072
0.059,0.071
0.059,0.069
0.060,0.069
0.058,0.067
0.059,0.066
0.059,0.067
0.057,0.066
0.060,0.067
0.059,0.067
0.059,0.068
0.060,0.069
0.059,0.071
0.059,0.070
0.059,0.070
0.058,0.069
0.058,0.067
0.059,0.068
0.057,0.067
0.056,0.065
0.056,0.066
0.054,0.067
0.054,0.064
0.055,0.066
0.054,0.066
0.055,0.065
0.055,0.068
0.054,0.068
0.054,0.068
0.053,0.068
0.051,0.067
0.052,0.066
0.052,0.068
0.051,0.066
0.051,0.066
0.050,0.067
0.050,0.066
0.049,0.065
0.048,0.065
0.048,0.064
0.048,0.065
0.047,0.065
0.047,0.065
0.047,0.066
0.047,0.067
0.047,0.067
0.047,0.069
0.046,0.070
0.047,0.070
0.045,0.070
0.045,0.071
0.045,0.071
0.046,0.071
0.046,0.071
0.046,0.071
0.046,0.069
0.046,0.069
0.046,0.067
0.045,0.065
0.045,0.065
0.045,0.064
0.045,0.063
0.045,0.063
0.045,0.063
0.044,0.062
0.045,0.062
0.045,0.063
0.045,0.064
0.047,0.064
0.045,0.065
0.046,0.066
0.047,0.068
0.046,0.069
0.046,0.069
0.047,0.069
0.047,0.069
0.046,0.069
0.046,0.070
0.045,0.071
0.046,0.071
0.047,0.072
0.046,0.073
0.046,0.072
0.047,0.073
0.047,0.072
0.047,0.071
0.049,0.072
0.048,0.072
0.049,0.071
0.049,0.072
0.048,0.072
0.050,0.070
0.049,0.071
0.049,0.070
0.049,0.070
0.049,0.069
0.048,0.067
0.048,0.067
0.048,0.068
0.046,0.067
0.048,0.067
0.048,0.068
0.047,0.066
0.049,0.065
0.048,0.065
0.047,0.064
0.047,0.064
0.046,0.063
0.044,0.062
0.045,0.061
0.044,0.061
0.044,0.062
0.043,0.062
0.043,0.065
0.043,0.065
0.043,0.066
0.043,0.067
0.041,0.066
0.042,0.066
0.041,0.065
0.041,0.065
0.041,0.066
0.041,0.067
0.041,0.066
0.041,0.067
0.040,0.067
0.040,0.067
0.040,0.068
0.039,0.069
0.039,0.070
0.039,0.071
0.037,0.071
0.038,0.069
0.037,0.069
0.036,0.068
0.036,0.065
0.037,0.066
0.036,0.067
0.037,0.064
0.037,0.066
0.035,0.067
0.037,0.065
0.036,0.066
0.036,0.066
0.037,0.064
0.035,0.066
0.035,0.065
0.035,0.064
0.033,0.065
0.032,0.064
0.033,0.062
0.030,0.062
0.030,0.059
0.031,0.057
0.028,0.057
0.029,0.054
0.029,0.055
0.027,0.056
0.028,0.054
0.029,0.056
0.026,0.057
0.027,0.057
0.027,0.058
0.024,0.058
0.025,0.058
0.025,0.059
0.023,0.059
0.023,0.058
0.023,0.058
0.020,0.058
0.021,0.057
0.021,0.058
0.019,0.058
0.021,0.058
0.019,0.058
0.018,0.058
0.019,0.057
0.018,0.057
0.017,0.057
0.017,0.057
0.016,0.057
0.015,0.054
0.016,0.054
0.014,0.053
0.013,0.051
0.012,0.050
0.010,0.051
0.010,0.051
0.010,0.049
0.009,0.049
0.007,0.047
0.008,0.049
0.004,0.049
0.004,0.049
0.005,0.050
0.003,0.051
0.002,0.052
0.002,0.051
0.000,0.051
-0.001,0.051
-0.001,0.052
-0.002,0.051
-0.003,0.053
-0.004,0.054
-0.005,0.056
-0.004,0.058
-0.005,0.057
-0.006,0.057
-0.005,0.058
-0.004,0.057
-0.005,0.057
-0.007,0.057
-0.007,0.056
-0.007,0.054
-0.008,0.055
-0.009,0.055
-0.011,0.056
-0.011,0.058
-0.011,0.058
-0.013,0.057
-0.014,0.058
-0.013,0.059
-0.014,0.060
-0.015,0.060
-0.014,0.059
-0.015,0.058
-0.014,0.057
-0.014,0.055
-0.015,0.053
-0.015,0.054
-0.013,0.054
-0.015,0.055
-0.015,0.055
-0.014,0.055
-0.016,0.057
-0.016,0.058
-0.016,0.057
-0.017,0.058
-0.016,0.057
-0.015,0.056
-0.016,0.056
-0.017,0.055
-0.016,0.056
-0.017,0.058
-0.016,0.057
-0.015,0.056
-0.017,0.057
-0.016,0.058
-0.014,0.058
-0.015,0.058
-0.015,0.057
-0.013,0.057
-0.014,0.057
-0.014,0.056
-0.013,0.054
-0.016,0.055
-0.013,0.053
-0.013,0.053
-0.015,0.053
-0.013,0.053
-0.011,0.055
-0.013,0.056
-0.012,0.055
-0.011,0.055
-0.011,0.057
-0.009,0.056
-0.009,0.055
-0.011,0.055
-0.009,0.053
-0.008,0.054
-0.012,0.053
-0.010,0.052
-0.009,0.054
-0.011,0.055
-0.008,0.054
-0.009,0.053
-0.010,0.053
-0.008,0.051
-0.010,0.052
-0.011,0.050
-0.008,0.050
-0.010,0.051
-0.010,0.050
-0.007,0.050
-0.010,0.049
-0.011,0.049
-0.007,0.049
-0.011,0.049
-0.010,0.046
-0.010,0.049
-0.013,0.049
-0.011,0.047
-0.009,0.048
-0.011,0.047
-0.009,0.046
-0.008,0.047
-0.012,0.048
-0.012,0.046
-0.011,0.047
-0.012,0.047
-0.011,0.045
-0.012,0.047
-0.014,0.047
-0.014,0.047
-0.013,0.048
-0.015,0.046
-0.014,0.045
-0.013,0.047
-0.015,0.047
-0.015,0.046
-0.016,0.047
-0.015,0.046
-0.016,0.047
-0.016,0.045
-0.018,0.045
-0.018,0.046
-0.017,0.046
-0.018,0.046
-0.017,0.047
-0.018,0.049
-0.020,0.047
-0.021,0.047
-0.021,0.048
-0.022,0.047
-0.023,0.049
-0.022,0.049
-0.024,0.049
-0.024,0.049
-0.024,0.050
-0.026,0.051
-0.025,0.052
-0.024,0.051
-0.025,0.050
-0.025,0.050
-0.025,0.049
-0.026,0.048
-0.026,0.048
-0.026,0.047
-0.027,0.048
-0.028,0.048
-0.028,0.048
-0.029,0.048
-0.030,0.050
-0.029,0.050
-0.031,0.050
-0.031,0.050
-0.031,0.049
-0.031,0.047
-0.031,0.048
-0.031,0.048
-0.031,0.047
-0.031,0.047
-0.031,0.046
-0.031,0.045
-0.031,0.045
-0.031,0.044
-0.031,0.043
-0.031,0.043
-0.030,0.043
-0.031,0.042
-0.031,0.043
-0.030,0.043
-0.031,0.044
-0.031,0.045
-0.031,0.046
-0.031,0.049
-0.030,0.050
-0.030,0.049
-0.030,0.050
-0.031,0.050
-0.029,0.049
-0.030,0.049
-0.030,0.049
-0.028,0.050
-0.030,0.051
-0.030,0.050
-0.030,0.050
-0.030,0.050
-0.030,0.049
-0.029,0.048
-0.028,0.046
-0.028,0.046
-0.028,0.044
-0.027,0.044
-0.025,0.044
-0.026,0.045
-0.026,0.045
-0.025,0.045
-0.025,0.045
-0.025,0.044
-0.024,0.045
-0.024,0.045
-0.026,0.045
-0.025,0.045
-0.026,0.045
-0.026,0.044
-0.025,0.044
-0.025,0.045
-0.024,0.043
-0.024,0.042
-0.024,0.041
-0.023,0.039
-0.023,0.039
-0.024,0.038
-0.024,0.036
-0.024,0.036
-0.024,0.036
-0.024,0.035
-0.024,0.036
-0.023,0.037
-0.023,0.036
-0.022,0.038
-0.023,0.037
-0.021,0.037
-0.022,0.037
-0.023,0.035
-0.022,0.035
-0.024,0.035
-0.023,0.034
-0.023,0.033
-0.023,0.035
-0.023,0.033
-0.022,0.034
-0.022,0.035
-0.023,0.035
-0.021,0.036
-0.021,0.037
-0.020,0.037
-0.020,0.037
-0.020,0.039
-0.020,0.038
-0.019,0.038
-0.019,0.038
-0.019,0.038
-0.019,0.038
-0.019,0.039
-0.019,0.038
-0.018,0.037
-0.019,0.038
-0.019,0.036
-0.019,0.036
-0.019,0.037
-0.019,0.036
-0.019,0.036
-0.020,0.038
-0.019,0.036
-0.019,0.036
-0.020,0.036
-0.019,0.035
-0.019,0.035
-0.019,0.035
-0.019,0.033
-0.018,0.032
-0.017,0.030
-0.017,0.028
-0.018,0.027
-0.020,0.028
-0.020,0.026
-0.021,0.026
-0.023,0.026
-0.023,0.025
-0.024,0.028
-0.025,0.028
-0.024,0.028
-0.025,0.028
-0.025,0.027
-0.025,0.026
-0.027,0.028
-0.026,0.028
-0.027,0.029
-0.029,0.031
-0.029,0.031
-0.029,0.032
-0.031,0.033
-0.030,0.030
-0.030,0.030
-0.034,0.030
-0.032,0.028
-0.033,0.026
-0.037,0.026
-0.035,0.025
-0.035,0.024
-0.037,0.024
-0.037,0.024
-0.037,0.024
-0.040,0.024
-0.039,0.024
-0.040,0.025
-0.043,0.026
-0.042,0.026
-0.043,0.025
-0.045,0.025
-0.044,0.024
-0.044,0.023
-0.047,0.022
-0.045,0.022
-0.045,0.023
-0.047,0.023
-0.046,0.023
-0.047,0.024
-0.047,0.023
-0.047,0.023
-0.047,0.023
-0.048,0.023
-0.047,0.024
-0.048,0.023
-0.049,0.024
-0.049,0.023
-0.050,0.023
-0.050,0.022
-0.049,0.023
-0.050,0.022
-0.049,0.021
-0.048,0.021
-0.048,0.019
-0.047,0.018
-0.046,0.018
-0.046,0.016
-0.047,0.017
-0.046,0.018
-0.046,0.019
-0.046,0.021
-0.046,0.023
-0.046,0.023
-0.046,0.025
-0.045,0.026
-0.045,0.024
-0.044,0.024
-0.043,0.023
-0.042,0.020
-0.043,0.020
-0.041,0.018
-0.039,0.016
-0.041,0.016
-0.039,0.017
-0.037,0.017
-0.038,0.019
-0.037,0.020
-0.036,0.021
-0.037,0.024
-0.035,0.024
-0.034,0.023
-0.035,0.024
-0.033,0.022
-0.032,0.021
-0.033,0.021
-0.030,0.019
-0.030,0.018
-0.031,0.019
-0.028,0.017
-0.028,0.017
-0.029,0.017
-0.026,0.014
-0.026,0.015
-0.027,0.015
-0.024,0.016
-0.024,0.018
-0.024,0.019
-0.021,0.018
-0.022,0.019
-0.021,0.019
-0.018,0.018
-0.020,0.017
-0.019,0.016
-0.016,0.015
-0.020,0.015
-0.020,0.014
-0.017,0.015
-0.020,0.015
-0.020,0.015
-0.017,0.016
-0.019,0.018
-0.019,0.017
-0.017,0.017
-0.018,0.018
-0.018,0.015
-0.016,0.013
-0.018,0.011
-0.017,0.010
-0.016,0.008
-0.017,0.008
-0.017,0.008
-0.016,0.008
-0.017,0.010
-0.017,0.010
-0.015,0.012
-0.016,0.014
-0.016,0.015
-0.015,0.015
-0.016,0.015
-0.016,0.015
-0.016,0.015
-0.017,0.015
-0.017,0.015
-0.016,0.015
-0.017,0.014
-0.016,0.013
-0.016,0.012
-0.018,0.011
-0.017,0.010
-0.018,0.010
-0.021,0.010
-0.020,0.011
-0.020,0.013
-0.023,0.013
-0.022,0.015
-0.023,0.016
-0.025,0.015
-0.023,0.013
-0.024,0.011
-0.025,0.010
-0.024,0.007
-0.025,0.008
-0.026,0.007
-0.026,0.008
-0.026,0.007
-0.029,0.006
-0.027,0.007
-0.029,0.007
-0.030,0.006
-0.029,0.007
-0.031,0.008
-0.032,0.006
-0.031,0.006
-0.034,0.005
-0.034,0.002
-0.033,0.002
-0.035,-0.000
-0.035,-0.002
-0.035,-0.000
-0.037,0.001
-0.037,0.001
-0.038,0.004
-0.040,0.004
-0.039,0.005
-0.039,0.008
-0.040,0.008
-0.039,0.007
-0.038,0.008
-0.039,0.004
-0.039,0.002
-0.038,0.003
-0.038,0.001
-0.038,0.001
-0.037,0.001
-0.037,0.001
-0.038,0.002
-0.037,0.003
-0.037,0.003
-0.037,0.005
-0.036,0.004
-0.037,0.003
-0.037,0.003
-0.036,0.004
-0.036,0.003
-0.037,0.004
-0.035,0.005
-0.035,0.006
-0.037,0.006
-0.036,0.006
-0.036,0.007
-0.036,0.008
-0.035,0.008
-0.035,0.009
-0.035,0.010
-0.033,0.011
-0.033,0.012
-0.033,0.011
-0.031,0.010
-0.031,0.010
-0.030,0.007
-0.029,0.005
-0.029,0.005
-0.028,0.004
-0.027,0.005
-0.028,0.007
-0.028,0.006
-0.025,0.006
-0.026,0.006
-0.026,0.004
-0.023,0.004
-0.024,0.006
-0.024,0.004
-0.022,0.006
-0.024,0.006
-0.023,0.005
-0.021,0.006
-0.023,0.006
-0.022,0.005
-0.021,0.006
-0.023,0.007
-0.022,0.006
-0.021,0.006
-0.022,0.005
-0.021,0.003
-0.020,0.004
-0.020,0.002
-0.018,0.002
-0.018,0.004
-0.018,0.003
-0.016,0.005
-0.018,0.007
-0.018,0.007
-0.017,0.007
-0.016,0.008
-0.016,0.007
-0.013,0.006
-0.014,0.007
-0.014,0.006
-0.011,0.006
-0.013,0.006
-0.012,0.004
-0.010,0.004
-0.011,0.005
-0.010,0.004
-0.009,0.004
-0.009,0.005
-0.010,0.003
-0.008,0.002
-0.009,0.000
-0.009,-0.002
-0.009,-0.003
-0.010,-0.003
-0.009,-0.004
-0.008,-0.004
-0.009,-0.003
-0.009,-0.004
-0.007,-0.003
-0.006,-0.004
-0.006,-0.005
-0.005,-0.004
-0.005,-0.003
-0.003,-0.004
-0.004,-0.003
-0.003,-0.003
-0.002,-0.006
-0.002,-0.006
-0.002,-0.007
-0.001,-0.007
-0.001,-0.007
-0.001,-0.007
0.001,-0.008
0.001,-0.007
0.000,-0.006
0.001,-0.008
0.000,-0.006
0.000,-0.006
0.001,-0.007
0.000,-0.005
0.000,-0.006
0.001,-0.006
0.000,-0.004
0.001,-0.005
0.002,-0.004
0.001,-0.002
0.002,-0.002
0.003,-0.001
0.003,0.001
0.004,-0.001
0.006,-0.001
0.004,-0.001
0.005,-0.004
0.005,-0.004
0.003,-0.003
0.004,-0.005
0.004,-0.005
0.002,-0.004
0.004,-0.005
0.005,-0.003
0.004,-0.003
0.004,-0.005
0.005,-0.005
0.004,-0.006
0.007,-0.007
0.007,-0.006
0.007,-0.005
0.007,-0.006
0.008,-0.005
0.007,-0.005
0.009,-0.006
0.009,-0.006
0.008,-0.006
0.010,-0.007
0.009,-0.006
0.010,-0.006
0.010,-0.005
0.010,-0.003
0.010,-0.003
0.010,-0.003
0.010,-0.002
0.009,-0.002
0.010,-0.002
0.009,-0.002
0.010,-0.003
0.011,-0.004
0.010,-0.005
0.012,-0.006
0.011,-0.007
0.012,-0.007
0.013,-0.006
0.014,-0.006
0.014,-0.007
0.014,-0.005
0.015,-0.004
0.014,-0.004
0.016,-0.003
0.015,-0.002
0.016,-0.002
0.017,-0.002
0.016,-0.002
0.015,-0.004
0.015,-0.004
0.016,-0.006
0.016,-0.008
0.018,-0.008
0.018,-0.008
0.018,-0.009
0.018,-0.008
0.017,-0.007
0.018,-0.008
0.018,-0.007
0.018,-0.008
0.019,-0.007
0.019,-0.006
0.018,-0.005
0.019,-0.003
0.020,-0.002
0.019,-0.003
0.021,-0.005
0.021,-0.005
0.021,-0.008
0.022,-0.010
0.022,-0.009
0.023,-0.012
0.023,-0.012
0.023,-0.011
0.023,-0.014
0.024,-0.013
0.023,-0.013
0.024,-0.014
0.024,-0.014
0.023,-0.013
0.023,-0.014
0.024,-0.014
0.023,-0.013
0.024,-0.014
0.024,-0.013
0.025,-0.013
0.026,-0.015
0.025,-0.016
0.026,-0.016
0.028,-0.017
0.026,-0.016
0.027,-0.016
0.028,-0.016
0.027,-0.014
0.028,-0.014
0.029,-0.012
0.028,-0.010
0.029,-0.010
0.031,-0.011
0.031,-0.011
0.033,-0.013
0.034,-0.014
0.033,-0.012
0.034,-0.012
0.035,-0.011
0.034,-0.009
0.034,-0.010
0.036,-0.010
0.035,-0.009
0.037,-0.010
0.037,-0.010
0.037,-0.009
0.038,-0.008
0.038,-0.008
0.037,-0.007
0.038,-0.008
0.038,-0.009
0.037,-0.008
0.039,-0.009
0.039,-0.011
0.038,-0.010
0.040,-0.012
0.040,-0.011
0.039,-0.010
0.040,-0.010
0.041,-0.009
0.040,-0.007
0.040,-0.006
0.040,-0.006
0.039,-0.005
0.041,-0.008
0.040,-0.008
0.039,-0.008
0.042,-0.011
0.043,-0.012
0.041,-0.012
0.043,-0.014
0.043,-0.014
0.042,-0.013
0.044,-0.014
0.043,-0.013
0.043,-0.012
0.044,-0.013
0.042,-0.012
0.041,-0.012
0.042,-0.012
0.040,-0.011
0.040,-0.011
0.041,-0.012
0.038,-0.010
0.039,-0.011
0.041,-0.011
0.038,-0.009
0.041,-0.010
0.043,-0.009
0.040,-0.009
0.042,-0.011
0.043,-0.009
0.041,-0.010
0.043,-0.009
0.043,-0.008
0.041,-0.006
0.042,-0.006
0.042,-0.006
0.041,-0.005
0.043,-0.006
0.043,-0.005
0.041,-0.008
0.044,-0.009
0.044,-0.009
0.043,-0.009
0.046,-0.008
0.046,-0.008
0.046,-0.007
0.047,-0.007
0.047,-0.005
0.047,-0.005
0.049,-0.005
0.049,-0.006
0.049,-0.007
0.050,-0.005
0.049,-0.006
0.049,-0.007
0.050,-0.007
0.049,-0.007
0.050,-0.008
0.051,-0.009
0.050,-0.010
0.050,-0.011
0.052,-0.010
0.050,-0.012
0.049,-0.011
0.050,-0.010
0.049,-0.010
0.049,-0.011
0.050,-0.010
0.051,-0.011
0.052,-0.011
0.052,-0.011
0.054,-0.012
0.053,-0.011
0.055,-0.012
0.055,-0.012
0.055,-0.010
0.056,-0.010
0.056,-0.009
0.054,-0.008
0.055,-0.007
0.056,-0.009
0.055,-0.009
0.057,-0.010
0.057,-0.011
0.056,-0.010
0.057,-0.011
0.056,-0.009
0.057,-0.008
0.058,-0.005
0.057,-0.003
0.058,-0.002
0.059,-0.002
0.058,-0.004
0.059,-0.005
0.061,-0.006
0.060,-0.006
0.059,-0.005
0.061,-0.005
0.060,-0.005
0.060,-0.004
0.061,-0.004
0.060,-0.005
0.060,-0.003
0.061,-0.003
0.060,-0.003
0.060,-0.003
0.062,-0.003
0.062,-0.003
0.062,-0.003
0.064,-0.004
0.064,-0.003
0.063,-0.002
0.066,-0.003
0.065,-0.003
0.067,-0.002
0.068,-0.003
0.068,-0.004
0.068,-0.004
0.071,-0.003
0.071,-0.002
0.071,-0.002
0.075,-0.001
0.073,-0.000
0.075,-0.000
0.077,-0.001
0.075,-0.000
0.077,-0.001
0.079,-0.001
0.078,-0.001
0.079,-0.002
0.082,-0.000
0.081,0.001
0.083,-0.001
0.086,-0.001
0.084,0.000
0.087,0.000
0.089,0.001
0.087,0.002
0.088,0.002
0.091,0.004
0.089,0.004
0.091,0.005
0.091,0.006
0.089,0.006
0.092,0.006
0.093,0.006
0.092,0.005
0.093,0.004
0.094,0.007
0.094,0.006
0.096,0.006
0.094,0.005
0.095,0.004
0.099,0.005
0.097,0.004
0.096,0.002
0.098,0.002
0.099,0.002
0.098,-0.001
0.099,-0.002
0.097,-0.002
0.099,-0.005
0.101,-0.003
0.100,-0.006
0.101,-0.006
0.102,-0.004
0.101,-0.003
0.101,-0.002
0.101,-0.002
0.101,-0.001
0.101,-0.002
0.102,0.001
0.102,0.002
0.102,0.003
0.103,0.006
0.103,0.006
0.104,0.005
0.103,0.006
0.102,0.007
0.103,0.006
0.102,0.005
0.101,0.004
0.102,0.002
0.103,0.002
0.103,0.001
0.102,0.000
0.102,0.000
0.102,0.000
0.104,-0.002
0.104,-0.002
0.102,-0.003
0.103,-0.003
0.103,-0.003
0.102,-0.004
0.101,-0.005
0.103,-0.003
0.102,-0.003
0.102,-0.003
0.101,0.000
0.101,-0.001
0.102,0.000
0.100,-0.001
0.100,-0.003
0.098,-0.000
0.098,-0.001
0.098,-0.001
0.098,-0.001
0.096,0.001
0.097,-0.001
0.097,-0.000
0.095,0.000
0.097,-0.002
0.096,-0.001
0.097,-0.002
0.098,-0.003
0.097,-0.004
0.096,-0.003
0.098,-0.001
0.097,-0.001
0.098,0.000
0.098,0.000
0.095,0.000
0.097,-0.000
0.096,-0.002
0.096,-0.002
0.098,-0.002
0.097,-0.000
0.098,0.001
0.096,0.002
0.097,0.004
0.096,0.004
0.099,0.004
0.098,0.004
0.097,0.004
0.098,0.006
0.097,0.005
0.097,0.004
0.096,0.005
0.097,0.004
0.097,0.004
0.097,0.004
0.096,0.004
0.098,0.004
0.099,0.007
0.098,0.006
0.100,0.006
0.099,0.009
0.100,0.008
0.100,0.009
0.100,0.010
0.101,0.008
0.100,0.008
0.100,0.009
0.099,0.006
0.100,0.006
0.099,0.006
0.100,0.006
0.100,0.006
0.100,0.007
0.101,0.007
0.101,0.009
0.102,0.010
0.104,0.010
0.104,0.010
0.104,0.010
0.105,0.009
0.104,0.009
0.104,0.009
0.104,0.009
0.104,0.010
0.105,0.010
0.106,0.008
0.104,0.010
0.106,0.009
0.108,0.008
0.106,0.009
0.108,0.008
0.110,0.009
0.108,0.010
0.110,0.010
0.110,0.011
0.110,0.014
0.112,0.013
0.113,0.013
0.111,0.013
0.114,0.012
0.114,0.011
0.111,0.013
0.114,0.012
0.114,0.011
0.112,0.012
0.113,0.011
0.114,0.011
0.112,0.011
0.114,0.010
0.115,0.010
0.114,0.010
0.116,0.010
0.116,0.010
0.114,0.012
0.117,0.012
0.117,0.013
0.115,0.014
0.117,0.013
0.117,0.012
0.116,0.011
0.118,0.010
0.117,0.010
0.115,0.010
0.118,0.009
0.117,0.008
0.116,0.010
0.118,0.010
0.117,0.011
0.116,0.012
0.117,0.011
0.116,0.012
0.115,0.012
0.118,0.012
0.116,0.013
0.115,0.014
0.116,0.013
0.114,0.013
0.114,0.013
0.114,0.013
0.112,0.014
0.112,0.013
0.114,0.012
0.111,0.012
0.112,0.011
0.114,0.011
0.112,0.012
0.114,0.011
0.115,0.012
0.113,0.013
0.114,0.013
0.115,0.015
0.113,0.016
0.114,0.016
0.115,0.018
0.111,0.019
0.112,0.020
0.112,0.022
0.109,0.023
0.110,0.022
0.111,0.022
0.109,0.021
0.111,0.020
0.112,0.020
0.110,0.018
0.112,0.017
0.113,0.016
0.112,0.015
0.114,0.015
0.114,0.016
0.113,0.016
0.114,0.018
0.114,0.019
0.114,0.019
0.114,0.019
0.114,0.019
0.113,0.019
0.113,0.020
0.113,0.019
0.112,0.019
0.112,0.020
0.112,0.019
0.110,0.018
0.111,0.020
0.110,0.019
0.109,0.020
0.110,0.021
0.110,0.021
0.109,0.021
0.110,0.021
0.110,0.021
0.109,0.020
0.110,0.022
0.110,0.022
0.108,0.023
0.108,0.025
0.108,0.025
0.107,0.026
0.107,0.026
0.107,0.024
0.105,0.024
0.106,0.024
0.107,0.022
0.106,0.022
0.109,0.021
0.109,0.021
0.108,0.022
0.110,0.023
0.110,0.023
0.109,0.025
0.109,0.026
0.109,0.026
0.108,0.027
0.111,0.028
0.110,0.028
0.110,0.029
0.112,0.030
0.112,0.029
0.111,0.029
0.113,0.031
0.112,0.032
0.112,0.033
0.114,0.035
0.113,0.036
0.113,0.036
0.115,0.036
0.114,0.037
0.115,0.036
0.117,0.037
0.117,0.037
0.117,0.036
0.120,0.036
0.120,0.035
0.119,0.034
0.122,0.034
0.121,0.033
0.121,0.033
0.124,0.034
0.124,0.035
0.124,0.037
0.127,0.039
0.127,0.041
0.127,0.042
0.129,0.042
0.128,0.042
0.128,0.040
0.130,0.039
0.130,0.038
0.130,0.038
0.131,0.039
0.131,0.039
0.130,0.039
0.133,0.040
0.132,0.040
0.133,0.039
0.135,0.039
0.134,0.040
0.134,0.039
0.135,0.039
0.134,0.040
0.135,0.039
0.136,0.041
0.134,0.043
0.136,0.043
0.137,0.045
0.136,0.047
0.136,0.046
0.136,0.047
0.135,0.047
0.136,0.047
0.136,0.048
0.136,0.047
0.137,0.047
0.136,0.047
0.136,0.045
0.138,0.045
0.137,0.045
0.136,0.044
0.137,0.044
0.135,0.044
0.133,0.041
0.134,0.041
0.132,0.042
0.130,0.040
0.132,0.042
0.131,0.042
0.130,0.040
0.130,0.042
0.129,0.043
0.129,0.041
0.129,0.043
0.128,0.045
0.128,0.044
0.129,0.045
0.127,0.045
0.127,0.043
0.127,0.045
0.124,0.044
0.124,0.043
0.123,0.044
0.122,0.044
0.120,0.043
0.121,0.046
0.120,0.047
0.119,0.047
0.119,0.049
0.118,0.049
0.118,0.048
0.117,0.048
0.116,0.047
0.116,0.046
0.115,0.048
0.115,0.047
0.114,0.048
0.113,0.049
0.112,0.051
0.112,0.051
0.111,0.052
0.111,0.052
0.111,0.051
0.110,0.051
0.109,0.049
0.108,0.048
0.107,0.049
0.106,0.048
0.106,0.050
0.106,0.052
0.107,0.054
0.107,0.055
0.107,0.058
0.107,0.058
0.107,0.058
0.108,0.058
0.107,0.057
0.108,0.057
0.108,0.057
0.108,0.056
0.108,0.056
0.107,0.056
0.108,0.056
0.107,0.055
0.107,0.057
0.108,0.056
0.107,0.056
0.107,0.055
0.108,0.054
0.108,0.055
0.108,0.054
0.110,0.054
0.110,0.055
0.110,0.055
0.111,0.055
0.111,0.056
0.111,0.057
0.111,0.056
0.112,0.056
0.109,0.057
0.111,0.056
0.112,0.057
0.111,0.057
0.113,0.056
0.112,0.056
0.113,0.057
0.113,0.056
0.113,0.056
0.113,0.058
0.113,0.058
0.114,0.058
0.113,0.060
0.114,0.060
0.114,0.060
0.115,0.060
0.115,0.060
0.116,0.060
0.117,0.062
0.116,0.064
0.117,0.063
0.117,0.066
0.117,0.065
0.117,0.064
0.118,0.065
0.118,0.065
0.118,0.064
0.118,0.064
0.118,0.065
0.119,0.064
0.117,0.066
0.118,0.066
0.118,0.066
0.118,0.068
0.117,0.069
0.117,0.069
0.115,0.071
0.115,0.071
0.116,0.071
0.114,0.072
0.114,0.070
0.114,0.069
0.112,0.070
0.112,0.067
0.112,0.066
0.111,0.066
0.111,0.065
0.111,0.067
0.110,0.069
0.110,0.070
0.109,0.072
0.107,0.073
0.108,0.073
0.106,0.074
0.106,0.074
0.107,0.072
0.106,0.072
0.105,0.071
0.106,0.069
0.103,0.070
0.103,0.069
0.104,0.068
0.101,0.070
0.101,0.069
0.102,0.069
0.100,0.071
0.100,0.071
0.101,0.073
0.099,0.076
0.100,0.075
0.101,0.076
0.098,0.076
0.099,0.075
0.099,0.076
0.095,0.077
0.098,0.075
0.097,0.075
0.095,0.075
0.097,0.073
0.097,0.074
0.095,0.074
0.096,0.074
0.096,0.075
0.093,0.078
0.095,0.077
0.094,0.077
0.092,0.077
0.093,0.076
0.091,0.075
0.089,0.075
0.090,0.074
0.089,0.073
0.088,0.073
0.089,0.075
0.089,0.074
0.089,0.074
0.091,0.074
0.090,0.074
0.089,0.074
0.090,0.075
0.088,0.075
0.087,0.076
0.088,0.078
0.087,0.077
0.086,0.077
0.086,0.076
0.086,0.077
0.086,0.077
0.086,0.077
0.086,0.078
0.085,0.079
0.085,0.080
0.085,0.079
0.084,0.080
0.085,0.079
0.085,0.077
0.083,0.076
0.084,0.077
0.083,0.076
0.082,0.075
0.082,0.075
0.080,0.074
0.079,0.074
0.080,0.073
0.078,0.073
0.078,0.074
0.079,0.075
0.078,0.074
0.079,0.074
0.079,0.075
0.078,0.075
0.078,0.075
0.079,0.075
0.077,0.075
0.079,0.075
0.080,0.075
0.078,0.075
0.079,0.074
0.079,0.073
0.079,0.074
0.078,0.074
0.079,0.075
0.078,0.075
0.076,0.075
0.077,0.073
0.076,0.073
0.076,0.073
0.076,0.072
0.075,0.073
0.075,0.076
0.076,0.077
0.075,0.078
0.075,0.079
0.077,0.079
0.076,0.079
0.076,0.079
0.077,0.077
0.076,0.079
0.076,0.079
0.076,0.078
0.075,0.079
0.074,0.080
0.075,0.081
0.073,0.082
0.074,0.082
0.074,0.080
0.073,0.082
0.074,0.082
0.073,0.083
0.071,0.083
0.072,0.084
0.073,0.084
0.071,0.084
0.072,0.084
0.074,0.083
0.072,0.083
0.074,0.081
0.075,0.081
0.072,0.081
0.073,0.080
0.074,0.081
0.071,0.081
0.073,0.082
0.072,0.082
0.070,0.083
0.072,0.083
0.070,0.082
0.068,0.082
0.070,0.082
0.069,0.084
0.068,0.084
0.069,0.083
0.066,0.083
0.065,0.081
0.067,0.080
0.065,0.079
0.065,0.078
0.066,0.078
0.065,0.078
0.064,0.077
0.066,0.077
0.064,0.078
0.065,0.076
0.066,0.077
0.063,0.076
0.063,0.075
0.065,0.075
0.062,0.074
0.063,0.074
0.065,0.073
0.063,0.074
0.063,0.072
0.064,0.073
0.062,0.074
0.062,0.074
0.063,0.075
0.061,0.076
0.061,0.077
0.062,0.078
0.060,0.078
0.060,0.079
0.062,0.080
0.060,0.079
0.060,0.079
0.061,0.078
0.060,0.079
0.061,0.080
0.062,0.080
0.060,0.080
0.061,0.079
0.061,0.081
0.060,0.081
0.060,0.081
0.061,0.082
0.058,0.082
0.059,0.082
0.059,0.083
0.058,0.081
0.059,0.080
0.059,0.080
0.058,0.079
0.060,0.078
0.061,0.079
0.059,0.078
0.061,0.078
0.062,0.078
0.060,0.077
0.060,0.076
0.060,0.079
0.058,0.080
0.058,0.080
0.057,0.083
0.057,0.083
0.058,0.084
0.059,0.084
0.058,0.082
0.058,0.082
0.059,0.081
0.056,0.079
0.056,0.078
0.056,0.077
0.055,0.076
0.055,0.077
0.055,0.075
0.054,0.075
0.056,0.076
0.054,0.075
0.055,0.076
0.056,0.077
0.054,0.078
0.053,0.078
0.053,0.081
0.051,0.081
0.051,0.081
0.053,0.082
0.051,0.080
0.052,0.079
0.052,0.079
0.051,0.077
0.050,0.078
0.051,0.079
0.050,0.079
0.049,0.080
0.051,0.080
0.050,0.079
0.050,0.078
0.051,0.077
0.051,0.075
0.051,0.073
0.051,0.073
0.051,0.072
0.049,0.071
0.051,0.071
0.050,0.071
0.048,0.072
0.049,0.072
0.049,0.072
0.049,0.072
0.049,0.071
0.049,0.071
0.048,0.071
0.049,0.072
0.049,0.073
0.047,0.075
0.051,0.076
0.050,0.077
0.049,0.078
0.051,0.078
0.051,0.078
0.050,0.077
0.051,0.076
0.051,0.076
0.049,0.076
0.050,0.076
0.049,0.076
0.048,0.077
0.050,0.078
0.048,0.080
0.048,0.079
0.049,0.080
0.046,0.080
0.045,0.077
0.047,0.076
0.045,0.076
0.046,0.075
0.048,0.075
0.047,0.076
0.047,0.075
0.049,0.076
0.047,0.076
0.047,0.076
0.048,0.076
0.046,0.075
0.048,0.075
0.047,0.075
0.045,0.073
0.047,0.073
0.045,0.074
0.044,0.072
0.045,0.072
0.045,0.075
0.043,0.074
0.044,0.075
0.043,0.075
0.043,0.074
0.045,0.073
0.042,0.073
0.043,0.073
0.043,0.072
0.042,0.072
0.041,0.071
0.042,0.070
0.041,0.071
0.040,0.069
0.042,0.070
0.041,0.069
0.041,0.068
0.040,0.067
0.039,0.067
0.039,0.066
0.038,0.066
0.037,0.066
0.036,0.064
0.037,0.064
0.036,0.064
0.035,0.064
0.036,0.066
0.036,0.066
0.036,0.065
0.036,0.066
0.036,0.065
0.036,0.064
0.036,0.064
0.036,0.064
0.036,0.063
0.035,0.065
0.034,0.066
0.036,0.065
0.035,0.067
0.035,0.067
0.036,0.065
0.036,0.066
0.035,0.066
0.036,0.066
0.035,0.068
0.034,0.067
0.035,0.066
0.034,0.068
0.032,0.067
0.032,0.065
0.032,0.067
0.031,0.067
0.031,0.067
0.030,0.068
0.030,0.067
0.031,0.067
0.029,0.068
0.029,0.068
0.029,0.069
0.029,0.071
0.029,0.070
0.029,0.069
0.028,0.071
0.029,0.069
0.029,0.069
0.027,0.069
0.026,0.070
0.025,0.070
0.022,0.069
0.023,0.068
0.023,0.068
0.020,0.069
0.021,0.067
0.021,0.067
0.018,0.067
0.020,0.065
0.019,0.066
0.017,0.066
0.016,0.065
0.015,0.067
0.013,0.068
0.014,0.065
0.014,0.067
0.010,0.066
0.010,0.065
0.009,0.065
0.007,0.066
0.007,0.063
0.008,0.063
0.004,0.063
0.004,0.061
0.002,0.062
0.001,0.059
0.002,0.059
0.000,0.059
-0.002,0.058
-0.003,0.058
-0.004,0.058
-0.005,0.058
-0.006,0.056
-0.008,0.057
-0.008,0.057
-0.007,0.059
-0.009,0.059
-0.009,0.059
-0.009,0.061
-0.010,0.059
-0.009,0.060
-0.010,0.059
-0.011,0.059
-0.009,0.059
-0.010,0.060
-0.010,0.060
-0.009,0.061
-0.012,0.065
-0.011,0.065
-0.011,0.067
-0.014,0.068
-0.015,0.068
-0.015,0.069
-0.016,0.068
-0.018,0.067
-0.018,0.067
-0.020,0.067
-0.018,0.064
-0.018,0.065
-0.019,0.065
-0.019,0.063
-0.019,0.064
-0.017,0.062
-0.018,0.058
-0.016,0.060
-0.016,0.059
-0.016,0.060
-0.018,0.062
-0.018,0.060
-0.017,0.060
-0.017,0.062
-0.018,0.059
-0.018,0.056
-0.019,0.057
-0.017,0.054
-0.016,0.053
-0.017,0.053
-0.016,0.052
-0.015,0.056
-0.016,0.059
-0.015,0.059
-0.014,0.060
-0.014,0.060
-0.012,0.059
-0.011,0.059
-0.014,0.059
-0.011,0.058
-0.011,0.058
-0.011,0.057
-0.008,0.056
-0.009,0.059
-0.009,0.061
-0.008,0.061
-0.009,0.063
-0.009,0.064
-0.007,0.063
-0.009,0.064
-0.009,0.064
-0.007,0.064
-0.009,0.065
-0.006,0.062
-0.004,0.064
-0.007,0.063
-0.006,0.062
-0.005,0.061
-0.007,0.062
-0.006,0.059
-0.005,0.060
-0.008,0.060
-0.006,0.061
-0.005,0.061
-0.009,0.060
-0.005,0.058
-0.005,0.058
-0.007,0.057
-0.006,0.056
-0.006,0.058
-0.007,0.057
-0.005,0.057
-0.005,0.056
-0.007,0.055
-0.005,0.055
-0.007,0.054
-0.007,0.053
-0.005,0.053
-0.007,0.053
-0.006,0.052
-0.004,0.052
-0.007,0.051
-0.007,0.051
-0.006,0.052
-0.007,0.052
-0.008,0.053
-0.008,0.053
-0.010,0.053
-0.010,0.053
-0.011,0.052
-0.012,0.052
-0.013,0.052
-0.012,0.052
-0.013,0.052
-0.014,0.052
-0.014,0.051
-0.013,0.050
-0.015,0.051
-0.016,0.051
-0.016,0.050
-0.018,0.051
-0.017,0.051
-0.018,0.050
-0.020,0.050
-0.017,0.052
-0.019,0.051
-0.020,0.052
-0.019,0.050
-0.021,0.049
-0.022,0.047
-0.021,0.046
-0.024,0.044
-0.025,0.043
-0.025,0.044
-0.028,0.045
-0.028,0.047
-0.027,0.047
-0.029,0.047
-0.030,0.048
-0.029,0.047
-0.029,0.046
-0.030,0.046
-0.027,0.042
-0.029,0.041
-0.029,0.041
-0.028,0.040
-0.030,0.042
-0.031,0.044
-0.031,0.044
-0.031,0.046
-0.031,0.047
-0.030,0.047
-0.031,0.048
-0.032,0.049
-0.029,0.047
-0.031,0.047
-0.032,0.046
-0.030,0.045
-0.032,0.047
-0.031,0.046
-0.029,0.046
-0.031,0.046
-0.031,0.045
-0.029,0.042
-0.030,0.043
-0.029,0.042
-0.028,0.041
-0.029,0.042
-0.028,0.041
-0.027,0.043
-0.028,0.044
-0.028,0.044
-0.026,0.045
-0.028,0.045
-0.027,0.044
-0.026,0.044
-0.028,0.043
-0.026,0.042
-0.026,0.043
-0.028,0.043
-0.027,0.043
-0.027,0.044
-0.029,0.042
-0.027,0.043
-0.027,0.043
-0.027,0.044
-0.025,0.044
-0.026,0.045
-0.025,0.045
-0.023,0.045
-0.024,0.046
-0.025,0.045
-0.023,0.046
-0.025,0.047
-0.025,0.046
-0.022,0.047
-0.024,0.046
-0.024,0.045
-0.023,0.045
-0.024,0.047
-0.024,0.045
-0.022,0.044
-0.024,0.043
-0.024,0.042
-0.022,0.042
-0.025,0.042
-0.024,0.040
-0.023,0.040
-0.025,0.041
-0.025,0.039
-0.024,0.041
-0.024,0.042
-0.024,0.040
-0.022,0.042
-0.023,0.042
-0.024,0.041
-0.022,0.042
-0.024,0.042
-0.024,0.041
-0.024,0.043
-0.024,0.043
-0.024,0.043
-0.024,0.045
-0.024,0.044
-0.024,0.043
-0.023,0.043
-0.024,0.041
-0.022,0.042
-0.022,0.042
-0.023,0.040
-0.023,0.039
-0.022,0.040
-0.023,0.039
-0.023,0.039
-0.022,0.039
-0.023,0.039
-0.022,0.038
-0.022,0.037
-0.023,0.037
-0.022,0.036
-0.022,0.037
-0.023,0.036
-0.023,0.035
-0.022,0.035
-0.023,0.035
-0.023,0.034
-0.022,0.034
-0.023,0.034
-0.024,0.035
-0.024,0.036
-0.025,0.036
-0.024,0.036
-0.024,0.036
-0.025,0.034
-0.024,0.034
-0.024,0.034
-0.025,0.032
-0.025,0.032
-0.026,0.031
-0.025,0.030
-0.025,0.030
-0.026,0.031
-0.026,0.031
-0.026,0.033
-0.026,0.035
-0.026,0.035
-0.027,0.036
-0.028,0.036
-0.028,0.035
-0.029,0.036
-0.030,0.035
-0.030,0.033
-0.030,0.033
-0.031,0.031
-0.031,0.030
-0.031,0.029
-0.032,0.028
-0.033,0.026
-0.034,0.026
-0.034,0.026
-0.036,0.024
-0.037,0.025
-0.037,0.025
-0.037,0.024
-0.037,0.026
-0.038,0.025
-0.039,0.025
-0.038,0.026
-0.039,0.026
-0.041,0.025
-0.041,0.026
-0.041,0.025
-0.043,0.026
-0.042,0.027
-0.042,0.028
-0.042,0.030
-0.042,0.029
-0.043,0.029
-0.044,0.029
-0.045,0.028
-0.046,0.028
-0.048,0.027
-0.048,0.026
-0.048,0.025
-0.049,0.026
-0.047,0.025
-0.048,0.024
-0.047,0.023
-0.047,0.021
-0.047,0.021
-0.047,0.019
-0.048,0.019
-0.047,0.019
-0.048,0.018
-0.047,0.018
-0.046,0.019
-0.048,0.019
-0.046,0.020
-0.047,0.022
-0.047,0.022
-0.046,0.023
-0.047,0.024
-0.046,0.023
-0.043,0.022
-0.044,0.021
-0.044,0.020
-0.041,0.021
-0.042,0.022
-0.042,0.021
-0.041,0.023
-0.041,0.025
-0.040,0.024
-0.039,0.026
-0.040,0.028
-0.038,0.029
-0.037,0.030
-0.038,0.030
-0.036,0.028
-0.035,0.027
-0.036,0.026
-0.035,0.023
-0.033,0.025
-0.033,0.024
-0.031,0.024
-0.030,0.025
-0.031,0.025
-0.028,0.023
-0.028,0.024
-0.028,0.022
-0.028,0.021
-0.028,0.023
-0.027,0.021
-0.026,0.020
-0.026,0.022
-0.026,0.022
-0.023,0.022
-0.024,0.023
-0.023,0.020
-0.021,0.019
-0.022,0.019
-0.022,0.017
-0.020,0.016
-0.021,0.016
-0.020,0.013
-0.019,0.013
-0.020,0.014
-0.019,0.014
-0.018,0.015
-0.019,0.017
-0.018,0.017
-0.018,0.018
-0.019,0.018
-0.019,0.019
-0.019,0.020
-0.018,0.020
-0.018,0.018
-0.017,0.017
-0.018,0.017
-0.017,0.016
-0.017,0.016
-0.017,0.016
-0.016,0.013
-0.017,0.014
-0.016,0.013
-0.017,0.013
-0.017,0.013
-0.017,0.013
-0.017,0.013
-0.018,0.012
-0.019,0.011
-0.018,0.009
-0.019,0.010
-0.019,0.008
-0.018,0.006
-0.019,0.008
-0.019,0.008
-0.019,0.007
-0.020,0.007
-0.019,0.007
-0.019,0.007
-0.020,0.009
-0.018,0.007
-0.019,0.008
-0.020,0.009
-0.020,0.008
-0.020,0.009
-0.022,0.010
-0.022,0.010
-0.021,0.010
-0.024,0.010
-0.023,0.010
-0.023,0.010
-0.025,0.010
-0.024,0.008
-0.024,0.008
-0.025,0.007
-0.024,0.006
-0.025,0.006
-0.026,0.007
-0.025,0.006
-0.026,0.006
-0.029,0.006
-0.028,0.003
-0.029,0.004
-0.030,0.004
-0.030,0.003
-0.030,0.005
-0.032,0.005
-0.031,0.005
-0.033,0.004
-0.033,0.004
-0.033,0.003
-0.035,0.002
-0.035,0.003
-0.036,0.004
-0.037,0.004
-0.037,0.005
-0.037,0.006
-0.038,0.008
-0.038,0.007
-0.037,0.007
-0.038,0.007
-0.036,0.008
-0.036,0.009
-0.036,0.009
-0.036,0.009
-0.036,0.010
-0.036,0.009
-0.038,0.011
-0.037,0.011
-0.037,0.010
-0.037,0.011
-0.037,0.010
-0.037,0.009
-0.037,0.010
-0.037,0.009
-0.036,0.008
-0.037,0.010
-0.036,0.009
-0.034,0.007
-0.035,0.007
-0.034,0.005
-0.033,0.006
-0.033,0.006
-0.032,0.005
-0.031,0.006
-0.033,0.007
-0.031,0.006
-0.031,0.006
-0.032,0.008
-0.030,0.006
-0.031,0.007
-0.031,0.008
-0.029,0.006
-0.029,0.006
-0.029,0.006
-0.027,0.005
-0.028,0.005
-0.028,0.006
-0.028,0.005
-0.029,0.007
-0.028,0.006
-0.027,0.005
-0.028,0.006
-0.026,0.006
-0.024,0.005
-0.026,0.004
-0.025,0.003
-0.023,0.003
-0.026,0.003
-0.025,0.003
-0.023,0.002
-0.024,0.003
-0.022,0.003
-0.020,0.003
-0.022,0.005
-0.020,0.004
-0.017,0.006
-0.018,0.006
-0.017,0.006
-0.016,0.006
-0.016,0.008
-0.016,0.006
-0.014,0.006
-0.015,0.006
-0.014,0.004
-0.013,0.003
-0.015,0.003
-0.012,0.003
-0.012,0.003
-0.014,0.003
-0.012,0.004
-0.012,0.004
-0.012,0.004
-0.011,0.004
-0.010,0.004
-0.010,0.004
-0.008,0.003
-0.009,0.003
-0.009,0.002
-0.007,0.002
-0.008,0.000
-0.009,-0.001
-0.006,-0.003
-0.006,-0.003
-0.007,-0.003
-0.005,-0.002
-0.005,-0.001
-0.006,-0.000
-0.003,-0.001
-0.003,-0.000
-0.005,0.001
-0.003,0.001
-0.004,0.002
-0.005,0.002
-0.002,0.002
-0.003,0.002
-0.003,0.001
-0.001,0.001
-0.002,0.000
-0.001,-0.001
0.001,-0.002
-0.000,-0.003
0.001,-0.004
0.003,-0.003
0.000,-0.004
0.001,-0.004
0.004,-0.002
0.001,-0.002
0.002,-0.003
0.004,-0.003
0.001,-0.003
0.002,-0.005
0.004,-0.005
0.003,-0.005
0.004,-0.006
0.006,-0.003
0.004,-0.003
0.005,-0.003
0.007,-0.002
0.005,-0.003
0.007,-0.004
0.008,-0.003
0.005,-0.005
0.006,-0.005
0.006,-0.004
0.005,-0.004
0.007,-0.004
0.008,-0.003
0.006,-0.003
0.007,-0.002
0.009,-0.001
0.007,-0.002
0.007,-0.001
0.007,-0.002
0.008,-0.002
0.008,-0.001
0.009,-0.002
0.009,-0.002
0.009,-0.002
0.010,-0.003
0.010,-0.003
0.011,-0.002
0.012,-0.003
0.012,-0.004
0.011,-0.003
0.012,-0.003
0.011,-0.002
0.011,0.000
0.013,-0.000
0.012,0.001
0.013,0.002
0.015,0.001
0.014,0.002
0.015,0.002
0.016,0.001
0.015,0.001
0.016,0.002
0.017,0.002
0.015,0.002
0.015,0.002
0.016,0.001
0.014,0.002
0.014,0.001
0.015,0.001
0.014,0.002
0.015,-0.000
0.015,-0.002
0.014,-0.002
0.016,-0.004
0.017,-0.006
0.015,-0.005
0.018,-0.007
0.018,-0.008
0.017,-0.008
0.019,-0.010
0.019,-0.009
0.017,-0.009
0.019,-0.010
0.017,-0.008
0.016,-0.008
0.019,-0.007
0.017,-0.008
0.018,-0.009
0.020,-0.009
0.019,-0.010
0.019,-0.013
0.021,-0.012
0.019,-0.012
0.018,-0.012
0.021,-0.010
0.018,-0.007
0.019,-0.006
0.022,-0.005
0.019,-0.004
0.020,-0.006
0.022,-0.005
0.022,-0.004
0.021,-0.007
0.023,-0.006
0.022,-0.005
0.023,-0.006
0.024,-0.005
0.022,-0.005
0.023,-0.005
0.025,-0.004
0.022,-0.004
0.023,-0.005
0.025,-0.004
0.023,-0.005
0.024,-0.006
0.027,-0.005
0.026,-0.005
0.027,-0.006
0.028,-0.005
0.027,-0.006
0.028,-0.006
0.029,-0.005
0.028,-0.006
0.028,-0.006
0.029,-0.006
0.028,-0.006
0.028,-0.005
0.029,-0.004
0.029,-0.004
0.030,-0.005
0.029,-0.003
0.029,-0.004
0.029,-0.004
0.031,-0.003
0.030,-0.005
0.032,-0.005
0.033,-0.005
0.033,-0.006
0.034,-0.007
0.035,-0.007
0.034,-0.007
0.035,-0.007
0.036,-0.007
0.036,-0.007
0.038,-0.006
0.040,-0.005
0.039,-0.004
0.041,-0.003
0.042,-0.002
0.042,-0.001
0.043,-0.002
0.045,-0.001
0.045,-0.002
0.046,-0.003
0.046,-0.003
0.045,-0.004
0.045,-0.004
0.044,-0.005
0.044,-0.006
0.044,-0.005
0.043,-0.005
0.043,-0.007
0.043,-0.003
0.043,-0.004
0.043,-0.005
0.043,-0.004
0.042,-0.005
0.043,-0.007
0.043,-0.006
0.042,-0.007
0.043,-0.008
0.043,-0.006
0.042,-0.007
0.041,-0.007
0.042,-0.007
0.042,-0.007
0.043,-0.008
0.043,-0.008
0.044,-0.009
0.044,-0.008
0.043,-0.008
0.045,-0.008
0.044,-0.006
0.045,-0.005
0.045,-0.005
0.045,-0.003
0.045,-0.003
0.044,-0.003
0.044,-0.004
0.044,-0.005
0.044,-0.008
0.044,-0.009
0.045,-0.010
0.045,-0.013
0.044,-0.013
0.045,-0.012
0.046,-0.011
0.045,-0.011
0.046,-0.011
0.047,-0.010
0.047,-0.010
0.047,-0.009
0.046,-0.007
0.046,-0.006
0.047,-0.005
0.046,-0.005
0.047,-0.006
0.047,-0.005
0.048,-0.007
0.049,-0.008
0.049,-0.008
0.049,-0.010
0.049,-0.009
0.050,-0.009
0.050,-0.009
0.050,-0.010
0.050,-0.009
0.051,-0.010
0.053,-0.010
0.051,-0.009
0.052,-0.009
0.052,-0.008
0.052,-0.006
0.052,-0.006
0.053,-0.005
0.054,-0.006
0.054,-0.005
0.055,-0.007
0.056,-0.006
0.055,-0.005
0.055,-0.005
0.055,-0.003
0.054,-0.004
0.054,-0.006
0.054,-0.006
0.054,-0.005
0.055,-0.008
0.056,-0.007
0.054,-0.007
0.055,-0.007
0.056,-0.005
0.056,-0.005
0.057,-0.003
0.057,-0.001
0.057,-0.001
0.059,-0.001
0.059,0.000
0.059,-0.001
0.060,-0.002
0.059,0.000
0.059,-0.001
0.061,0.000
0.061,0.002
0.060,0.001
0.062,0.002
0.061,0.006
0.063,0.006
0.064,0.007
0.064,0.009
0.065,0.009
0.066,0.009
0.066,0.009
0.066,0.008
0.067,0.008
0.068,0.007
0.069,0.005
0.068,0.005
0.069,0.005
0.071,0.003
0.069,0.004
0.070,0.003
0.072,0.003
0.070,0.004
0.071,0.003
0.071,0.003
0.071,0.003
0.072,0.002
0.073,0.000
0.071,0.002
0.073,0.001
0.076,0.002
0.074,0.003
0.076,0.002
0.077,0.003
0.077,0.004
0.079,0.002
0.082,0.000
0.080,0.001
0.083,0.001
0.085,0.002
0.083,0.002
0.086,0.001
0.087,0.002
0.087,0.002
0.088,0.000
0.089,0.001
0.089,0.002
0.091,0.003
0.091,0.003
0.091,0.005
0.095,0.005
0.093,0.008
0.093,0.009
0.095,0.009
0.095,0.011
0.095,0.012
0.097,0.013
0.098,0.012
0.095,0.010
0.098,0.008
0.097,0.007
0.099,0.004
0.101,0.003
0.099,0.003
0.098,0.003
0.099,0.003
0.100,0.003
0.098,0.001
0.103,0.003
0.102,0.004
0.101,0.004
0.102,0.006
0.101,0.005
0.101,0.006
0.103,0.006
0.101,0.005
0.100,0.004
0.103,0.004
0.101,0.003
0.102,0.001
0.103,-0.000
0.102,-0.001
0.103,0.000
0.103,-0.000
0.103,0.000
0.104,0.000
0.106,0.002
0.105,0.003
0.106,0.004
0.106,0.006
0.104,0.006
0.105,0.005
0.106,0.006
0.105,0.006
0.104,0.005
0.105,0.007
0.104,0.006
0.104,0.005
0.105,0.004
0.105,0.004
0.106,0.003
0.105,0.001
0.103,-0.001
0.102,-0.002
0.104,-0.003
0.102,-0.003
0.101,-0.002
0.102,-0.001
0.101,-0.001
0.101,0.002
0.100,0.001
0.100,0.001
0.100,0.002
0.101,0.001
0.099,0.001
0.098,-0.000
0.099,-0.000
0.099,0.000
0.099,0.002
0.099,0.002
0.100,0.004
0.100,0.006
0.101,0.005
0.100,0.007
0.100,0.008
0.100,0.009
0.097,0.009
0.096,0.009
0.098,0.008
0.096,0.007
0.096,0.006
0.098,0.006
0.095,0.006
0.096,0.006
0.098,0.006
0.097,0.007
0.098,0.006
0.098,0.006
0.095,0.008
0.097,0.007
0.097,0.006
0.094,0.007
0.097,0.006
0.098,0.006
0.094,0.006
0.095,0.006
0.096,0.007
0.095,0.005
0.097,0.005
0.097,0.004
0.095,0.004
0.098,0.004
0.097,0.004
0.096,0.003
0.098,0.005
0.097,0.009
0.098,0.010
0.100,0.013
0.098,0.014
0.099,0.013
0.103,0.014
0.101,0.016
0.101,0.014
0.104,0.015
0.103,0.017
0.104,0.015
0.106,0.016
0.105,0.016
0.105,0.015
0.107,0.015
0.105,0.015
0.106,0.013
0.107,0.013
0.105,0.013
0.106,0.011
0.107,0.011
0.106,0.010
0.106,0.010
0.109,0.010
0.109,0.009
0.109,0.009
0.112,0.008
0.111,0.009
0.111,0.007
0.113,0.009
0.112,0.010
0.112,0.010
0.113,0.013
0.112,0.013
0.114,0.014
0.115,0.015
0.115,0.016
0.117,0.016
0.119,0.016
0.118,0.015
0.119,0.013
0.119,0.014
0.118,0.014
0.118,0.013
0.119,0.015
0.116,0.015
0.119,0.016
0.119,0.018
0.118,0.019
0.119,0.020
0.119,0.021
0.119,0.019
0.119,0.020
0.119,0.020
0.118,0.018
0.119,0.020
0.118,0.019
0.117,0.016
0.118,0.017
0.116,0.017
0.116,0.014
0.117,0.014
0.115,0.013
0.116,0.010
0.115,0.011
0.114,0.012
0.115,0.011
0.115,0.013
0.114,0.013
0.115,0.013
0.114,0.013
0.114,0.013
0.115,0.014
0.114,0.016
0.115,0.016
0.115,0.018
0.115,0.018
0.115,0.016
0.114,0.016
0.114,0.016
0.114,0.015
0.114,0.016
0.114,0.017
0.115,0.018
0.115,0.019
0.115,0.020
0.116,0.020
0.116,0.022
0.115,0.022
0.115,0.022
0.114,0.022
0.114,0.023
0.114,0.024
0.113,0.023
0.114,0.023
0.113,0.022
0.113,0.022
0.113,0.022
0.113,0.021
0.112,0.021
0.113,0.021
0.114,0.021
0.113,0.020
0.113,0.020
0.113,0.021
0.112,0.021
0.113,0.022
0.113,0.023
0.113,0.023
0.113,0.024
0.114,0.026
0.113,0.026
0.112,0.028
0.113,0.028
0.112,0.027
0.111,0.027
0.113,0.026
0.114,0.024
0.112,0.023
0.113,0.023
0.114,0.023
0.112,0.024
0.112,0.024
0.112,0.025
0.111,0.028
0.111,0.027
0.111,0.026
0.109,0.027
0.109,0.026
0.111,0.026
0.109,0.026
0.109,0.026
0.109,0.028
0.108,0.030
0.108,0.030
0.109,0.030
0.108,0.031
0.108,0.030
0.109,0.028
0.107,0.028
0.108,0.027
0.110,0.026
0.110,0.027
0.111,0.026
0.113,0.027
0.113,0.029
0.113,0.030
0.114,0.031
0.113,0.032
0.114,0.031
0.115,0.030
0.114,0.031
0.115,0.029
0.115,0.029
0.114,0.030
0.116,0.030
0.116,0.030
0.115,0.033
0.116,0.032
0.116,0.033
0.115,0.034
0.118,0.032
0.118,0.031
0.118,0.032
0.120,0.030
0.121,0.031
0.122,0.031
0.123,0.032
0.123,0.034
0.124,0.036
0.126,0.036
0.125,0.037
0.126,0.038
0.128,0.037
0.126,0.038
0.127,0.037
0.130,0.038
0.128,0.039
0.129,0.038
0.132,0.039
0.129,0.040
0.132,0.038
0.133,0.038
0.131,0.040
0.134,0.040
0.136,0.042
0.133,0.044
0.135,0.044
0.137,0.045
0.135,0.046
0.137,0.045
0.138,0.045
0.136,0.045
0.138,0.043
0.139,0.043
0.136,0.042
0.138,0.041
0.138,0.042
0.136,0.042
0.138,0.041
0.139,0.041
0.138,0.039
0.140,0.038
0.139,0.038
0.138,0.038
0.140,0.038
0.140,0.039
0.139,0.039
0.140,0.041
0.139,0.041
0.137,0.042
0.138,0.043
0.137,0.044
0.136,0.044
0.137,0.044
0.136,0.045
0.135,0.045
0.134,0.044
0.134,0.043
0.132,0.042
0.134,0.041
0.133,0.039
0.130,0.039
0.132,0.039
0.130,0.041
0.128,0.043
0.129,0.044
0.128,0.046
0.127,0.046
0.128,0.047
0.126,0.047
0.125,0.047
0.127,0.046
0.125,0.046
0.125,0.046
0.126,0.046
0.123,0.047
0.123,0.045
0.124,0.045
0.122,0.044
0.121,0.043
0.121,0.043
0.118,0.042
0.118,0.042
0.119,0.044
0.116,0.045
0.117,0.044
0.117,0.046
0.115,0.046
0.114,0.045
0.115,0.046
0.112,0.046
0.113,0.047
0.113,0.047
0.111,0.047
0.111,0.047
0.112,0.047
0.109,0.046
0.110,0.046
0.111,0.048
0.108,0.047
0.108,0.048
0.109,0.048
0.108,0.049
0.108,0.050
0.108,0.050
0.106,0.052
0.106,0.054
0.106,0.053
0.105,0.051
0.106,0.052
0.106,0.051
0.105,0.049
0.105,0.050
0.106,0.049
0.105,0.050
0.105,0.053
0.107,0.054
0.106,0.055
0.106,0.057
0.107,0.056
0.106,0.057
0.107,0.056
0.108,0.056
0.108,0.055
0.107,0.054
0.109,0.053
0.109,0.053
0.110,0.053
0.111,0.052
0.110,0.053
0.112,0.053
0.113,0.053
0.112,0.054
0.113,0.057
0.113,0.058
0.112,0.060
0.112,0.059
0.112,0.059
0.110,0.059
0.111,0.057
0.112,0.057
0.110,0.058
0.112,0.058
0.113,0.058
0.112,0.059
0.114,0.060
0.116,0.060
0.114,0.059
0.116,0.060
0.117,0.059
0.117,0.059
0.119,0.059
0.118,0.059
0.117,0.059
0.119,0.060
0.117,0.060
0.116,0.059
0.118,0.060
0.116,0.060
0.115,0.059
0.117,0.059
0.115,0.060
0.115,0.059
0.117,0.059
0.116,0.060
0.115,0.058
0.117,0.059
0.114,0.061
0.113,0.060
0.115,0.061
0.113,0.061
0.112,0.060
0.113,0.061
0.112,0.062
0.110,0.061
0.111,0.062
0.109,0.062
0.109,0.062
0.111,0.061
0.109,0.061
0.109,0.060
0.111,0.060
0.109,0.060
0.108,0.059
0.109,0.058
0.108,0.060
0.107,0.060
0.108,0.060
0.105,0.061
0.106,0.062
0.106,0.063
0.103,0.063
0.104,0.062
0.105,0.062
0.103,0.061
0.103,0.060
0.104,0.061
0.103,0.060
0.102,0.060
0.102,0.062
0.100,0.062
0.101,0.062
0.100,0.063
0.098,0.064
0.099,0.065
0.099,0.068
0.098,0.068
0.099,0.070
0.099,0.072
0.097,0.073
0.099,0.073
0.099,0.073
0.097,0.071
0.099,0.070
0.099,0.070
0.097,0.069
0.097,0.069
0.097,0.070
0.096,0.069
0.096,0.071
0.096,0.073
0.094,0.074
0.095,0.075
0.093,0.075
0.094,0.075
0.094,0.076
0.093,0.077
0.093,0.076
0.093,0.077
0.091,0.075
0.090,0.072
0.089,0.071
0.088,0.068
0.087,0.063
0.087,0.062
0.086,0.062
0.087,0.062
0.085,0.063
0.085,0.065
0.085,0.066
0.085,0.068
0.084,0.067
0.084,0.068
0.083,0.068
0.083,0.066
0.082,0.066
0.081,0.066
0.082,0.066
0.080,0.067
0.080,0.070
0.080,0.069
0.081,0.071
0.081,0.071
0.081,0.071
0.081,0.072
0.081,0.073
0.082,0.072
0.080,0.072
0.079,0.072
0.079,0.073
0.078,0.072
0.078,0.072
0.077,0.073
0.076,0.072
0.076,0.072
0.076,0.071
0.075,0.070
0.075,0.071
0.076,0.070
0.074,0.069
0.075,0.071
0.074,0.072
0.074,0.071
0.074,0.071
0.075,0.072
0.075,0.071
0.075,0.071
0.075,0.072
0.075,0.072
0.075,0.073
0.074,0.073
0.074,0.071
0.074,0.071
0.074,0.070
0.074,0.068
0.072,0.068
0.073,0.067
0.073,0.067
0.071,0.069
0.072,0.069
0.072,0.070
0.070,0.071
0.071,0.072
0.072,0.073
0.070,0.074
0.072,0.073
0.072,0.072
0.071,0.073
0.072,0.071
0.073,0.072
0.072,0.073
0.072,0.073
0.073,0.073
0.071,0.075
0.071,0.075
0.071,0.075
0.070,0.077
0.070,0.077
0.068,0.076
0.068,0.076
0.068,0.075
0.069,0.073
0.067,0.074
0.070,0.074
0.071,0.074
0.068,0.076
0.071,0.076
0.070,0.076
0.069,0.078
0.069,0.076
0.070,0.078
0.068,0.080
0.070,0.078
0.069,0.079
0.067,0.080
0.070,0.078
0.068,0.078
0.068,0.076
0.070,0.074
0.069,0.073
0.068,0.072
0.070,0.070
0.068,0.071
0.066,0.071
0.069,0.071
0.065,0.073
0.066,0.073
0.067,0.074
0.064,0.075
0.065,0.074
0.066,0.074
0.064,0.074
0.064,0.072
0.067,0.072
0.064,0.072
0.065,0.072
0.067,0.071
0.064,0.071
0.065,0.069
0.065,0.069
0.063,0.069
0.063,0.069
0.064,0.071
0.062,0.071
0.064,0.072
0.064,0.072
0.062,0.074
0.063,0.075
0.062,0.077
0.061,0.078
0.062,0.079
0.062,0.079
0.060,0.077
0.060,0.077
0.060,0.075
0.059,0.073
0.060,0.073
0.059,0.073
0.057,0.073
0.058,0.075
0.057,0.075
0.056,0.075
0.058,0.075
0.058,0.075
0.056,0.073
0.057,0.074
0.057,0.073
0.056,0.074
0.057,0.075
0.057,0.075
0.056,0.075
0.058,0.074
0.057,0.075
0.056,0.074
0.058,0.074
0.058,0.074
0.056,0.073
0.056,0.072
0.056,0.071
0.055,0.070
0.055,0.071
0.055,0.071
0.054,0.072
0.055,0.073
0.055,0.072
0.053,0.073
0.055,0.073
0.054,0.072
0.053,0.072
0.054,0.071
0.053,0.072
0.052,0.072
0.053,0.074
0.051,0.075
0.050,0.075
0.051,0.076
0.049,0.075
0.049,0.075
0.050,0.075
0.048,0.076
0.048,0.075
0.048,0.075
0.046,0.075
0.045,0.074
0.046,0.073
0.044,0.071
0.044,0.070
0.046,0.070
0.045,0.071
0.045,0.072
0.046,0.074
0.046,0.074
0.045,0.075
0.046,0.076
0.046,0.075
0.045,0.075
0.047,0.074
0.046,0.074
0.046,0.074
0.047,0.073
0.046,0.074
0.046,0.073
0.048,0.072
0.047,0.072
0.046,0.071
0.048,0.072
0.047,0.072
0.047,0.071
0.049,0.071
0.049,0.071
0.049,0.069
0.051,0.070
0.049,0.071
0.049,0.071
0.051,0.071
0.049,0.073
0.050,0.072
0.052,0.072
0.050,0.073
0.050,0.071
0.050,0.072
0.048,0.073
0.047,0.072
0.048,0.073
0.046,0.072
0.046,0.072
0.047,0.072
0.045,0.070
0.046,0.071
0.045,0.072
0.045,0.071
0.045,0.072
0.045,0.074
0.044,0.072
0.045,0.072
0.045,0.071
0.044,0.070
0.046,0.069
0.044,0.069
0.044,0.067
0.044,0.068
0.043,0.069
0.041,0.067
0.041,0.068
0.041,0.070
0.040,0.069
0.042,0.067
0.040,0.067
0.040,0.064
0.041,0.063
0.040,0.063
0.040,0.062
0.040,0.063
0.040,0.064
0.039,0.064
0.040,0.066
0.039,0.067
0.038,0.067
0.038,0.067
0.037,0.068
0.036,0.066
0.036,0.068
0.035,0.068
0.034,0.068
0.034,0.070
0.033,0.070
0.033,0.070
0.034,0.070
0.033,0.069
0.033,0.065
0.033,0.064
0.032,0.064
0.033,0.063
0.034,0.064
0.033,0.063
0.034,0.064
0.034,0.066
0.033,0.066
0.034,0.065
0.034,0.067
0.033,0.067
0.033,0.065
0.033,0.067
0.031,0.065
0.033,0.064
0.033,0.064
0.031,0.064
0.032,0.063
0.032,0.065
0.031,0.064
0.032,0.063
0.031,0.065
0.031,0.064
0.031,0.062
0.030,0.063
0.029,0.061
0.030,0.061
0.029,0.062
0.028,0.062
0.027,0.063
0.026,0.065
0.026,0.064
0.026,0.064
0.025,0.064
0.024,0.063
0.024,0.063
0.023,0.064
0.022,0.063
0.022,0.063
0.020,0.063
0.021,0.061
0.019,0.060
0.018,0.059
0.018,0.055
0.017,0.055
0.016,0.054
0.015,0.052
0.014,0.053
0.012,0.053
0.013,0.052
0.012,0.053
0.011,0.053
0.010,0.053
0.009,0.055
0.008,0.055
0.008,0.054
0.007,0.055
0.006,0.055
0.007,0.055
0.004,0.056
0.003,0.056
0.002,0.055
0.002,0.056
0.002,0.056
-0.000,0.056
-0.000,0.056
-0.001,0.055
-0.002,0.056
-0.004,0.054
-0.004,0.055
-0.005,0.056
-0.005,0.056
-0.006,0.056
-0.007,0.056
-0.008,0.055
-0.007,0.055
-0.009,0.056
-0.009,0.054
-0.009,0.056
-0.010,0.057
-0.010,0.056
-0.009,0.057
-0.012,0.057
-0.012,0.058
-0.013,0.058
-0.015,0.058
-0.014,0.057
-0.015,0.058
-0.016,0.058
-0.016,0.058
-0.017,0.059
-0.018,0.060
-0.018,0.061
-0.018,0.063
-0.018,0.062
-0.018,0.062
-0.018,0.063
-0.017,0.064
-0.016,0.063
-0.016,0.064
-0.016,0.063
-0.015,0.063
-0.015,0.063
-0.016,0.061
-0.014,0.062
-0.015,0.062
-0.014,0.060
-0.016,0.060
-0.015,0.062
-0.014,0.060
-0.014,0.061
-0.015,0.060
-0.016,0.057
-0.015,0.058
-0.015,0.057
-0.015,0.054
-0.016,0.054
-0.016,0.054
-0.013,0.056
-0.016,0.058
-0.016,0.057
-0.015,0.059
-0.016,0.059
-0.015,0.057
-0.014,0.056
-0.016,0.056
-0.014,0.055
-0.011,0.054
-0.013,0.054
-0.011,0.054
-0.010,0.055
-0.011,0.058
-0.010,0.057
-0.009,0.058
-0.010,0.060
-0.009,0.059
-0.008,0.059
-0.009,0.059
-0.008,0.058
-0.008,0.057
-0.008,0.057
-0.007,0.053
-0.008,0.053
-0.008,0.054
-0.006,0.053
-0.006,0.053
-0.008,0.051
-0.006,0.051
-0.007,0.050
-0.007,0.051
-0.007,0.049
-0.007,0.050
-0.007,0.050
-0.006,0.049
-0.006,0.049
-0.008,0.047
-0.007,0.047
-0.007,0.046
-0.008,0.046
-0.007,0.046
-0.007,0.048
-0.007,0.051
-0.005,0.051
-0.007,0.052
-0.008,0.053
-0.006,0.052
-0.007,0.051
-0.008,0.049
-0.007,0.049
-0.008,0.050
-0.008,0.050
-0.008,0.049
-0.009,0.049
-0.009,0.050
-0.009,0.049
-0.010,0.050
-0.011,0.049
-0.011,0.049
-0.012,0.047
-0.013,0.048
-0.014,0.046
-0.015,0.048
-0.016,0.049
-0.016,0.047
-0.016,0.047
-0.017,0.047
-0.017,0.048
-0.019,0.048
-0.019,0.048
-0.019,0.049
-0.021,0.049
-0.019,0.049
-0.019,0.050
-0.021,0.051
-0.021,0.052
-0.020,0.052
-0.023,0.051
-0.022,0.050
-0.022,0.050
-0.024,0.048
-0.024,0.046
-0.024,0.046
-0.026,0.044
-0.025,0.043
-0.026,0.043
-0.026,0.043
-0.026,0.042
-0.026,0.043
-0.028,0.042
-0.027,0.042
-0.028,0.042
-0.030,0.042
-0.030,0.043
-0.030,0.044
-0.031,0.044
-0.031,0.046
-0.032,0.046
-0.032,0.046
-0.032,0.047
-0.031,0.045
-0.032,0.046
-0.031,0.046
-0.031,0.045
-0.030,0.047
-0.030,0.049
-0.030,0.049
-0.030,0.050
-0.031,0.052
-0.030,0.051
-0.031,0.053
-0.030,0.053
-0.030,0.052
-0.030,0.052
-0.029,0.052
-0.029,0.051
-0.029,0.052
-0.028,0.051
-0.027,0.050
-0.029,0.050
-0.029,0.049
-0.028,0.047
-0.029,0.047
-0.028,0.045
-0.026,0.044
-0.029,0.045
-0.028,0.043
-0.027,0.044
-0.028,0.045
-0.026,0.045
-0.026,0.045
-0.028,0.047
-0.025,0.047
-0.025,0.047
-0.026,0.047
-0.024,0.045
-0.025,0.045
-0.026,0.044
-0.024,0.043
-0.024,0.044
-0.025,0.044
-0.022,0.045
-0.024,0.046
-0.024,0.046
-0.021,0.045
-0.024,0.047
-0.024,0.045
-0.021,0.045
-0.024,0.045
-0.024,0.045
-0.021,0.045
-0.024,0.046
-0.024,0.047
-0.022,0.048
-0.026,0.049
-0.025,0.048
-0.023,0.049
-0.025,0.047
-0.024,0.045
-0.022,0.045
-0.023,0.046
-0.023,0.045
-0.022,0.046
-0.023,0.047
-0.023,0.047
-0.022,0.047
-0.023,0.047
-0.023,0.046
-0.021,0.047
-0.023,0.045
-0.022,0.045
-0.021,0.045
-0.022,0.043
-0.021,0.041
-0.020,0.040
-0.022,0.039
-0.021,0.037
-0.020,0.038
-0.022,0.038
-0.021,0.038
-0.021,0.039
-0.023,0.038
-0.022,0.037
-0.020,0.038
-0.021,0.037
-0.020,0.037
-0.019,0.038
-0.020,0.038
-0.019,0.038
-0.020,0.039
-0.021,0.037
-0.019,0.037
-0.020,0.037
-0.021,0.036
-0.021,0.038
-0.022,0.037
-0.021,0.034
-0.021,0.035
-0.022,0.034
-0.022,0.031
-0.022,0.031
-0.024,0.029
-0.024,0.026
-0.025,0.027
-0.027,0.025
-0.026,0.025
-0.027,0.025
-0.028,0.024
-0.029,0.023
-0.028,0.023
-0.028,0.023
-0.029,0.022
-0.029,0.023
-0.028,0.023
-0.029,0.025
-0.029,0.026
-0.029,0.026
-0.029,0.027
-0.031,0.029
-0.031,0.029
-0.032,0.030
-0.033,0.031
-0.033,0.030
-0.035,0.031
-0.035,0.031
-0.035,0.030
-0.036,0.027
-0.037,0.024
-0.036,0.022
-0.037,0.020
-0.038,0.018
-0.038,0.017
-0.040,0.018
-0.040,0.020
-0.040,0.022
-0.041,0.023
-0.041,0.024
-0.042,0.026
-0.042,0.026
-0.042,0.026
-0.043,0.026
-0.043,0.024
-0.043,0.024
-0.044,0.023
-0.044,0.022
-0.044,0.022
-0.044,0.022
-0.045,0.021
-0.045,0.022
-0.046,0.022
-0.046,0.022
-0.046,0.021
-0.046,0.020
-0.046,0.019
-0.046,0.018
-0.046,0.018
-0.045,0.020
-0.046,0.023
-0.045,0.023
-0.045,0.024
-0.044,0.025
-0.044,0.023
-0.043,0.022
-0.044,0.023
-0.043,0.024
-0.042,0.024
-0.044,0.026
-0.043,0.027
-0.043,0.028
-0.042,0.029
-0.043,0.028
-0.042,0.028
-0.041,0.029
-0.042,0.029
-0.040,0.028
-0.040,0.027
-0.040,0.025
-0.040,0.022
-0.039,0.023
-0.040,0.023
-0.040,0.023
-0.040,0.024
-0.040,0.025
-0.039,0.025
-0.039,0.027
-0.038,0.028
-0.038,0.028
-0.037,0.029
-0.036,0.029
-0.035,0.028
-0.034,0.028
-0.034,0.026
-0.032,0.025
-0.032,0.024
-0.031,0.023
-0.029,0.022
-0.029,0.023
-0.028,0.021
-0.028,0.021
-0.028,0.023
-0.026,0.022
-0.024,0.022
-0.024,0.023
-0.022,0.022
-0.021,0.021
-0.022,0.020
-0.021,0.018
-0.021,0.019
-0.022,0.021
-0.021,0.020
-0.020,0.022
-0.020,0.023
-0.018,0.021
-0.019,0.022
-0.019,0.022
-0.017,0.020
-0.018,0.020
-0.017,0.020
-0.016,0.019
-0.016,0.020
-0.016,0.019
-0.015,0.019
-0.016,0.020
-0.016,0.019
-0.015,0.017
-0.017,0.017
-0.017,0.016
-0.016,0.016
-0.018,0.017
-0.016,0.015
-0.016,0.016
-0.018,0.017
-0.017,0.015
-0.016,0.015
-0.018,0.016
-0.016,0.014
-0.016,0.015
-0.019,0.016
-0.016,0.014
-0.016,0.015
-0.018,0.015
-0.017,0.013
-0.016,0.014
-0.019,0.014
-0.017,0.012
-0.018,0.012
-0.021,0.013
-0.018,0.011
-0.018,0.011
-0.019,0.011
-0.017,0.010
-0.017,0.011
-0.019,0.011
-0.019,0.011
-0.019,0.012
-0.022,0.013
-0.020,0.013
-0.022,0.013
-0.023,0.012
-0.023,0.012
-0.024,0.012
-0.024,0.010
-0.025,0.010
-0.025,0.010
-0.026,0.010
-0.026,0.010
-0.028,0.010
-0.029,0.011
-0.028,0.011
-0.029,0.011
-0.030,0.009
-0.029,0.007
-0.031,0.005
-0.032,0.004
-0.033,0.004
-0.034,0.004
-0.035,0.007
-0.035,0.007
-0.036,0.007
-0.035,0.008
-0.035,0.006
-0.035,0.004
-0.036,0.003
-0.035,0.002
-0.035,0.002
-0.036,0.003
-0.035,0.005
-0.037,0.005
-0.036,0.007
-0.036,0.007
-0.037,0.007
-0.036,0.008
-0.036,0.009
-0.037,0.008
-0.037,0.008
-0.036,0.008
-0.037,0.007
-0.036,0.007
-0.035,0.006
-0.036,0.005
-0.035,0.004
-0.035,0.004
-0.037,0.003
-0.035,0.004
-0.035,0.005
-0.035,0.006
-0.033,0.008
-0.033,0.008
-0.034,0.008
-0.034,0.008
-0.034,0.006
-0.036,0.006
-0.035,0.005
-0.034,0.004
-0.036,0.003
-0.034,0.002
-0.034,0.001
-0.035,0.000
-0.034,0.001
-0.034,0.000
-0.034,0.002
-0.033,0.003
-0.032,0.003
-0.033,0.003
-0.031,0.004
-0.031,0.002
-0.031,0.001
-0.031,-0.001
-0.030,-0.003
-0.030,-0.004
-0.029,-0.004
-0.028,-0.003
-0.029,-0.004
-0.028,-0.003
-0.027,-0.004
-0.028,-0.004
-0.026,-0.005
-0.026,-0.007
-0.026,-0.006
-0.025,-0.007
-0.024,-0.007
-0.025,-0.007
-0.024,-0.007
-0.023,-0.007
-0.024,-0.005
-0.022,-0.004
-0.021,-0.004
-0.022,-0.003
-0.019,-0.003
-0.020,-0.003
-0.021,-0.001
-0.019,-0.001
-0.018,-0.001
-0.019,0.000
-0.017,-0.001
-0.016,-0.002
-0.017,-0.001
-0.015,-0.003
-0.014,-0.003
-0.016,-0.003
-0.013,-0.005
-0.012,-0.005
-0.014,-0.004
-0.011,-0.006
-0.010,-0.007
-0.012,-0.005
-0.010,-0.005
-0.009,-0.004
-0.010,-0.003
-0.007,-0.004
-0.007,-0.003
-0.007,-0.003
-0.004,-0.005
-0.004,-0.005
-0.005,-0.003
-0.002,-0.005
-0.003,-0.005
-0.004,-0.005
-0.002,-0.006
-0.003,-0.005
-0.003,-0.005
-0.002,-0.005
-0.003,-0.005
-0.003,-0.004
0.000,-0.004
-0.000,-0.003
-0.001,-0.003
0.001,-0.003
0.000,-0.002
-0.000,-0.003
0.000,-0.003
-0.001,-0.003
0.000,-0.004
0.002,-0.004
0.000,-0.004
0.002,-0.004
0.004,-0.004
-0.000,-0.005
0.002,-0.005
0.003,-0.004
0.000,-0.004
0.000,-0.006
0.002,-0.004
-0.001,-0.004
0.000,-0.005
0.001,-0.004
-0.001,-0.004
0.002,-0.006
0.003,-0.006
0.001,-0.006
0.003,-0.007
0.004,-0.005
0.002,-0.005
0.003,-0.005
0.004,-0.004
0.003,-0.006
0.004,-0.005
0.004,-0.006
0.003,-0.007
0.004,-0.006
0.004,-0.006
0.004,-0.008
0.004,-0.006
0.005,-0.007
0.004,-0.008
0.006,-0.008
0.006,-0.009
0.005,-0.010
0.007,-0.011
0.007,-0.011
0.007,-0.012
0.008,-0.011
0.008,-0.012
0.008,-0.012
0.009,-0.011
0.010,-0.012
0.008,-0.011
0.009,-0.010
0.010,-0.010
0.010,-0.011
0.011,-0.011
0.011,-0.012
0.011,-0.013
0.011,-0.013
0.011,-0.015
0.010,-0.015
0.011,-0.014
0.012,-0.014
0.012,-0.011
0.014,-0.010
0.013,-0.009
0.013,-0.008
0.015,-0.007
0.015,-0.006
0.014,-0.006
0.016,-0.006
0.015,-0.007
0.015,-0.007
0.017,-0.007
0.015,-0.007
0.016,-0.008
0.017,-0.007
0.017,-0.007
0.016,-0.008
0.019,-0.008
0.018,-0.008
0.018,-0.008
0.021,-0.009
0.019,-0.008
0.020,-0.009
0.022,-0.009
0.020,-0.009
0.020,-0.009
0.022,-0.009
0.020,-0.009
0.019,-0.008
0.022,-0.007
0.020,-0.007
0.019,-0.006
0.021,-0.007
0.021,-0.004
0.020,-0.003
0.021,-0.003
0.020,-0.002
0.020,-0.001
0.023,-0.003
0.022,-0.005
0.023,-0.007
0.025,-0.010
0.023,-0.011
0.024,-0.012
0.026,-0.011
0.024,-0.010
0.024,-0.009
0.026,-0.008
0.024,-0.008
0.024,-0.008
0.026,-0.008
0.023,-0.007
0.025,-0.009
0.027,-0.008
0.026,-0.009
0.027,-0.010
0.029,-0.009
0.028,-0.010
0.030,-0.010
0.030,-0.010
0.028,-0.010
0.030,-0.011
0.030,-0.010
0.030,-0.010
0.031,-0.010
0.031,-0.009
0.030,-0.010
0.032,-0.009
0.032,-0.009
0.031,-0.011
0.033,-0.011
0.033,-0.010
0.034,-0.010
0.036,-0.007
0.035,-0.006
0.036,-0.006
0.038,-0.004
0.036,-0.003
0.037,-0.005
0.038,-0.004
0.037,-0.004
0.038,-0.005
0.038,-0.005
0.037,-0.004
0.039,-0.006
0.040,-0.006
0.040,-0.007
0.041,-0.008
0.041,-0.008
0.041,-0.010
0.041,-0.010
0.041,-0.009
0.040,-0.008
0.040,-0.008
0.040,-0.007
0.040,-0.006
0.041,-0.006
0.041,-0.005
0.042,-0.006
0.042,-0.007
0.043,-0.008
0.043,-0.009
0.043,-0.009
0.043,-0.008
0.043,-0.008
0.044,-0.007
0.043,-0.007
0.043,-0.008
0.042,-0.008
0.042,-0.009
0.041,-0.011
0.042,-0.010
0.043,-0.010
0.043,-0.010
0.043,-0.010
0.044,-0.010
0.043,-0.012
0.042,-0.013
0.043,-0.013
0.042,-0.012
0.041,-0.012
0.042,-0.011
0.042,-0.009
0.042,-0.009
0.043,-0.009
0.043,-0.007
0.044,-0.008
0.044,-0.008
0.044,-0.008
0.044,-0.008
0.045,-0.010
0.045,-0.012
0.044,-0.013
0.045,-0.015
0.046,-0.015
0.045,-0.015
0.045,-0.014
0.045,-0.015
0.044,-0.015
0.044,-0.014
0.043,-0.014
0.045,-0.014
0.044,-0.014
0.046,-0.014
0.046,-0.014
0.047,-0.013
0.048,-0.012
0.048,-0.012
0.049,-0.012
0.048,-0.012
0.049,-0.012
0.050,-0.011
0.049,-0.011
0.049,-0.013
0.049,-0.013
0.049,-0.013
0.050,-0.015
0.051,-0.013
0.051,-0.012
0.052,-0.013
0.053,-0.012
0.052,-0.011
0.053,-0.013
0.052,-0.013
0.052,-0.015
0.053,-0.016
0.053,-0.016
0.052,-0.016
0.054,-0.017
0.054,-0.016
0.054,-0.016
0.055,-0.018
0.054,-0.017
0.055,-0.018
0.055,-0.017
0.054,-0.016
0.055,-0.015
0.056,-0.014
0.056,-0.011
0.057,-0.011
0.059,-0.009
0.059,-0.007
0.061,-0.007
0.062,-0.005
0.061,-0.004
0.061,-0.006
0.061,-0.005
0.061,-0.004
0.062,-0.005
0.061,-0.003
0.061,-0.003
0.062,-0.003
0.061,-0.002
0.062,-0.004
0.063,-0.004
0.062,-0.005
0.064,-0.007
0.064,-0.008
0.063,-0.006
0.065,-0.008
0.067,-0.008
0.066,-0.007
0.068,-0.009
0.068,-0.007
0.066,-0.006
0.068,-0.007
0.069,-0.006
0.069,-0.003
0.071,-0.003
0.073,-0.003
0.071,-0.002
0.074,-0.004
0.075,-0.004
0.074,-0.004
0.075,-0.005
0.075,-0.006
0.074,-0.006
0.075,-0.007
0.078,-0.009
0.078,-0.007
0.079,-0.008
0.081,-0.008
0.080,-0.007
0.083,-0.008
0.083,-0.009
0.084,-0.008
0.086,-0.007
0.086,-0.007
0.085,-0.005
0.087,-0.008
0.089,-0.007
0.088,-0.008
0.089,-0.011
0.089,-0.012
0.089,-0.011
0.093,-0.011
0.093,-0.011
0.093,-0.010
0.094,-0.010
0.094,-0.007
0.093,-0.008
0.096,-0.008
0.096,-0.008
0.098,-0.007
0.100,-0.005
0.100,-0.004
0.099,-0.001
0.101,-0.002
0.101,-0.002
0.101,-0.003
0.103,-0.004
0.102,-0.003
0.103,-0.003
0.105,-0.005
0.104,-0.005
0.103,-0.006
0.106,-0.007
0.104,-0.007
0.104,-0.007
0.105,-0.008
0.103,-0.008
0.105,-0.009
0.106,-0.009
0.103,-0.009
0.104,-0.008
0.105,-0.006
0.104,-0.004
0.105,-0.005
0.106,-0.003
0.104,-0.001
0.106,-0.002
0.106,0.001
0.104,-0.002
0.107,-0.003
0.109,-0.004
0.105,-0.006
0.107,-0.006
0.106,-0.006
0.104,-0.005
0.105,-0.006
0.104,-0.004
0.102,-0.004
0.104,-0.001
0.102,0.001
0.101,0.001
0.103,0.002
0.103,0.001
0.101,0.000
0.102,-0.001
0.100,-0.000
0.101,-0.002
0.100,-0.003
0.100,-0.003
0.099,-0.005
0.099,-0.003
0.099,-0.005
0.098,-0.006
0.097,-0.004
0.097,-0.005
0.098,-0.005
0.098,-0.005
0.096,-0.005
0.097,-0.004
0.097,-0.002
0.098,-0.004
0.097,-0.003
0.096,-0.003
0.096,-0.002
0.095,-0.000
0.097,0.001
0.098,0.000
0.098,0.002
0.098,0.002
0.099,0.000
0.097,0.002
0.097,0.000
0.097,0.001
0.097,0.002
0.097,0.001
0.096,0.001
0.096,0.002
0.097,0.001
0.098,-0.000
0.096,0.001
0.098,-0.001
0.099,0.000
0.096,0.001
0.098,-0.001
0.097,-0.002
0.096,-0.002
0.098,-0.004
0.097,-0.005
0.094,-0.003
0.096,-0.002
0.096,-0.001
0.095,0.001
0.099,0.001
0.097,0.003
0.098,0.004
0.100,0.003
0.099,0.003
0.098,0.004
0.101,0.005
0.101,0.007
0.099,0.008
0.102,0.009
0.101,0.010
0.101,0.009
0.104,0.009
0.103,0.010
0.103,0.009
0.105,0.008
0.105,0.008
0.105,0.008
0.107,0.007
0.106,0.006
0.107,0.007
0.109,0.007
0.107,0.008
0.108,0.007
0.109,0.007
0.108,0.007
0.109,0.006
0.112,0.008
0.110,0.009
0.112,0.009
0.113,0.010
0.112,0.011
0.113,0.011
0.113,0.011
0.111,0.012
0.113,0.012
0.115,0.013
0.113,0.015
0.115,0.016
0.117,0.016
0.114,0.016
0.117,0.014
0.117,0.013
0.115,0.013
0.117,0.011
0.117,0.010
0.115,0.009
0.116,0.008
0.117,0.008
0.115,0.007
0.118,0.007
0.118,0.008
0.117,0.008
0.118,0.008
0.117,0.008
0.117,0.007
0.119,0.007
0.118,0.007
0.115,0.005
0.118,0.005
0.117,0.005
0.116,0.004
0.118,0.004
0.115,0.005
0.116,0.004
0.116,0.006
0.114,0.006
0.114,0.004
0.116,0.005
0.114,0.005
0.113,0.004
0.114,0.007
0.111,0.008
0.111,0.007
0.113,0.010
0.110,0.011
0.111,0.010
0.113,0.013
0.111,0.012
0.112,0.010
0.113,0.012
0.112,0.012
0.113,0.011
0.114,0.012
0.113,0.012
0.114,0.012
0.114,0.015
0.114,0.014
0.113,0.013
0.114,0.015
0.113,0.015
0.113,0.015
0.112,0.017
0.111,0.016
0.110,0.019
0.110,0.020
0.110,0.020
0.109,0.021
0.110,0.022
0.110,0.021
0.109,0.021
0.110,0.021
0.110,0.021
0.110,0.021
0.110,0.020
0.111,0.020
0.111,0.019
0.112,0.019
0.111,0.019
0.111,0.019
0.112,0.018
0.110,0.017
0.109,0.018
0.110,0.019
0.109,0.019
0.108,0.019
0.109,0.018
0.108,0.018
0.109,0.018
0.110,0.017
0.108,0.017
0.109,0.016
0.109,0.017
0.109,0.018
0.109,0.017
0.109,0.018
0.108,0.017
0.108,0.018
0.109,0.019
0.107,0.020
0.108,0.023
0.108,0.023
0.107,0.023
0.107,0.023
0.106,0.023
0.106,0.023
0.106,0.023
0.105,0.024
0.105,0.023
0.106,0.024
0.105,0.025
0.106,0.025
0.107,0.026
0.106,0.027
0.106,0.025
0.108,0.026
0.108,0.027
0.108,0.026
0.109,0.028
0.109,0.030
0.108,0.029
0.109,0.029
0.109,0.031
0.109,0.032
0.110,0.034
0.109,0.036
0.110,0.036
0.111,0.036
0.110,0.035
0.110,0.032
0.112,0.032
0.111,0.033
0.111,0.033
0.112,0.035
0.112,0.036
0.112,0.036
0.113,0.036
0.114,0.036
0.115,0.034
0.117,0.034
0.117,0.033
0.118,0.032
0.120,0.034
0.121,0.034
0.123,0.034
0.122,0.036
0.124,0.035
0.125,0.035
0.126,0.037
0.126,0.037
0.127,0.037
0.127,0.039
0.126,0.039
0.128,0.038
0.128,0.039
0.127,0.037
0.129,0.036
0.129,0.038
0.131,0.037
0.132,0.037
0.132,0.039
0.134,0.038
0.135,0.038
0.134,0.039
0.135,0.039
0.136,0.038
0.134,0.039
0.136,0.038
0.136,0.037
0.134,0.038
0.135,0.037
0.135,0.038
0.133,0.040
0.134,0.039
0.135,0.041
0.133,0.043
0.136,0.043
0.137,0.045
0.136,0.047
0.138,0.044
0.137,0.045
0.136,0.044
0.137,0.043
0.137,0.042
0.134,0.041
0.136,0.040
0.136,0.040
0.135,0.041
0.135,0.040
0.134,0.043
0.134,0.043
0.133,0.042
0.132,0.043
0.132,0.042
0.131,0.043
0.130,0.042
0.130,0.042
0.130,0.043
0.129,0.043
0.129,0.043
0.130,0.043
0.128,0.042
0.129,0.042
0.128,0.043
0.127,0.041
0.127,0.041
0.126,0.039
0.125,0.037
0.125,0.037
0.125,0.036
0.124,0.036
0.123,0.037
0.122,0.038
0.121,0.039
0.120,0.042
0.120,0.043
0.119,0.044
0.119,0.047
0.118,0.047
0.117,0.047
0.116,0.048
0.116,0.047
0.116,0.046
0.115,0.047
0.114,0.046
0.114,0.047
0.113,0.048
0.113,0.046
0.113,0.047
0.113,0.048
0.113,0.048
0.113,0.049
0.112,0.051
0.113,0.051
0.112,0.051
0.112,0.052
0.113,0.051
0.112,0.052
0.111,0.053
0.111,0.053
0.111,0.054
0.112,0.055
0.112,0.055
0.110,0.055
0.111,0.055
0.111,0.055
0.109,0.055
0.110,0.054
0.111,0.053
0.109,0.053
0.111,0.052
0.111,0.052
0.109,0.053
0.109,0.053
0.111,0.054
0.109,0.056
0.110,0.056
0.111,0.056
0.108,0.058
0.110,0.057
0.111,0.058
0.109,0.058
0.111,0.057
0.112,0.057
0.110,0.057
0.111,0.056
0.112,0.056
0.110,0.057
0.111,0.056
0.113,0.056
0.110,0.058
0.111,0.057
0.112,0.059
0.112,0.058
0.113,0.056
0.113,0.055
0.112,0.055
0.114,0.053
0.113,0.052
0.113,0.054
0.114,0.054
0.115,0.055
0.114,0.057
0.116,0.058
0.116,0.061
0.114,0.063
0.116,0.062
0.115,0.063
0.115,0.064
0.117,0.063
0.117,0.062
0.116,0.061
0.118,0.060
0.117,0.060
0.115,0.061
0.116,0.059
0.115,0.060
0.114,0.062
0.115,0.062
0.114,0.064
0.113,0.065
0.113,0.066
0.113,0.067
0.111,0.067
0.113,0.065
0.112,0.065
0.111,0.065
0.112,0.064
0.111,0.064
0.111,0.064
0.111,0.064
0.111,0.065
0.110,0.065
0.111,0.064
0.109,0.064
0.109,0.065
0.111,0.065
0.110,0.067
0.109,0.067
0.110,0.069
0.108,0.071
0.108,0.071
0.108,0.072
0.105,0.072
0.106,0.073
0.106,0.072
0.103,0.071
0.104,0.069
0.104,0.067
0.101,0.067
0.102,0.065
0.101,0.066
0.099,0.066
0.100,0.067
0.099,0.068
0.097,0.069
0.100,0.070
0.100,0.071
0.098,0.071
0.099,0.070
0.099,0.070
0.097,0.068
0.097,0.067
0.096,0.066
0.094,0.065
0.095,0.065
0.095,0.065
0.093,0.065
0.094,0.064
0.093,0.065
0.092,0.066
0.092,0.067
0.092,0.068
0.090,0.067
0.091,0.068
0.090,0.068
0.089,0.067
0.089,0.067
0.088,0.066
0.088,0.066
0.088,0.067
0.087,0.067
0.086,0.067
0.086,0.070
0.086,0.069
0.085,0.069
0.086,0.069
0.084,0.067
0.086,0.067
0.085,0.066
0.085,0.065
0.084,0.066
0.084,0.066
0.084,0.066
0.081,0.067
0.082,0.067
0.082,0.066
0.080,0.068
0.081,0.068
0.081,0.069
0.079,0.071
0.079,0.071
0.080,0.071
0.078,0.072
0.079,0.071
0.080,0.071
0.078,0.073
0.080,0.072
0.079,0.072
0.078,0.073
0.078,0.071
0.079,0.070
0.076,0.070
0.078,0.069
0.076,0.069
0.074,0.071
0.076,0.071
0.074,0.073
0.073,0.074
0.075,0.074
0.074,0.073
0.074,0.073
0.075,0.071
0.075,0.071
0.073,0.071
0.075,0.070
0.073,0.072
0.073,0.071
0.075,0.070
0.074,0.071
0.073,0.070
0.075,0.071
0.073,0.071
0.072,0.072
0.075,0.072
0.073,0.072
0.073,0.072
0.075,0.070
0.072,0.071
0.072,0.070
0.073,0.071
0.071,0.073
0.071,0.074
0.074,0.075
0.072,0.076
0.072,0.076
0.074,0.075
0.073,0.075
0.074,0.074
0.074,0.073
0.072,0.072
0.072,0.070
0.073,0.069
0.071,0.069
0.072,0.069
0.074,0.070
0.072,0.071
0.073,0.070
0.074,0.071
0.072,0.071
0.072,0.070
0.073,0.071
0.071,0.071
0.073,0.070
0.072,0.070
0.071,0.070
0.074,0.069
0.072,0.069
0.071,0.069
0.073,0.068
0.073,0.068
0.071,0.068
0.073,0.068
0.073,0.069
0.071,0.069
0.074,0.070
0.073,0.071
0.071,0.071
0.071,0.071
0.070,0.070
0.069,0.069
0.069,0.068
0.068,0.067
0.067,0.065
0.068,0.066
0.066,0.067
0.066,0.068
0.068,0.071
0.066,0.072
0.065,0.071
0.066,0.072
0.065,0.072
0.065,0.070
0.066,0.071
0.064,0.071
0.064,0.072
0.065,0.073
0.063,0.074
0.064,0.075
0.064,0.076
0.063,0.077
0.062,0.076
0.063,0.078
0.062,0.078
0.063,0.076
0.064,0.077
0.063,0.075
0.063,0.074
0.064,0.075
0.064,0.075
0.063,0.075
0.063,0.077
0.061,0.077
0.062,0.077
0.062,0.079
0.061,0.078
0.061,0.077
0.061,0.077
0.060,0.076
0.059,0.074
0.060,0.074
0.060,0.073
0.060,0.073
0.060,0.073
0.059,0.072
0.059,0.074
0.060,0.073
0.060,0.071
0.059,0.071
0.060,0.071
0.061,0.071
0.061,0.071
0.062,0.070
0.061,0.071
0.060,0.072
0.061,0.072
0.059,0.073
0.058,0.073
0.060,0.073
0.057,0.073
0.057,0.071
0.058,0.071
0.056,0.071
0.056,0.069
0.057,0.068
0.055,0.067
0.054,0.066
0.056,0.067
0.054,0.067
0.054,0.066
0.055,0.068
0.053,0.069
0.053,0.069
0.054,0.070
0.053,0.069
0.054,0.069
0.054,0.069
0.051,0.069
0.052,0.067
0.051,0.067
0.049,0.065
0.050,0.064
0.049,0.064
0.049,0.063
0.049,0.063
0.049,0.065
0.048,0.064
0.049,0.065
0.048,0.067
0.047,0.066
0.047,0.065
0.046,0.066
0.045,0.064
0.045,0.066
0.045,0.067
0.043,0.067
0.045,0.069
0.045,0.070
0.045,0.068
0.046,0.069
0.046,0.070
0.046,0.069
0.046,0.069
0.046,0.069
0.046,0.068
0.047,0.068
0.047,0.068
0.047,0.068
0.047,0.068
0.047,0.069
0.048,0.068
0.048,0.069
0.048,0.069
0.048,0.068
0.049,0.069
0.048,0.069
0.049,0.069
0.050,0.069
0.049,0.069
0.050,0.069
0.050,0.070
0.049,0.069
0.050,0.067
0.049,0.069
0.048,0.070
0.048,0.069
0.046,0.072
0.046,0.071
0.048,0.070
0.046,0.070
0.047,0.067
0.049,0.066
0.047,0.067
0.048,0.064
0.048,0.065
0.048,0.067
0.049,0.065
0.049,0.066
0.046,0.066
0.047,0.063
0.047,0.062
0.044,0.063
0.047,0.060
0.047,0.060
0.044,0.061
0.046,0.060
0.046,0.062
0.043,0.063
0.043,0.063
0.043,0.064
0.040,0.064
0.043,0.064
0.042,0.064
0.040,0.064
0.042,0.063
0.041,0.062
0.041,0.061
0.042,0.061
0.041,0.061
0.040,0.062
0.041,0.063
0.040,0.065
0.038,0.067
0.039,0.068
0.038,0.068
0.037,0.068
0.038,0.068
0.038,0.067
0.037,0.066
0.038,0.066
0.038,0.065
0.038,0.065
0.039,0.063
0.038,0.063
0.039,0.064
0.040,0.063
0.039,0.063
0.038,0.062
0.039,0.062
0.038,0.062
0.036,0.062
0.037,0.062
0.036,0.062
0.036,0.064
0.036,0.063
0.036,0.063
0.035,0.064
0.036,0.062
0.034,0.062
0.034,0.062
0.035,0.060
0.034,0.059
0.034,0.060
0.034,0.058
0.033,0.058
0.032,0.059
0.032,0.059
0.031,0.059
0.030,0.060
0.030,0.061
0.028,0.060
0.028,0.060
0.028,0.061
0.025,0.061
0.025,0.060
0.026,0.060
0.024,0.058
0.023,0.057
0.023,0.056
0.023,0.055
0.023,0.055
0.023,0.052
0.019,0.053
0.019,0.053
0.020,0.053
0.017,0.052
0.018,0.052
0.018,0.053
0.016,0.052
0.015,0.054
0.015,0.054
0.015,0.056
0.015,0.056
0.014,0.054
0.012,0.056
0.012,0.057
0.010,0.056
0.008,0.054
0.007,0.053
0.007,0.051
0.005,0.052
0.004,0.053
0.004,0.051
0.003,0.053
0.004,0.052
0.004,0.052
0.002,0.051
0.001,0.053
0.002,0.053
-0.000,0.052
0.001,0.052
0.002,0.052
-0.002,0.054
-0.001,0.054
-0.002,0.054
-0.004,0.056
-0.003,0.055
-0.003,0.055
-0.007,0.055
-0.007,0.054
-0.007,0.053
-0.012,0.053
-0.008,0.050
-0.009,0.051
-0.012,0.050
-0.011,0.050
-0.012,0.051
-0.014,0.051
-0.013,0.050
-0.013,0.052
-0.015,0.053
-0.012,0.053
-0.015,0.054
-0.017,0.052
-0.014,0.051
-0.016,0.052
-0.018,0.051
-0.017,0.051
-0.019,0.052
-0.020,0.052
-0.017,0.051
-0.019,0.052
-0.019,0.050
-0.016,0.051
-0.020,0.052
-0.019,0.049
-0.016,0.049
-0.018,0.049
-0.017,0.048
-0.014,0.049
-0.017,0.050
-0.016,0.050
-0.013,0.051
-0.016,0.051
-0.014,0.050
-0.014,0.051
-0.016,0.052
-0.016,0.050
-0.013,0.051
-0.016,0.050
-0.015,0.050
-0.013,0.052
-0.015,0.053
-0.015,0.052
-0.013,0.052
-0.013,0.051
-0.011,0.052
-0.011,0.053
-0.013,0.052
-0.012,0.054
-0.010,0.055
-0.013,0.052
-0.012,0.053
-0.011,0.054
-0.012,0.053
-0.012,0.054
-0.012,0.053
-0.012,0.052
-0.011,0.053
-0.010,0.052
-0.010,0.049
-0.009,0.051
-0.009,0.049
-0.009,0.047
-0.008,0.049
-0.008,0.050
-0.009,0.052
-0.010,0.055
-0.009,0.056
-0.009,0.056
-0.008,0.058
-0.007,0.057
-0.007,0.056
-0.008,0.056
-0.007,0.054
-0.007,0.053
-0.007,0.051
-0.005,0.049
-0.007,0.048
-0.007,0.048
-0.006,0.047
-0.008,0.047
-0.008,0.047
-0.007,0.047
-0.008,0.047
-0.009,0.046
-0.010,0.045
-0.011,0.045
-0.010,0.044
-0.010,0.044
-0.011,0.044
-0.011,0.044
-0.011,0.044
-0.011,0.045
-0.010,0.044
-0.012,0.043
-0.011,0.041
-0.010,0.043
-0.012,0.042
-0.014,0.040
-0.012,0.041
-0.013,0.042
-0.013,0.041
-0.013,0.042
-0.015,0.043
-0.015,0.041
-0.016,0.041
-0.017,0.040
-0.018,0.039
-0.017,0.040
-0.017,0.040
-0.018,0.039
-0.016,0.040
-0.017,0.041
-0.018,0.040
-0.017,0.042
-0.019,0.042
-0.020,0.042
-0.018,0.044
-0.019,0.043
-0.021,0.043
-0.020,0.043
-0.021,0.043
-0.023,0.043
-0.022,0.042
-0.023,0.043
-0.024,0.044
-0.023,0.044
-0.025,0.044
-0.026,0.045
-0.024,0.045
-0.025,0.044
-0.026,0.043
-0.024,0.042
-0.026,0.042
-0.027,0.040
-0.026,0.040
-0.028,0.040
-0.029,0.038
-0.029,0.038
-0.031,0.039
-0.031,0.037
-0.029,0.039
-0.031,0.041
-0.030,0.041
-0.029,0.043
-0.029,0.044
-0.029,0.042
-0.028,0.042
-0.030,0.041
-0.029,0.038
-0.029,0.037
-0.030,0.036
-0.029,0.035
-0.030,0.036
-0.030,0.036
-0.029,0.034
-0.029,0.036
-0.028,0.036
-0.026,0.036
-0.027,0.037
-0.027,0.036
-0.026,0.036
-0.028,0.036
-0.028,0.035
-0.028,0.035
-0.029,0.036
-0.029,0.036
-0.028,0.037
-0.028,0.038
-0.029,0.037
-0.028,0.037
-0.030,0.038
-0.029,0.035
-0.029,0.033
-0.029,0.033
-0.029,0.031
-0.028,0.030
-0.027,0.029
-0.028,0.027
-0.027,0.029
-0.027,0.030
-0.026,0.030
-0.025,0.031
-0.026,0.032
-0.025,0.032
-0.025,0.033
-0.026,0.033
-0.026,0.032
-0.025,0.033
-0.025,0.033
-0.025,0.032
-0.025,0.033
-0.026,0.034
-0.025,0.032
-0.025,0.034
-0.024,0.034
-0.024,0.034
-0.025,0.035
-0.025,0.036
-0.026,0.037
-0.025,0.039
-0.025,0.038
-0.024,0.038
-0.024,0.039
-0.024,0.040
-0.022,0.039
-0.023,0.041
-0.023,0.041
-0.022,0.042
-0.024,0.042
-0.024,0.041
-0.024,0.041
-0.024,0.040
-0.024,0.039
-0.023,0.038
-0.023,0.038
-0.022,0.037
-0.022,0.036
-0.021,0.035
-0.021,0.034
-0.020,0.034
-0.020,0.034
-0.019,0.035
-0.018,0.035
-0.019,0.036
-0.019,0.035
-0.019,0.035
-0.019,0.036
-0.018,0.036
-0.018,0.037
-0.019,0.037
-0.018,0.037
-0.017,0.036
-0.018,0.037
-0.017,0.036
-0.018,0.035
-0.019,0.036
-0.018,0.034
-0.019,0.034
-0.021,0.034
-0.020,0.033
-0.020,0.033
-0.023,0.033
-0.021,0.034
-0.022,0.035
-0.024,0.036
-0.023,0.035
-0.023,0.037
-0.024,0.038
-0.024,0.036
-0.024,0.036
-0.025,0.035
-0.024,0.032
-0.025,0.030
-0.025,0.030
-0.024,0.028
-0.025,0.027
-0.025,0.025
-0.026,0.025
-0.026,0.025
-0.027,0.024
-0.028,0.025
-0.028,0.026
-0.029,0.026
-0.030,0.027
-0.031,0.026
-0.031,0.027
-0.032,0.026
-0.032,0.025
-0.033,0.026
-0.035,0.027
-0.035,0.026
-0.035,0.028
-0.037,0.027
-0.037,0.027
-0.038,0.029
-0.039,0.027
-0.040,0.026
-0.041,0.026
-0.042,0.025
-0.042,0.024
-0.043,0.024
-0.042,0.024
-0.042,0.023
-0.043,0.024
-0.042,0.022
-0.042,0.022
-0.043,0.022
-0.042,0.019
-0.042,0.020
-0.042,0.021
-0.042,0.020
-0.043,0.020
-0.045,0.022
-0.045,0.020
-0.046,0.020
-0.047,0.020
-0.047,0.019
-0.046,0.018
-0.048,0.017
-0.047,0.015
-0.048,0.016
-0.048,0.016
-0.046,0.016
-0.048,0.017
-0.047,0.017
-0.046,0.016
-0.048,0.018
-0.046,0.018
-0.045,0.018
-0.047,0.018
-0.045,0.017
-0.044,0.017
-0.046,0.018
-0.045,0.018
-0.043,0.019
-0.045,0.020
-0.043,0.019
-0.042,0.020
-0.043,0.021
-0.042,0.022
-0.040,0.023
-0.042,0.022
-0.039,0.022
-0.039,0.022
-0.040,0.022
-0.038,0.021
-0.038,0.022
-0.039,0.023
-0.036,0.024
-0.036,0.025
-0.036,0.025
-0.033,0.026
-0.033,0.026
-0.033,0.026
-0.030,0.026
-0.029,0.026
-0.029,0.025
-0.028,0.025
-0.028,0.025
-0.029,0.024
-0.027,0.024
-0.027,0.023
-0.028,0.021
-0.025,0.020
-0.024,0.019
-0.024,0.020
-0.021,0.020
-0.020,0.021
-0.021,0.021
-0.018,0.019
-0.019,0.019
-0.019,0.017
-0.017,0.016
-0.018,0.015
-0.018,0.016
-0.016,0.016
-0.017,0.015
-0.017,0.015
-0.016,0.015
-0.016,0.015
-0.016,0.014
-0.015,0.014
-0.017,0.013
-0.018,0.012
-0.016,0.012
-0.019,0.011
-0.017,0.012
-0.016,0.012
-0.017,0.012
-0.016,0.012
-0.014,0.014
-0.016,0.014
-0.016,0.013
-0.016,0.014
-0.017,0.014
-0.017,0.013
-0.016,0.013
-0.018,0.012
-0.017,0.012
-0.017,0.011
-0.018,0.011
-0.018,0.012
-0.017,0.011
-0.018,0.009
-0.018,0.010
-0.016,0.008
-0.018,0.008
-0.018,0.008
-0.017,0.008
-0.018,0.008
-0.020,0.008
-0.019,0.007
-0.020,0.007
-0.020,0.008
-0.019,0.007
-0.020,0.007
-0.021,0.008
-0.019,0.007
-0.021,0.008
-0.021,0.008
-0.021,0.008
-0.023,0.009
-0.024,0.008
-0.024,0.007
-0.027,0.006
-0.028,0.005
-0.027,0.002
-0.029,0.002
-0.029,-0.000
-0.027,-0.000
-0.029,0.000
-0.029,-0.001
-0.029,-0.001
-0.031,0.000
-0.031,-0.001
-0.031,-0.003
-0.035,-0.001
-0.034,-0.002
-0.033,-0.002
-0.036,-0.001
-0.035,-0.001
-0.034,0.001
-0.037,0.002
-0.036,0.002
-0.037,0.003
-0.039,0.004
-0.037,0.004
-0.038,0.004
-0.040,0.003
-0.038,0.002
-0.037,0.002
-0.039,0.002
-0.036,0.003
-0.037,0.004
-0.039,0.005
-0.036,0.005
-0.038,0.005
-0.037,0.004
-0.034,0.004
-0.036,0.004
-0.036,0.002
-0.034,0.002
-0.035,0.001
-0.037,-0.001
-0.034,-0.001
-0.036,-0.001
-0.036,-0.002
-0.034,-0.001
-0.035,0.001
-0.034,-0.001
-0.032,0.000
-0.034,0.001
-0.033,0.001
-0.030,0.003
-0.031,0.003
-0.031,0.002
-0.028,0.004
-0.030,0.005
-0.029,0.004
-0.027,0.004
-0.029,0.005
-0.027,0.002
-0.025,0.002
-0.027,0.001
-0.025,-0.001
-0.022,-0.000
-0.025,-0.001
-0.023,-0.002
-0.021,0.000
-0.023,0.001
-0.022,0.002
-0.021,0.003
-0.023,0.003
-0.022,0.003
-0.021,0.004
-0.022,0.003
-0.021,0.002
-0.020,0.003
-0.022,0.003
-0.021,0.002
-0.020,0.004
-0.021,0.004
-0.020,0.005
-0.019,0.005
-0.020,0.005
-0.019,0.006
-0.018,0.006
-0.018,0.006
-0.018,0.005
-0.016,0.004
-0.016,0.002
-0.017,0.001
-0.016,-0.001
-0.016,-0.003
-0.015,-0.002
-0.013,-0.003
-0.013,-0.003
-0.012,-0.002
-0.011,-0.002
-0.011,-0.002
-0.011,0.000
-0.009,0.000
-0.009,0.001
-0.008,0.003
-0.007,0.002
-0.007,0.003
-0.007,0.004
-0.006,0.003
-0.007,0.002
-0.007,0.001
-0.006,-0.001
-0.006,-0.003
-0.006,-0.003
-0.005,-0.005
-0.004,-0.003
-0.004,-0.002
-0.003,-0.003
-0.003,-0.001
-0.002,-0.001
-0.002,-0.001
-0.003,0.000
-0.002,0.001
-0.001,0.001
-0.002,0.002
-0.002,0.002
-0.002,0.001
-0.002,0.002
-0.002,0.002
-0.001,0.001
-0.002,0.001
-0.002,0.001
-0.001,0.001
-0.003,0.000
-0.000,0.001
0.000,-0.000
0.000,0.000
0.002,0.000
0.002,0.000
0.001,-0.000
0.001,-0.001
0.002,-0.002
0.001,-0.004
0.002,-0.004
0.001,-0.005
0.001,-0.005
0.003,-0.005
0.002,-0.004
0.002,-0.005
0.004,-0.005
0.002,-0.004
0.003,-0.004
0.005,-0.002
0.004,-0.002
0.003,-0.001
0.006,-0.000
0.004,0.000
0.003,-0.000
0.004,0.001
0.003,0.001
0.003,-0.000
0.005,-0.001
0.004,-0.001
0.004,-0.001
0.006,-0.003
0.005,-0.003
0.005,-0.003
0.008,-0.004
0.007,-0.005
0.007,-0.006
0.009,-0.005
0.009,-0.005
0.008,-0.004
0.011,-0.003
0.009,-0.003
0.010,-0.003
0.011,-0.005
0.010,-0.004
0.010,-0.006
0.012,-0.006
0.011,-0.006
0.011,-0.006
0.014,-0.006
0.012,-0.005
0.013,-0.005
0.016,-0.006
0.014,-0.005
0.015,-0.008
0.017,-0.007
0.015,-0.006
0.015,-0.006
0.017,-0.003
0.014,-0.003
0.014,-0.003
0.015,-0.001
0.014,0.001
0.015,0.001
0.016,0.002
0.015,0.002
0.016,-0.000
0.017,-0.001
0.016,-0.002
0.018,-0.002
0.019,-0.001
0.017,-0.002
0.020,-0.001
0.019,-0.001
0.019,-0.003
0.020,-0.003
0.020,-0.002
0.020,-0.003
0.021,-0.003
0.021,-0.002
0.020,-0.002
0.022,-0.001
0.021,-0.001
0.021,-0.003
0.023,-0.003
0.022,-0.003
0.023,-0.007
0.024,-0.005
0.023,-0.005
0.023,-0.006
0.023,-0.003
0.022,-0.003
0.022,-0.004
0.023,-0.004
0.023,-0.004
0.023,-0.005
0.023,-0.005
0.024,-0.005
0.024,-0.005
0.024,-0.004
0.025,-0.005
0.025,-0.005
0.025,-0.005
0.025,-0.007
0.027,-0.008
0.026,-0.008
0.027,-0.009
0.027,-0.010
0.027,-0.008
0.028,-0.009
0.027,-0.007
0.028,-0.004
0.029,-0.004
0.030,-0.005
0.030,-0.006
0.030,-0.006
0.030,-0.008
0.031,-0.007
0.031,-0.007
0.032,-0.008
0.033,-0.007
0.033,-0.008
0.034,-0.009
0.035,-0.007
0.036,-0.009
0.036,-0.010
0.036,-0.009
0.036,-0.010
0.036,-0.011
0.037,-0.011
0.038,-0.013
0.039,-0.013
0.038,-0.012
0.039,-0.013
0.041,-0.012
0.039,-0.012
0.042,-0.013
0.042,-0.012
0.041,-0.011
0.043,-0.013
0.043,-0.013
0.042,-0.014
0.044,-0.015
0.044,-0.015
0.043,-0.014
0.045,-0.014
0.044,-0.013
0.044,-0.011
0.044,-0.012
0.042,-0.013
0.042,-0.013
0.043,-0.014
0.043,-0.015
0.042,-0.016
0.042,-0.016
0.042,-0.016
0.043,-0.017
0.042,-0.016
0.041,-0.016
0.042,-0.016
0.042,-0.015
0.041,-0.016
0.041,-0.016
0.041,-0.016
0.041,-0.017
0.041,-0.016
0.041,-0.015
0.041,-0.015
0.042,-0.013
0.042,-0.012
0.043,-0.012
0.044,-0.011
0.044,-0.009
0.045,-0.010
0.045,-0.009
0.045,-0.008
0.046,-0.010
0.046,-0.008
0.046,-0.009
0.045,-0.009
0.045,-0.007
0.046,-0.008
0.047,-0.008
0.046,-0.007
0.047,-0.009
0.048,-0.010
0.047,-0.009
0.048,-0.011
0.048,-0.012
0.047,-0.010
0.048,-0.010
0.048,-0.010
0.048,-0.009
0.049,-0.010
0.048,-0.009
0.048,-0.010
0.050,-0.013
0.048,-0.012
0.049,-0.013
0.051,-0.014
0.049,-0.013
0.051,-0.013
0.053,-0.012
0.051,-0.010
0.052,-0.009
0.053,-0.009
0.051,-0.008
0.052,-0.009
0.053,-0.009
0.053,-0.008
0.053,-0.007
0.055,-0.008
0.054,-0.007
0.055,-0.008
0.056,-0.009
0.055,-0.009
0.056,-0.010
0.058,-0.011
0.056,-0.011
0.058,-0.011
0.058,-0.010
0.055,-0.009
0.057,-0.009
0.058,-0.007
0.057,-0.007
0.058,-0.007
0.060,-0.008
0.058,-0.007
0.061,-0.009
0.061,-0.009
0.060,-0.009
0.061,-0.010
0.062,-0.009
0.059,-0.009
0.062,-0.010
0.061,-0.010
0.059,-0.010
0.063,-0.011
0.062,-0.011
0.061,-0.010
0.064,-0.010
0.063,-0.008
0.063,-0.008
0.065,-0.006
0.063,-0.005
0.064,-0.007
0.067,-0.008
0.064,-0.009
0.065,-0.011
0.068,-0.012
0.064,-0.011
0.067,-0.014
0.067,-0.013
0.064,-0.014
0.066,-0.015
0.068,-0.013
0.066,-0.013
0.068,-0.013
0.070,-0.010
0.069,-0.009
0.070,-0.010
0.071,-0.009
0.069,-0.009
0.071,-0.009
0.070,-0.009
0.070,-0.011
0.070,-0.012
0.073,-0.013
0.074,-0.014
0.075,-0.014
0.075,-0.013
0.076,-0.014
0.077,-0.013
0.077,-0.013
0.078,-0.014
0.078,-0.013
0.081,-0.013
0.081,-0.015
0.082,-0.014
0.084,-0.014
0.085,-0.013
0.086,-0.011
0.085,-0.010
0.087,-0.009
0.087,-0.008
0.090,-0.009
0.091,-0.008
0.091,-0.006
0.093,-0.006
0.093,-0.004
0.095,-0.003
0.096,-0.005
0.097,-0.004
0.098,-0.004
0.100,-0.004
0.098,-0.003
0.099,-0.003
0.101,-0.003
0.101,-0.001
0.101,-0.001
0.102,-0.002
0.101,0.000
0.102,0.000
0.103,-0.001
0.103,-0.002
0.102,-0.003
0.106,-0.003
0.103,-0.003
0.105,-0.004
0.107,-0.006
0.106,-0.004
0.106,-0.003
0.108,-0.002
0.104,-0.001
0.105,0.000
0.107,0.002
0.106,0.000
0.107,-0.001
0.106,-0.001
0.105,-0.001
0.106,-0.002
0.105,-0.002
0.103,-0.001
0.106,-0.001
0.105,-0.000
0.104,-0.001
0.105,-0.001
0.104,0.000
0.104,-0.001
0.106,-0.000
0.104,0.001
0.105,-0.000
0.106,0.001
0.106,0.002
0.104,-0.000
0.105,0.000
0.105,0.001
0.104,-0.002
0.106,-0.002
0.103,-0.003
0.104,-0.004
0.106,-0.003
0.104,-0.001
0.103,-0.003
0.103,-0.001
0.103,-0.001
0.102,-0.003
0.104,-0.003
0.101,-0.003
0.101,-0.003
0.101,-0.003
0.101,-0.003
0.100,-0.004
0.101,-0.003
0.100,-0.003
0.100,-0.004
0.099,-0.005
0.098,-0.004
0.099,-0.003
0.100,-0.003
0.098,-0.002
0.098,-0.002
0.099,0.001
0.098,-0.001
0.097,-0.002
0.097,-0.000
0.097,0.000
0.097,0.001
0.098,0.003
0.096,0.003
0.097,0.004
0.100,0.004
0.099,0.005
0.099,0.005
0.099,0.006
0.098,0.005
0.098,0.004
0.098,0.004
0.096,0.004
0.098,0.006
0.097,0.007
0.096,0.007
0.096,0.006
0.097,0.008
0.098,0.007
0.098,0.007
0.098,0.007
0.098,0.007
0.099,0.006
0.099,0.005
0.098,0.005
0.098,0.004
0.099,0.007
0.099,0.008
0.099,0.007
0.101,0.008
0.101,0.008
0.102,0.010
0.102,0.010
0.101,0.010
0.101,0.010
0.102,0.010
0.102,0.009
0.103,0.007
0.104,0.006
0.104,0.006
0.105,0.006
0.106,0.005
0.105,0.004
0.107,0.005
0.107,0.006
0.107,0.007
0.106,0.008
0.108,0.009
0.109,0.008
0.109,0.010
0.110,0.010
0.110,0.008
0.110,0.010
0.110,0.009
0.111,0.009
0.111,0.009
0.112,0.010
0.113,0.009
0.113,0.010
0.114,0.010
0.115,0.010
0.116,0.010
0.115,0.009
0.117,0.009
0.118,0.011
0.118,0.012
0.118,0.013
0.119,0.015
0.119,0.015
0.118,0.015
0.118,0.014
0.118,0.012
0.118,0.011
0.118,0.008
0.118,0.007
0.117,0.006
0.117,0.007
0.118,0.007
0.117,0.009
0.117,0.011
0.117,0.011
0.115,0.013
0.117,0.012
0.116,0.012
0.115,0.012
0.116,0.012
0.116,0.013
0.116,0.012
0.117,0.011
0.117,0.011
0.116,0.010
0.117,0.010
0.117,0.010
0.116,0.010
0.115,0.011
0.115,0.013
0.114,0.013
0.115,0.014
0.114,0.016
0.114,0.016
0.115,0.017
0.114,0.016
0.114,0.016
0.115,0.017
0.115,0.019
0.115,0.017
0.116,0.017
0.114,0.019
0.115,0.018
0.116,0.018
0.115,0.018
0.115,0.018
0.115,0.018
0.113,0.020
0.114,0.019
0.114,0.020
0.112,0.021
0.112,0.020
0.114,0.021
0.112,0.022
0.113,0.020
0.112,0.021
0.111,0.022
0.111,0.020
0.111,0.019
0.109,0.019
0.110,0.017
0.111,0.018
0.109,0.017
0.111,0.016
0.113,0.019
0.112,0.017
0.114,0.017
0.114,0.019
0.114,0.017
0.114,0.017
0.114,0.019
0.113,0.016
0.113,0.016
0.112,0.017
0.111,0.015
0.112,0.016
0.111,0.017
0.111,0.017
0.112,0.018
0.110,0.020
0.111,0.017
0.112,0.018
0.111,0.019
0.112,0.016
0.112,0.018
0.112,0.019
0.112,0.019
0.112,0.021
0.110,0.023
0.110,0.023
0.110,0.023
0.108,0.023
0.109,0.023
0.108,0.024
0.108,0.023
0.108,0.024
0.108,0.026
0.107,0.026
0.107,0.027
0.106,0.027
0.107,0.027
0.107,0.026
0.107,0.027
0.107,0.026
0.107,0.027
0.108,0.027
0.108,0.027
0.109,0.028
0.108,0.029
0.108,0.028
0.109,0.029
0.110,0.032
0.111,0.032
0.111,0.033
0.111,0.035
0.112,0.035
0.113,0.036
0.113,0.037
0.114,0.037
0.114,0.036
0.115,0.035
0.116,0.034
0.115,0.032
0.116,0.032
0.117,0.032
0.116,0.034
0.117,0.035
0.117,0.037
0.118,0.040
0.118,0.041
0.119,0.042
0.120,0.042
0.123,0.042
0.124,0.041
0.124,0.040
0.126,0.039
0.127,0.038
0.128,0.037
0.128,0.038
0.130,0.039
0.131,0.039
0.131,0.041
0.131,0.042
0.131,0.044
0.131,0.044
0.131,0.044
0.132,0.045
0.132,0.045
0.133,0.043
0.134,0.043
0.133,0.043
0.135,0.041
0.135,0.041
0.135,0.040
0.136,0.039
0.136,0.039
0.137,0.040
0.137,0.041
0.137,0.041
0.137,0.043
0.137,0.043
0.137,0.041
0.138,0.042
0.138,0.040
0.138,0.039
0.139,0.039
0.138,0.040
0.138,0.040
0.138,0.041
0.138,0.041
0.137,0.041
0.138,0.042
0.138,0.041
0.138,0.039
0.138,0.041
0.138,0.041
0.138,0.040
0.137,0.041
0.137,0.041
0.137,0.040
0.136,0.041
0.135,0.038
0.136,0.037
0.135,0.038
0.135,0.036
0.136,0.038
0.134,0.042
0.135,0.043
0.134,0.044
0.132,0.046
0.133,0.044
0.131,0.043
0.129,0.044
0.129,0.041
0.129,0.041
0.128,0.040
0.129,0.038
0.127,0.039
0.126,0.039
0.127,0.039
0.124,0.041
0.123,0.040
0.122,0.040
0.120,0.041
0.120,0.040
0.120,0.041
0.117,0.041
0.117,0.041
0.118,0.040
0.114,0.040
0.115,0.040
0.115,0.040
0.112,0.042
0.113,0.042
0.113,0.044
0.112,0.045
0.112,0.046
0.113,0.046
0.110,0.046
0.110,0.045
0.110,0.045
0.107,0.045
0.109,0.046
0.108,0.047
0.106,0.048
0.108,0.049
0.107,0.049
0.106,0.050
0.108,0.049
0.108,0.050
0.106,0.050
0.110,0.050
0.109,0.051
0.108,0.050
0.109,0.050
0.108,0.051
0.106,0.051
0.107,0.051
0.106,0.053
0.104,0.054
0.106,0.054
0.105,0.055
0.104,0.056
0.107,0.055
0.105,0.056
0.104,0.057
0.106,0.057
0.106,0.057
0.105,0.057
0.108,0.057
0.108,0.056
0.107,0.056
0.109,0.055
0.109,0.055
0.109,0.054
0.110,0.054
0.109,0.054
0.108,0.054
0.110,0.055
0.108,0.056
0.108,0.056
0.110,0.058
0.108,0.058
0.109,0.059
0.110,0.061
0.109,0.062
0.109,0.061
0.112,0.062
0.110,0.062
0.110,0.062
0.112,0.063
0.111,0.061
0.113,0.061
0.115,0.061
0.115,0.061
0.116,0.062
0.117,0.063
0.117,0.063
0.117,0.063
0.118,0.062
0.116,0.061
0.116,0.060
0.117,0.062
0.114,0.062
0.115,0.064
0.116,0.064
0.114,0.064
0.114,0.064
0.115,0.062
0.114,0.062
0.115,0.062
0.115,0.059
0.114,0.059
0.115,0.058
0.115,0.057
0.114,0.058
0.113,0.059
0.113,0.059
0.112,0.059
0.112,0.060
0.113,0.059
0.111,0.058
0.111,0.059
0.112,0.058
0.111,0.059
0.111,0.059
0.112,0.059
0.110,0.059
0.111,0.059
0.111,0.060
0.109,0.061
0.109,0.062
0.110,0.063
0.108,0.065
0.109,0.064
0.109,0.065
0.107,0.066
0.107,0.066
0.109,0.067
0.105,0.066
0.106,0.066
0.106,0.066
0.102,0.068
0.103,0.068
0.102,0.068
0.101,0.068
0.101,0.066
0.101,0.067
0.099,0.067
0.101,0.066
0.099,0.067
0.098,0.065
0.100,0.066
0.097,0.066
0.096,0.065
0.099,0.066
0.096,0.067
0.095,0.065
0.096,0.066
0.093,0.068
0.092,0.067
0.095,0.068
0.092,0.069
0.092,0.069
0.094,0.069
0.091,0.070
0.091,0.068
0.093,0.069
0.090,0.068
0.089,0.067
0.091,0.069
0.090,0.070
0.090,0.070
0.090,0.071
0.088,0.072
0.089,0.072
0.089,0.072
0.088,0.071
0.088,0.070
0.089,0.071
0.088,0.069
0.087,0.068
0.088,0.069
0.086,0.069
0.087,0.068
0.087,0.069
0.085,0.068
0.086,0.068
0.085,0.070
0.083,0.070
0.083,0.070
0.082,0.071
0.081,0.070
0.081,0.070
0.081,0.071
0.080,0.071
0.080,0.071
0.081,0.073
0.080,0.073
0.080,0.074
0.081,0.075
0.079,0.074
0.080,0.075
0.080,0.073
0.078,0.073
0.079,0.072
0.080,0.072
0.079,0.071
0.080,0.071
0.081,0.071
0.079,0.071
0.078,0.072
0.079,0.074
0.076,0.075
0.078,0.077
0.077,0.077
0.076,0.077
0.076,0.077
0.077,0.077
0.076,0.077
0.077,0.077
0.078,0.077
0.076,0.078
0.077,0.077
0.077,0.076
0.077,0.076
0.076,0.076
0.077,0.076
0.076,0.076
0.076,0.077
0.077,0.077
0.076,0.077
0.076,0.077
0.075,0.076
0.076,0.074
0.076,0.074
0.076,0.075
0.076,0.076
0.076,0.078
0.076,0.078
0.075,0.079
0.076,0.079
0.075,0.078
0.075,0.077
0.076,0.078
0.075,0.077
0.074,0.076
0.073,0.075
0.073,0.075
0.072,0.075
0.073,0.073
0.074,0.072
0.073,0.072
0.075,0.071
0.074,0.072
0.073,0.072
0.073,0.072
0.073,0.073
0.071,0.073
0.072,0.073
0.071,0.072
0.069,0.072
0.070,0.071
0.069,0.071
0.068,0.071
0.069,0.071
0.070,0.072
0.068,0.073
0.070,0.074
0.069,0.075
0.068,0.074
0.070,0.073
0.068,0.072
0.067,0.072
0.068,0.071
0.067,0.072
0.067,0.071
0.067,0.073
0.067,0.073
0.066,0.073
0.066,0.074
0.065,0.074
0.064,0.074
0.065,0.073
0.063,0.074
0.063,0.072
0.065,0.071
0.062,0.071
0.062,0.071
0.064,0.071
0.062,0.070
0.062,0.070
0.063,0.069
0.061,0.069
0.062,0.069
0.062,0.070
0.061,0.071
0.061,0.070
0.062,0.070
0.060,0.072
0.060,0.071
0.061,0.071
0.059,0.071
0.060,0.070
0.060,0.070
0.058,0.071
0.058,0.070
0.059,0.070
0.057,0.071
0.059,0.070
0.060,0.069
0.057,0.069
0.059,0.067
0.059,0.069
0.056,0.070
0.056,0.069
0.056,0.071
0.054,0.071
0.055,0.071
0.055,0.071
0.053,0.071
0.054,0.071
0.056,0.072
0.054,0.071
0.056,0.071
0.056,0.071
0.055,0.071
0.055,0.072
0.055,0.072
0.054,0.071
0.054,0.072
0.053,0.073
0.052,0.072
0.053,0.072
0.050,0.072
0.051,0.071
0.051,0.071
0.051,0.071
0.050,0.069
0.051,0.071
0.050,0.070
0.050,0.069
0.051,0.070
0.049,0.070
0.049,0.069
0.050,0.069
0.049,0.070
0.049,0.068
0.049,0.071
0.047,0.070
0.048,0.069
0.048,0.070
0.047,0.069
0.048,0.068
0.047,0.069
0.046,0.068
0.047,0.067
0.047,0.068
0.044,0.066
0.044,0.065
0.044,0.067
0.043,0.066
0.043,0.066
0.043,0.067
0.043,0.067
0.043,0.067
0.042,0.069
0.043,0.068
0.042,0.069
0.043,0.070
0.042,0.069
0.042,0.070
0.043,0.070
0.044,0.070
0.043,0.071
0.044,0.070
0.043,0.070
0.042,0.071
0.044,0.071
0.043,0.070
0.043,0.071
0.044,0.070
0.044,0.069
0.044,0.070
0.046,0.068
0.046,0.069
0.046,0.070
0.048,0.071
0.046,0.071
0.045,0.071
0.047,0.071
0.044,0.071
0.044,0.070
0.045,0.069
0.043,0.071
0.043,0.070
0.045,0.072
0.044,0.073
0.044,0.074
0.046,0.075
0.045,0.075
0.044,0.075
0.045,0.075
0.043,0.075
0.044,0.075
0.045,0.076
0.043,0.075
0.044,0.075
0.044,0.075
0.043,0.073
0.044,0.072
0.043,0.071
0.041,0.070
0.042,0.069
0.039,0.070
0.038,0.070
0.039,0.069
0.039,0.070
0.038,0.068
0.039,0.069
0.039,0.070
0.038,0.071
0.039,0.070
0.038,0.070
0.036,0.070
0.037,0.069
0.037,0.069
0.036,0.067
0.036,0.067
0.036,0.066
0.035,0.066
0.035,0.065
0.036,0.065
0.035,0.065
0.036,0.064
0.036,0.065
0.036,0.064
0.036,0.063
0.035,0.062
0.036,0.061
0.036,0.061
0.035,0.060
0.035,0.059
0.035,0.061
0.034,0.062
0.035,0.062
0.035,0.064
0.036,0.065
0.036,0.063
0.036,0.064
0.034,0.064
0.035,0.063
0.034,0.065
0.033,0.065
0.034,0.064
0.033,0.065
0.032,0.064
0.033,0.063
0.032,0.065
0.032,0.064
0.033,0.064
0.032,0.065
0.032,0.064
0.032,0.064
0.030,0.065
0.030,0.063
0.031,0.062
0.028,0.062
0.029,0.061
0.029,0.061
0.026,0.062
0.026,0.062
0.028,0.064
0.026,0.066
0.027,0.066
0.027,0.068
0.025,0.071
0.026,0.068
0.026,0.069
0.024,0.069
0.024,0.067
0.023,0.067
0.021,0.067
0.020,0.065
0.020,0.065
0.017,0.063
0.017,0.060
0.016,0.060
0.015,0.059
0.016,0.059
0.015,0.060
0.016,0.060
0.015,0.061
0.013,0.062
0.012,0.062
0.011,0.061
0.009,0.060
0.008,0.061
0.008,0.060
0.006,0.061
0.005,0.061
0.004,0.060
0.005,0.060
0.004,0.059
0.003,0.059
0.002,0.060
0.001,0.061
0.001,0.060
-0.001,0.057
-0.003,0.057
-0.003,0.055
-0.004,0.055
-0.008,0.055
-0.007,0.054
-0.009,0.054
-0.008,0.056
-0.008,0.056
-0.009,0.056
-0.009,0.060
-0.009,0.058
-0.010,0.057
-0.010,0.058
-0.008,0.056
-0.011,0.056
-0.011,0.056
-0.011,0.054
-0.012,0.052
-0.012,0.053
-0.011,0.052
-0.012,0.052
-0.013,0.054
-0.013,0.054
-0.014,0.055
-0.013,0.055
-0.014,0.056
-0.016,0.057
-0.015,0.058
-0.016,0.058
-0.017,0.059
-0.017,0.058
-0.016,0.060
-0.017,0.060
-0.016,0.058
-0.016,0.060
-0.018,0.057
-0.016,0.059
-0.015,0.058
-0.018,0.058
-0.017,0.058
-0.016,0.059
-0.018,0.061
-0.017,0.059
-0.017,0.059
-0.018,0.058
-0.017,0.060
-0.018,0.059
-0.019,0.059
-0.017,0.059
-0.017,0.057
-0.018,0.057
-0.017,0.056
-0.018,0.057
-0.018,0.057
-0.018,0.057
-0.017,0.056
-0.016,0.055
-0.016,0.055
-0.014,0.054
-0.014,0.053
-0.013,0.052
-0.013,0.051
-0.012,0.052
-0.010,0.053
-0.010,0.055
-0.012,0.056
-0.010,0.057
-0.010,0.056
-0.011,0.057
-0.010,0.057
-0.011,0.055
-0.012,0.054
-0.011,0.052
-0.011,0.050
-0.011,0.050
-0.009,0.048
-0.009,0.049
-0.011,0.050
-0.008,0.050
-0.007,0.052
-0.007,0.054
-0.005,0.052
-0.006,0.053
-0.007,0.055
-0.005,0.055
-0.005,0.055
-0.007,0.056
-0.005,0.053
-0.006,0.055
-0.008,0.054
-0.006,0.053
-0.007,0.053
-0.008,0.052
-0.006,0.053
-0.006,0.053
-0.009,0.053
-0.007,0.054
-0.009,0.054
-0.009,0.054
-0.006,0.054
-0.010,0.055
-0.009,0.055
-0.007,0.055
-0.011,0.054
-0.012,0.053
-0.009,0.055
-0.011,0.055
-0.011,0.054
-0.011,0.055
-0.014,0.056
-0.012,0.055
-0.010,0.056
-0.015,0.056
-0.015,0.054
-0.014,0.056
-0.016,0.055
-0.016,0.054
-0.016,0.054
-0.018,0.052
-0.017,0.051
-0.017,0.050
-0.019,0.049
-0.019,0.050
-0.018,0.050
-0.020,0.050
-0.020,0.050
-0.020,0.051
-0.022,0.049
-0.022,0.050
-0.023,0.049
-0.024,0.049
-0.024,0.050
-0.026,0.049
-0.027,0.047
-0.027,0.046
-0.027,0.045
-0.028,0.042
-0.027,0.044
-0.027,0.042
-0.028,0.041
-0.028,0.042
-0.028,0.041
-0.028,0.039
-0.029,0.039
-0.029,0.037
-0.031,0.038
-0.031,0.038
-0.031,0.038
-0.033,0.038
-0.032,0.037
-0.032,0.035
-0.033,0.035
-0.032,0.035
-0.031,0.035
-0.032,0.036
-0.031,0.036
-0.029,0.036
-0.030,0.036
-0.028,0.036
-0.027,0.036
-0.029,0.036
-0.028,0.036
-0.028,0.036
-0.029,0.037
-0.030,0.038
-0.028,0.037
-0.030,0.039
-0.028,0.038
-0.029,0.037
-0.029,0.037
-0.028,0.038
-0.029,0.038
-0.030,0.039
-0.028,0.039
-0.028,0.039
-0.029,0.038
-0.026,0.040
-0.027,0.041
-0.028,0.041
-0.027,0.041
-0.028,0.041
-0.028,0.040
-0.026,0.041
-0.028,0.040
-0.028,0.039
-0.025,0.040
-0.027,0.039
-0.027,0.038
-0.025,0.038
-0.026,0.038
-0.026,0.038
-0.023,0.037
-0.025,0.039
-0.024,0.038
-0.022,0.038
-0.024,0.037
-0.024,0.036
-0.022,0.035
-0.023,0.036
-0.023,0.036
-0.021,0.036
-0.023,0.037
-0.024,0.037
-0.022,0.038
-0.025,0.038
-0.025,0.039
-0.023,0.039
-0.024,0.039
-0.025,0.039
-0.024,0.039
-0.024,0.038
-0.025,0.036
-0.024,0.034
-0.026,0.034
-0.026,0.033
-0.024,0.034
-0.026,0.036
-0.025,0.037
-0.023,0.037
-0.024,0.038
-0.024,0.038
-0.023,0.037
-0.024,0.036
-0.024,0.035
-0.022,0.035
-0.023,0.034
-0.023,0.033
-0.022,0.032
-0.024,0.033
-0.024,0.033
-0.023,0.033
-0.025,0.033
-0.024,0.032
-0.023,0.032
-0.024,0.032
-0.022,0.032
-0.021,0.032
-0.024,0.031
-0.022,0.032
-0.022,0.034
-0.023,0.035
-0.022,0.036
-0.021,0.037
-0.023,0.036
-0.022,0.035
-0.021,0.035
-0.023,0.033
-0.021,0.032
-0.022,0.032
-0.023,0.032
-0.022,0.032
-0.023,0.034
-0.025,0.034
-0.024,0.035
-0.025,0.035
-0.027,0.033
-0.025,0.033
-0.026,0.033
-0.025,0.031
-0.024,0.031
-0.026,0.031
-0.026,0.029
-0.025,0.029
-0.026,0.030
-0.026,0.028
-0.026,0.029
-0.026,0.029
-0.027,0.028
-0.027,0.029
-0.029,0.028
-0.030,0.027
-0.030,0.027
-0.033,0.026
-0.032,0.024
-0.032,0.026
-0.033,0.024
-0.034,0.023
-0.034,0.024
-0.035,0.024
-0.035,0.023
-0.035,0.023
-0.037,0.023
-0.038,0.020
-0.037,0.020
-0.039,0.019
-0.039,0.018
-0.038,0.019
-0.040,0.017
-0.041,0.019
-0.041,0.021
-0.042,0.023
-0.043,0.023
-0.043,0.023
-0.044,0.023
-0.045,0.023
-0.045,0.022
-0.046,0.021
-0.046,0.021
-0.045,0.021
-0.046,0.022
-0.048,0.023
-0.047,0.023
-0.047,0.023
-0.049,0.023
-0.047,0.024
-0.048,0.024
-0.048,0.025
-0.047,0.025
-0.048,0.026
-0.047,0.026
-0.046,0.026
-0.047,0.026
-0.048,0.025
-0.046,0.025
-0.047,0.025
-0.048,0.024
-0.046,0.024
-0.047,0.023
-0.047,0.022
-0.047,0.021
-0.047,0.020
-0.047,0.020
-0.045,0.019
-0.047,0.019
-0.046,0.020
-0.044,0.020
-0.045,0.020
-0.044,0.021
-0.042,0.022
-0.043,0.022
-0.041,0.021
-0.042,0.023
-0.041,0.024
-0.039,0.026
-0.039,0.028
-0.038,0.028
-0.037,0.027
-0.037,0.025
-0.037,0.023
-0.036,0.021
-0.035,0.020
-0.035,0.019
-0.034,0.020
-0.033,0.022
-0.033,0.022
-0.031,0.024
-0.030,0.025
-0.030,0.026
-0.028,0.026
-0.028,0.027
-0.028,0.026
-0.028,0.024
-0.027,0.025
-0.027,0.023
-0.026,0.022
-0.026,0.023
-0.026,0.022
-0.025,0.022
-0.024,0.022
-0.024,0.021
-0.022,0.020
-0.022,0.020
-0.021,0.018
-0.019,0.019
-0.018,0.019
-0.018,0.018
-0.018,0.020
-0.018,0.021
-0.017,0.022
-0.018,0.023
-0.019,0.023
-0.018,0.023
-0.017,0.023
-0.018,0.022
-0.018,0.019
-0.016,0.018
-0.017,0.017
-0.017,0.015
-0.016,0.015
-0.018,0.015
-0.016,0.014
-0.017,0.015
-0.017,0.014
-0.016,0.011
-0.016,0.011
-0.016,0.009
-0.016,0.007
-0.016,0.008
-0.017,0.008
-0.016,0.008
-0.018,0.010
-0.018,0.011
-0.018,0.011
-0.020,0.013
-0.018,0.013
-0.019,0.013
-0.020,0.014
-0.018,0.012
-0.017,0.013
-0.018,0.012
-0.017,0.011
-0.016,0.011
-0.019,0.012
-0.017,0.010
-0.017,0.010
-0.020,0.011
-0.019,0.009
-0.019,0.010
-0.022,0.009
-0.022,0.007
-0.022,0.007
-0.025,0.006
-0.024,0.004
-0.025,0.004
-0.026,0.004
-0.025,0.002
-0.026,0.004
-0.026,0.005
-0.025,0.006
-0.026,0.006
-0.027,0.005
-0.027,0.004
-0.027,0.004
-0.029,0.003
-0.029,0.003
-0.029,0.004
-0.030,0.004
-0.031,0.004
-0.032,0.003
-0.033,0.003
-0.034,0.004
-0.035,0.003
-0.035,0.004
-0.035,0.005
-0.036,0.006
-0.035,0.008
-0.036,0.008
-0.037,0.007
-0.036,0.007
-0.038,0.008
-0.038,0.007
-0.038,0.008
-0.038,0.009
-0.039,0.008
-0.038,0.007
-0.038,0.006
-0.037,0.003
-0.035,0.002
-0.037,0.002
-0.036,0.000
-0.036,0.001
-0.037,0.001
-0.036,0.001
-0.036,0.004
-0.036,0.004
-0.036,0.004
-0.036,0.006
-0.035,0.005
-0.034,0.004
-0.036,0.005
-0.035,0.003
-0.034,0.002
-0.034,0.003
-0.033,0.000
-0.032,0.000
-0.033,0.000
-0.032,0.000
-0.032,0.001
-0.033,0.004
-0.032,0.003
-0.032,0.003
-0.032,0.005
-0.030,0.003
-0.029,0.004
-0.029,0.004
-0.028,0.002
-0.028,0.004
-0.028,0.002
-0.027,0.000
-0.027,-0.001
-0.028,-0.001
-0.025,-0.002
-0.026,-0.003
-0.026,-0.003
-0.025,-0.004
-0.026,-0.002
-0.025,-0.002
-0.024,-0.002
-0.025,-0.001
-0.023,-0.003
-0.021,-0.004
-0.023,-0.003
-0.021,-0.004
-0.020,-0.003
-0.023,-0.002
-0.022,-0.002
-0.022,-0.001
-0.023,0.000
-0.022,-0.000
-0.020,0.001
-0.021,0.001
-0.019,-0.000
-0.017,-0.001
-0.018,-0.001
-0.016,-0.001
-0.016,-0.000
-0.017,0.001
-0.015,0.002
-0.014,0.001
-0.015,0.000
-0.012,0.001
-0.011,0.000
-0.013,0.001
-0.010,0.001
-0.011,0.002
-0.011,0.001
-0.010,0.001
-0.011,0.002
-0.011,0.002
-0.009,0.002
-0.009,0.001
-0.010,0.000
-0.007,0.000
-0.007,0.000
-0.008,-0.000
-0.005,0.000
-0.007,0.001
-0.005,0.000
-0.004,0.000
-0.004,-0.001
-0.005,-0.000
-0.003,0.000
-0.003,0.000
-0.004,0.001
-0.002,0.002
-0.003,0.002
-0.003,0.002
-0.002,0.000
-0.002,-0.000
-0.003,-0.000
0.000,-0.000
-0.000,-0.001
-0.001,0.000
0.001,0.000
0.000,-0.000
0.000,-0.000
0.002,-0.001
0.001,-0.002
0.001,-0.003
0.003,-0.003
0.001,-0.003
0.001,-0.003
0.003,-0.003
0.002,-0.004
0.003,-0.004
0.005,-0.003
0.004,-0.003
0.005,-0.003
0.006,-0.002
0.004,-0.002
0.004,-0.002
0.005,-0.002
0.003,-0.002
0.004,-0.002
0.006,-0.002
0.004,-0.003
0.004,-0.004
0.005,-0.004
0.004,-0.004
0.004,-0.004
0.005,-0.004
0.004,-0.005
0.005,-0.004
0.005,-0.004
0.005,-0.004
0.006,-0.002
0.006,-0.002
0.006,-0.002
0.006,-0.001
0.008,-0.001
0.007,-0.001
0.006,0.000
0.007,0.000
0.007,0.001
0.008,0.002
0.007,0.002
0.007,0.001
0.007,0.001
0.009,-0.002
0.007,-0.004
0.007,-0.003
0.008,-0.005
0.008,-0.005
0.009,-0.004
0.009,-0.004
0.008,-0.003
0.010,-0.003
0.009,-0.003
0.009,-0.003
0.009,-0.003
0.010,-0.005
0.008,-0.005
0.010,-0.005
0.011,-0.006
0.010,-0.005
0.011,-0.006
0.012,-0.006
0.011,-0.006
0.012,-0.006
0.014,-0.007
0.011,-0.005
0.014,-0.005
0.015,-0.006
0.012,-0.005
0.013,-0.006
0.014,-0.006
0.012,-0.006
0.014,-0.007
0.015,-0.006
0.014,-0.007
0.017,-0.009
0.017,-0.009
0.016,-0.009
0.019,-0.011
0.018,-0.011
0.016,-0.011
0.019,-0.012
0.019,-0.011
0.017,-0.010
0.020,-0.010
0.019,-0.010
0.018,-0.011
0.021,-0.013
0.019,-0.014
0.019,-0.015
0.021,-0.016
0.019,-0.015
0.019,-0.017
0.022,-0.016
0.019,-0.014
0.020,-0.013
0.023,-0.010
0.020,-0.007
0.021,-0.005
0.024,-0.005
0.022,-0.003
0.022,-0.004
0.024,-0.003
0.022,-0.003
0.022,-0.005
0.025,-0.005
0.023,-0.005
0.025,-0.007
0.027,-0.007
0.024,-0.007
0.026,-0.007
0.028,-0.007
0.026,-0.006
0.027,-0.007
0.029,-0.006
0.027,-0.007
0.028,-0.009
0.030,-0.009
0.028,-0.010
0.029,-0.011
0.030,-0.012
0.029,-0.013
0.030,-0.013
0.031,-0.012
0.031,-0.011
0.033,-0.008
0.034,-0.006
0.033,-0.005
0.035,-0.003
0.036,-0.003
0.035,-0.003
0.037,-0.003
0.036,-0.002
0.035,-0.001
0.036,0.000
0.036,-0.000
0.035,-0.001
0.037,0.000
0.038,-0.001
0.038,-0.002
0.039,-0.003
0.039,-0.004
0.039,-0.006
0.040,-0.007
0.040,-0.007
0.039,-0.007
0.040,-0.006
0.040,-0.006
0.038,-0.005
0.040,-0.005
0.040,-0.004
0.040,-0.004
0.040,-0.003
0.041,-0.003
0.040,-0.004
0.040,-0.004
0.041,-0.006
0.040,-0.007
0.041,-0.007
0.040,-0.008
0.040,-0.010
0.041,-0.009
0.041,-0.008
0.041,-0.009
0.042,-0.007
0.040,-0.008
0.040,-0.010
0.041,-0.009
0.039,-0.009
0.040,-0.009
0.041,-0.007
0.039,-0.006
0.039,-0.006
0.040,-0.004
0.039,-0.003
0.039,-0.003
0.041,-0.003
0.040,-0.003
0.040,-0.005
0.041,-0.006
0.040,-0.008
0.040,-0.008
0.041,-0.009
0.041,-0.009
0.040,-0.009
0.042,-0.008
0.042,-0.008
0.041,-0.008
0.042,-0.008
0.042,-0.008
0.041,-0.008
0.041,-0.009
0.042,-0.009
0.041,-0.010
0.043,-0.012
0.043,-0.013
0.043,-0.012
0.045,-0.012
0.045,-0.013
0.045,-0.013
0.046,-0.014
0.046,-0.013
0.045,-0.012
0.046,-0.012
0.046,-0.010
0.045,-0.008
0.046,-0.007
0.045,-0.006
0.045,-0.006
0.047,-0.007
0.046,-0.007
0.047,-0.009
0.050,-0.009
0.049,-0.008
0.049,-0.009
0.051,-0.008
0.049,-0.007
0.049,-0.007
0.051,-0.007
0.049,-0.006
0.051,-0.006
0.051,-0.006
0.050,-0.005
0.051,-0.005
0.052,-0.004
0.051,-0.005
0.052,-0.004
0.054,-0.004
0.052,-0.004
0.055,-0.005
0.055,-0.005
0.054,-0.005
0.056,-0.005
0.056,-0.005
0.056,-0.007
0.058,-0.008
0.058,-0.009
0.057,-0.011
0.058,-0.011
0.058,-0.010
0.057,-0.011
0.058,-0.011
0.059,-0.009
0.058,-0.011
0.061,-0.010
0.060,-0.009
0.060,-0.010
0.062,-0.007
0.062,-0.007
0.063,-0.007
0.064,-0.006
0.064,-0.004
0.065,-0.004
0.066,-0.004
0.065,-0.001
0.066,-0.001
0.066,0.001
0.065,0.001
0.066,0.001
0.067,-0.000
0.067,-0.001
0.069,-0.002
0.069,-0.002
0.070,-0.002
0.070,-0.002
0.072,-0.000
0.072,0.000
0.073,0.001
0.073,0.002
0.072,0.002
0.075,0.003
0.075,0.003
0.075,0.003
0.076,0.002
0.077,0.004
0.077,0.004
0.077,0.001
0.079,0.003
0.079,0.002
0.081,0.002
0.081,0.002
0.081,0.003
0.083,0.003
0.085,0.004
0.085,0.002
0.086,0.002
0.087,0.004
0.087,0.003
0.089,0.003
0.090,0.003
0.089,0.003
0.091,0.002
0.091,0.003
0.091,0.003
0.092,0.002
0.092,0.002
0.094,-0.001
0.095,-0.000
0.096,0.001
0.096,0.001
0.097,0.002
0.097,0.004
0.098,0.002
0.100,0.002
0.099,0.002
0.099,0.000
0.100,0.001
0.099,-0.001
0.100,-0.003
0.101,-0.002
0.101,-0.002
0.102,-0.003
0.101,-0.002
0.102,-0.001
0.102,-0.001
0.103,0.000
0.103,0.001
0.103,0.002
0.104,0.002
0.104,0.001
0.105,0.001
0.106,0.002
0.107,0.002
0.107,0.001
0.105,-0.000
0.106,0.001
0.107,0.001
0.107,-0.000
0.107,-0.001
0.105,0.000
0.105,-0.000
0.105,-0.001
0.104,-0.001
0.103,-0.002
0.106,0.000
0.106,0.000
0.105,-0.001
0.105,-0.001
0.105,0.000
0.106,-0.001
0.105,0.000
0.104,0.000
0.104,-0.001
0.103,-0.001
0.103,-0.001
0.103,-0.002
0.102,-0.000
0.101,0.001
0.103,0.002
0.101,0.004
0.101,0.003
0.101,0.001
0.102,0.003
0.101,0.001
0.101,-0.000
0.101,0.002
0.101,-0.000
0.102,-0.001
0.102,-0.000
0.102,-0.002
0.103,-0.002
0.102,0.001
0.102,-0.002
0.101,-0.002
0.101,-0.000
0.102,-0.002
0.101,-0.001
0.099,-0.002
0.099,-0.003
0.100,-0.001
0.099,-0.002
0.100,-0.003
0.098,-0.001
0.098,-0.001
0.100,-0.002
0.097,-0.000
0.098,-0.001
0.099,0.002
0.097,0.004
0.097,0.004
0.098,0.004
0.097,0.005
0.099,0.004
0.100,0.004
0.097,0.006
0.099,0.006
0.100,0.008
0.098,0.009
0.099,0.008
0.099,0.009
0.099,0.010
0.100,0.009
0.101,0.009
0.099,0.007
0.103,0.006
0.103,0.007
0.102,0.006
0.103,0.004
0.104,0.004
0.104,0.004
0.105,0.004
0.105,0.004
0.103,0.004
0.105,0.004
0.104,0.004
0.104,0.003
0.106,0.003
0.105,0.004
0.105,0.006
0.107,0.007
0.107,0.008
0.106,0.010
0.109,0.011
0.108,0.011
0.108,0.010
0.110,0.009
0.110,0.009
0.110,0.007
0.112,0.005
0.112,0.005
0.112,0.007
0.114,0.007
0.114,0.009
0.114,0.011
0.115,0.011
0.114,0.011
0.114,0.012
0.116,0.013
0.116,0.013
0.115,0.014
0.116,0.015
0.117,0.015
0.116,0.016
0.118,0.015
0.119,0.014
0.119,0.015
0.121,0.015
0.121,0.014
0.120,0.016
0.121,0.015
0.121,0.014
0.119,0.015
0.120,0.014
0.119,0.013
0.119,0.014
0.119,0.013
0.119,0.014
0.119,0.015
0.120,0.016
0.120,0.017
0.119,0.018
0.121,0.020
0.121,0.020
0.120,0.020
0.122,0.019
0.120,0.019
0.120,0.019
0.120,0.020
0.117,0.022
0.117,0.023
0.118,0.024
0.116,0.025
0.116,0.027
0.118,0.026
0.116,0.027
0.117,0.027
0.117,0.026
0.116,0.025
0.116,0.026
0.117,0.025
0.117,0.025
0.118,0.026
0.120,0.025
0.119,0.024
0.119,0.025
0.120,0.023
0.119,0.022
0.119,0.020
0.119,0.019
0.117,0.019
0.117,0.019
0.117,0.019
0.115,0.022
0.115,0.022
0.116,0.020
0.114,0.022
0.115,0.022
0.115,0.022
0.113,0.023
0.114,0.023
0.114,0.024
0.111,0.025
0.112,0.026
0.113,0.026
0.112,0.027
0.115,0.026
0.115,0.025
0.114,0.026
0.116,0.027
0.115,0.027
0.114,0.027
0.116,0.027
0.116,0.029
0.115,0.028
0.117,0.028
0.116,0.029
0.115,0.028
0.117,0.028
0.115,0.028
0.115,0.026
0.117,0.027
0.114,0.028
0.113,0.029
0.116,0.031
0.114,0.032
0.114,0.030
0.116,0.030
0.114,0.032
0.114,0.029
0.115,0.029
0.112,0.030
0.112,0.029
0.114,0.029
0.110,0.029
0.110,0.028
0.112,0.028
0.110,0.028
0.110,0.027
0.112,0.028
0.110,0.028
0.110,0.028
0.112,0.028
0.110,0.028
0.111,0.026
0.113,0.026
0.111,0.025
0.112,0.025
0.112,0.026
0.110,0.027
0.111,0.026
0.112,0.026
0.111,0.025
0.111,0.025
0.113,0.025
0.111,0.026
0.112,0.026
0.114,0.026
0.112,0.024
0.113,0.024
0.114,0.026
0.112,0.026
0.113,0.028
0.114,0.029
0.112,0.030
0.114,0.031
0.114,0.031
0.114,0.029
0.115,0.028
0.116,0.028
0.115,0.027
0.116,0.029
0.118,0.030
0.117,0.031
0.117,0.032
0.119,0.033
0.118,0.033
0.119,0.033
0.120,0.032
0.120,0.031
0.121,0.032
0.123,0.031
0.123,0.032
0.125,0.034
0.125,0.034
0.125,0.035
0.127,0.034
0.127,0.034
0.127,0.034
0.128,0.035
0.128,0.036
0.128,0.036
0.130,0.038
0.130,0.038
0.130,0.039
0.131,0.042
0.130,0.041
0.131,0.041
0.132,0.041
0.131,0.040
0.131,0.038
0.132,0.038
0.131,0.037
0.131,0.036
0.132,0.038
0.131,0.037
0.132,0.038
0.133,0.039
0.133,0.038
0.133,0.037
0.133,0.038
0.134,0.038
0.134,0.038
0.135,0.039
0.134,0.039
0.134,0.041
0.136,0.041
0.135,0.041
0.135,0.042
0.136,0.043
0.136,0.043
0.134,0.043
0.135,0.043
0.136,0.043
0.135,0.043
0.135,0.042
0.134,0.042
0.133,0.043
0.133,0.043
0.133,0.044
0.132,0.045
0.132,0.045
0.130,0.044
0.128,0.043
0.128,0.042
0.126,0.042
0.126,0.042
0.126,0.042
0.124,0.043
0.124,0.042
0.125,0.043
0.124,0.043
0.122,0.043
0.123,0.042
0.121,0.041
0.119,0.039
0.120,0.038
0.118,0.039
0.118,0.038
0.119,0.040
0.117,0.042
0.117,0.043
0.119,0.044
0.115,0.044
0.117,0.044
0.118,0.043
0.115,0.042
0.116,0.040
0.115,0.042
0.113,0.042
0.113,0.043
0.112,0.045
0.111,0.046
0.112,0.046
0.111,0.045
0.110,0.045
0.111,0.045
0.110,0.046
0.109,0.045
0.110,0.046
0.108,0.047
0.106,0.046
0.107,0.047
0.105,0.047
0.105,0.046
0.106,0.047
0.106,0.048
0.106,0.047
0.107,0.049
0.107,0.050
0.106,0.049
0.108,0.050
0.107,0.052
0.106,0.050
0.107,0.050
0.106,0.050
0.106,0.049
0.107,0.050
0.106,0.052
0.106,0.052
0.107,0.054
0.107,0.055
0.106,0.055
0.108,0.055
0.107,0.056
0.108,0.055
0.108,0.055
0.108,0.055
0.109,0.053
0.110,0.054
0.110,0.053
0.110,0.052
0.111,0.054
0.111,0.054
0.112,0.054
0.112,0.056
0.113,0.057
0.114,0.057
0.113,0.058
0.113,0.058
0.113,0.057
0.113,0.058
0.113,0.059
0.113,0.059
0.114,0.062
0.113,0.063
0.115,0.061
0.115,0.062
0.115,0.060
0.116,0.059
0.116,0.059
0.116,0.059
0.116,0.059
0.116,0.061
0.116,0.060
0.117,0.060
0.116,0.061
0.117,0.060
0.117,0.058
0.116,0.059
0.117,0.057
0.117,0.057
0.115,0.058
0.116,0.056
0.117,0.057
0.117,0.057
0.117,0.056
0.117,0.057
0.116,0.058
0.117,0.057
0.116,0.058
0.115,0.058
0.115,0.057
0.115,0.060
0.114,0.060
0.114,0.060
0.113,0.062
0.112,0.062
0.111,0.061
0.109,0.061
0.109,0.062
0.109,0.060
0.108,0.061
0.107,0.061
0.107,0.063
0.106,0.064
0.106,0.063
0.105,0.065
0.105,0.065
0.105,0.066
0.104,0.066
0.103,0.065
0.103,0.066
0.102,0.064
0.101,0.064
0.101,0.064
0.101,0.065
0.100,0.064
0.100,0.065
0.099,0.066
0.098,0.065
0.098,0.066
0.095,0.065
0.095,0.065
0.095,0.067
0.094,0.068
0.094,0.068
0.094,0.070
0.094,0.070
0.095,0.069
0.094,0.070
0.094,0.069
0.094,0.069
0.093,0.070
0.092,0.070
0.093,0.070
0.092,0.071
0.091,0.070
0.091,0.070
0.090,0.072
0.089,0.071
0.088,0.073
0.088,0.074
0.088,0.073
0.088,0.072
0.088,0.071
0.088,0.070
0.088,0.070
0.087,0.072
0.087,0.071
0.085,0.073
0.086,0.073
0.086,0.073
0.084,0.075
0.085,0.075
0.086,0.075
0.084,0.076
0.085,0.075
0.086,0.075
0.083,0.075
0.083,0.074
0.084,0.072
0.081,0.073
0.081,0.070
0.082,0.070
0.080,0.070
0.080,0.070
0.082,0.072
0.079,0.073
0.080,0.073
0.080,0.075
0.078,0.076
0.078,0.076
0.078,0.075
0.077,0.075
0.076,0.074
0.077,0.072
0.075,0.072
0.076,0.071
0.076,0.071
0.075,0.073
0.076,0.073
0.075,0.074
0.073,0.074
0.075,0.073
0.075,0.074
0.075,0.075
0.077,0.074
0.077,0.074
0.075,0.075
0.078,0.075
0.076,0.074
0.075,0.074
0.076,0.073
0.076,0.074
0.075,0.075
0.077,0.075
0.077,0.077
0.076,0.077
0.078,0.077
0.077,0.079
0.076,0.080
0.078,0.081
0.077,0.082
0.077,0.083
0.078,0.084
0.077,0.083
0.076,0.082
0.078,0.083
0.075,0.082
0.075,0.081
0.077,0.082
0.075,0.082
0.076,0.081
0.077,0.081
0.075,0.081
0.076,0.080
0.078,0.081
0.075,0.080
0.075,0.081
0.075,0.081
0.073,0.080
0.074,0.080
0.074,0.078
0.073,0.079
0.074,0.079
0.075,0.080
0.073,0.079
0.072,0.080
0.073,0.080
0.071,0.079
0.072,0.082
0.072,0.083
0.071,0.084
0.071,0.084
0.071,0.084
0.071,0.083
0.072,0.084
0.072,0.082
0.071,0.081
0.073,0.082
0.072,0.081
0.071,0.081
0.072,0.082
0.072,0.081
0.071,0.082
0.070,0.083
0.072,0.083
0.070,0.083
0.070,0.084
0.071,0.083
0.069,0.083
0.070,0.082
0.070,0.079
0.069,0.078
0.069,0.077
0.070,0.076
0.068,0.076
0.068,0.077
0.069,0.076
0.067,0.079
0.067,0.080
0.068,0.081
0.066,0.083
0.067,0.083
0.066,0.083
0.064,0.082
0.064,0.082
0.065,0.080
0.063,0.080
0.065,0.080
0.065,0.080
0.063,0.081
0.063,0.082
0.063,0.083
0.062,0.085
0.063,0.085
0.063,0.084
0.061,0.084
0.063,0.082
0.062,0.080
0.060,0.079
0.062,0.078
0.062,0.079
0.060,0.080
0.062,0.080
0.061,0.082
0.060,0.082
0.062,0.082
0.060,0.082
0.058,0.082
0.060,0.082
0.058,0.083
0.057,0.082
0.060,0.081
0.059,0.081
0.058,0.078
0.059,0.078
0.056,0.079
0.055,0.079
0.057,0.080
0.054,0.081
0.055,0.080
0.059,0.080
0.056,0.080
0.056,0.079
0.058,0.078
0.057,0.078
0.056,0.077
0.058,0.077
0.057,0.077
0.058,0.077
0.058,0.077
0.056,0.078
0.056,0.078
0.056,0.078
0.054,0.078
0.053,0.077
0.055,0.077
0.053,0.077
0.052,0.076
0.053,0.076
0.052,0.076
0.052,0.076
0.054,0.076
0.052,0.076
0.052,0.075
0.053,0.076
0.050,0.075
0.050,0.076
0.050,0.076
0.048,0.075
0.048,0.075
0.048,0.075
0.046,0.075
0.046,0.075
0.046,0.075
0.044,0.075
0.045,0.076
0.046,0.076
0.044,0.076
0.045,0.076
0.046,0.076
0.044,0.075
0.045,0.074
0.046,0.074
0.045,0.073
0.045,0.072
0.046,0.071
0.045,0.071
0.046,0.071
0.047,0.071
0.045,0.073
0.046,0.074
0.046,0.076
0.045,0.076
0.046,0.076
0.046,0.076
0.045,0.076
0.047,0.077
0.047,0.077
0.045,0.077
0.046,0.079
0.046,0.080
0.045,0.080
0.047,0.080
0.047,0.081
0.047,0.079
0.049,0.080
0.047,0.079
0.047,0.076
0.047,0.077
0.044,0.075
0.045,0.073
0.046,0.075
0.045,0.074
0.045,0.072
0.047,0.074
0.045,0.073
0.046,0.071
0.046,0.071
0.044,0.070
0.045,0.069
0.045,0.069
0.043,0.070
0.043,0.070
0.044,0.071
0.043,0.071
0.043,0.071
0.044,0.071
0.042,0.069
0.043,0.070
0.044,0.068
0.043,0.064
0.043,0.064
0.043,0.064
0.043,0.064
0.042,0.064
0.042,0.066
0.041,0.066
0.040,0.067
0.039,0.065
0.037,0.064
0.036,0.064
0.037,0.062
0.037,0.061
0.036,0.062
0.038,0.063
0.037,0.063
0.037,0.065
0.038,0.065
0.038,0.065
0.037,0.066
0.039,0.066
0.038,0.067
0.036,0.068
0.037,0.068
0.035,0.067
0.034,0.068
0.035,0.066
0.034,0.065
0.033,0.064
0.035,0.062
0.033,0.061
0.034,0.060
0.036,0.059
0.035,0.060
0.034,0.062
0.037,0.063
0.034,0.064
0.034,0.065
0.036,0.066
0.034,0.067
0.033,0.065
0.034,0.064
0.031,0.066
0.031,0.065
0.032,0.064
0.029,0.066
0.031,0.064
0.032,0.064
0.030,0.064
0.031,0.062
0.031,0.062
0.029,0.062
0.030,0.061
0.029,0.061
0.026,0.060
0.027,0.060
0.026,0.060
0.024,0.058
0.025,0.058
0.023,0.059
0.022,0.058
0.023,0.058
0.022,0.059
0.020,0.058
0.022,0.058
0.020,0.058
0.018,0.057
0.020,0.058
0.019,0.059
0.018,0.058
0.020,0.060
0.017,0.062
0.015,0.061
0.017,0.062
0.014,0.063
0.012,0.061
0.014,0.062
0.012,0.062
0.011,0.060
0.010,0.059
0.008,0.060
0.008,0.059
0.009,0.060
0.004,0.060
0.004,0.060
0.005,0.061
0.002,0.060
0.001,0.059
0.000,0.059
0.000,0.060
0.000,0.059
-0.001,0.059
-0.003,0.060
-0.003,0.060
-0.002,0.063
-0.005,0.061
-0.007,0.060
-0.007,0.062
-0.008,0.061
-0.008,0.059
-0.009,0.058
-0.010,0.058
-0.009,0.055
-0.008,0.055
-0.010,0.053
-0.010,0.053
-0.009,0.055
-0.011,0.056
-0.011,0.057
-0.010,0.057
-0.012,0.058
-0.011,0.058
-0.011,0.060
-0.013,0.058
-0.014,0.059
-0.013,0.059
-0.015,0.058
-0.014,0.058
-0.013,0.058
-0.016,0.061
-0.014,0.060
-0.014,0.061
-0.016,0.061
-0.014,0.062
-0.014,0.062
-0.014,0.060
-0.016,0.060
-0.016,0.059
-0.017,0.058
-0.015,0.056
-0.016,0.057
-0.016,0.056
-0.016,0.059
-0.017,0.061
-0.016,0.060
-0.016,0.061
-0.015,0.062
-0.015,0.061
-0.016,0.062
-0.016,0.063
-0.016,0.062
-0.014,0.063
-0.015,0.063
-0.015,0.062
-0.015,0.062
-0.014,0.062
-0.014,0.062
-0.014,0.061
-0.013,0.061
-0.012,0.061
-0.011,0.062
-0.012,0.062
-0.010,0.061
-0.010,0.060
-0.008,0.059
-0.009,0.060
-0.007,0.059
-0.007,0.059
-0.008,0.058
-0.008,0.057
-0.007,0.057
-0.006,0.056
-0.008,0.055
-0.006,0.054
-0.007,0.052
-0.007,0.051
-0.006,0.051
-0.006,0.051
-0.005,0.052
-0.007,0.052
-0.007,0.053
-0.007,0.052
-0.006,0.051
-0.008,0.051
-0.008,0.052
-0.008,0.053
-0.010,0.052
-0.008,0.053
-0.010,0.052
-0.007,0.051
-0.006,0.050
-0.007,0.049
-0.007,0.048
-0.007,0.046
-0.006,0.047
-0.006,0.046
-0.006,0.048
-0.007,0.050
-0.007,0.049
-0.006,0.050
-0.007,0.050
-0.007,0.047
-0.009,0.047
-0.009,0.047
-0.010,0.046
-0.011,0.047
-0.012,0.045
-0.012,0.043
-0.013,0.044
-0.013,0.044
-0.013,0.043
-0.015,0.044
-0.014,0.043
-0.013,0.042
-0.015,0.042
-0.016,0.040
-0.016,0.039
-0.018,0.039
-0.018,0.039
-0.017,0.040
-0.019,0.043
-0.018,0.043
-0.018,0.044
-0.020,0.046
-0.020,0.043
-0.020,0.042
-0.022,0.043
-0.021,0.041
-0.021,0.041
-0.024,0.041
-0.023,0.040
-0.023,0.039
-0.026,0.040
-0.025,0.039
-0.025,0.041
-0.027,0.043
-0.026,0.043
-0.026,0.044
-0.028,0.045
-0.027,0.045
-0.027,0.044
-0.029,0.044
-0.027,0.043
-0.028,0.043
-0.029,0.043
-0.028,0.042
-0.030,0.042
-0.031,0.042
-0.030,0.042
-0.031,0.042
-0.032,0.041
-0.030,0.041
-0.031,0.040
-0.032,0.039
-0.030,0.038
-0.032,0.039
-0.032,0.040
-0.032,0.041
-0.032,0.042
-0.032,0.043
-0.031,0.043
-0.032,0.043
-0.031,0.045
-0.031,0.043
-0.032,0.043
-0.032,0.044
-0.031,0.044
-0.031,0.045
-0.031,0.046
-0.030,0.047
-0.030,0.048
-0.029,0.049
-0.029,0.048
-0.029,0.047
-0.029,0.048
-0.028,0.046
-0.029,0.045
-0.028,0.045
-0.027,0.044
-0.028,0.043
-0.028,0.043
-0.027,0.043
-0.027,0.043
-0.026,0.043
-0.025,0.043
-0.026,0.042
-0.024,0.041
-0.023,0.041
-0.024,0.041
-0.023,0.040
-0.023,0.041
-0.026,0.040
-0.025,0.041
-0.024,0.042
-0.026,0.042
-0.024,0.042
-0.023,0.042
-0.024,0.041
-0.023,0.041
-0.023,0.039
-0.025,0.039
-0.024,0.040
-0.024,0.039
-0.025,0.039
-0.025,0.041
-0.025,0.041
-0.026,0.041
-0.027,0.042
-0.026,0.041
-0.027,0.040
-0.028,0.040
-0.027,0.036
-0.028,0.035
-0.028,0.034
-0.028,0.032
-0.029,0.032
-0.028,0.033
-0.028,0.033
-0.029,0.033
-0.028,0.033
-0.026,0.033
-0.028,0.034
-0.028,0.035
-0.027,0.035
-0.028,0.036
-0.027,0.036
-0.027,0.036
-0.028,0.035
-0.027,0.035
-0.026,0.035
-0.028,0.035
-0.026,0.034
-0.025,0.034
-0.027,0.036
-0.025,0.035
-0.024,0.035
-0.026,0.036
-0.024,0.036
-0.023,0.036
-0.024,0.036
-0.022,0.035
-0.020,0.036
-0.022,0.037
-0.020,0.036
-0.021,0.036
-0.022,0.036
-0.020,0.034
-0.021,0.036
-0.022,0.035
-0.020,0.035
-0.022,0.036
-0.023,0.036
-0.020,0.035
-0.021,0.035
-0.022,0.033
-0.020,0.032
-0.022,0.033
-0.022,0.030
-0.021,0.031
-0.024,0.031
-0.025,0.030
-0.022,0.031
-0.025,0.031
-0.025,0.030
-0.023,0.032
-0.026,0.034
-0.025,0.032
-0.023,0.033
-0.027,0.034
-0.027,0.032
-0.026,0.033
-0.029,0.033
-0.029,0.032
-0.028,0.034
-0.031,0.033
-0.030,0.031
-0.030,0.030
-0.032,0.029
-0.031,0.027
-0.030,0.026
-0.033,0.024
-0.033,0.023
-0.032,0.023
-0.035,0.022
-0.035,0.022
-0.035,0.022
-0.036,0.022
-0.037,0.023
-0.037,0.024
-0.039,0.024
-0.039,0.026
-0.039,0.027
-0.041,0.027
-0.042,0.028
-0.041,0.027
-0.043,0.026
-0.043,0.025
-0.043,0.026
-0.045,0.024
-0.046,0.024
-0.045,0.023
-0.047,0.023
-0.047,0.024
-0.047,0.024
-0.048,0.024
-0.047,0.025
-0.048,0.025
-0.048,0.023
-0.048,0.023
-0.046,0.023
-0.047,0.023
-0.045,0.023
-0.044,0.024
-0.045,0.024
-0.044,0.024
-0.044,0.024
-0.044,0.023
-0.043,0.023
-0.043,0.024
-0.045,0.024
-0.044,0.026
-0.044,0.027
-0.045,0.027
-0.045,0.027
-0.043,0.026
-0.043,0.025
-0.042,0.024
-0.042,0.024
-0.042,0.023
-0.040,0.024
-0.040,0.023
-0.040,0.022
-0.038,0.023
-0.038,0.022
-0.038,0.021
-0.037,0.021
-0.038,0.021
-0.036,0.020
-0.035,0.021
-0.035,0.021
-0.034,0.020
-0.033,0.021
-0.033,0.021
-0.033,0.022
-0.030,0.023
-0.031,0.024
-0.030,0.025
-0.029,0.027
-0.029,0.026
-0.029,0.026
-0.027,0.024
-0.027,0.022
-0.026,0.020
-0.024,0.020
-0.023,0.020
-0.024,0.021
-0.023,0.023
-0.021,0.023
-0.022,0.023
-0.020,0.023
-0.020,0.023
-0.021,0.023
-0.019,0.022
-0.020,0.020
-0.020,0.021
-0.019,0.019
-0.019,0.018
-0.021,0.019
-0.020,0.020
-0.020,0.021
-0.021,0.021
-0.020,0.021
-0.020,0.020
-0.020,0.020
-0.019,0.019
-0.019,0.019
-0.019,0.018
-0.018,0.019
-0.018,0.020
-0.018,0.019
-0.016,0.019
-0.018,0.020
-0.017,0.019
-0.015,0.018
-0.017,0.019
-0.016,0.017
-0.015,0.016
-0.016,0.017
-0.016,0.017
-0.013,0.018
-0.016,0.020
-0.016,0.021
-0.015,0.022
-0.016,0.022
-0.016,0.019
-0.016,0.018
-0.017,0.019
-0.017,0.019
-0.015,0.019
-0.018,0.020
-0.017,0.020
-0.016,0.019
-0.018,0.018
-0.016,0.016
-0.015,0.017
-0.018,0.017
-0.017,0.016
-0.016,0.017
-0.018,0.016
-0.017,0.015
-0.018,0.016
-0.020,0.015
-0.019,0.016
-0.020,0.016
-0.022,0.014
-0.022,0.013
-0.023,0.013
-0.024,0.012
-0.023,0.013
-0.025,0.014
-0.026,0.012
-0.024,0.013
-0.027,0.012
-0.027,0.010
-0.027,0.011
-0.029,0.011
-0.028,0.010
-0.029,0.010
-0.030,0.010
-0.031,0.009
-0.032,0.009
-0.034,0.009
-0.035,0.007
-0.035,0.007
-0.037,0.006
-0.037,0.006
-0.037,0.006
-0.038,0.006
-0.039,0.005
-0.038,0.007
-0.039,0.007
-0.039,0.007
-0.039,0.009
-0.038,0.008
-0.037,0.008
-0.038,0.009
-0.038,0.009
-0.038,0.008
-0.039,0.009
-0.039,0.009
-0.041,0.008
-0.040,0.009
-0.041,0.008
-0.041,0.008
-0.042,0.009
-0.041,0.008
-0.041,0.008
-0.041,0.009
-0.041,0.009
-0.040,0.010
-0.039,0.010
-0.039,0.010
-0.037,0.011
-0.037,0.011
-0.037,0.012
-0.036,0.011
-0.036,0.012
-0.034,0.011
-0.035,0.010
-0.035,0.010
-0.035,0.008
-0.034,0.008
-0.033,0.009
-0.032,0.008
-0.031,0.010
-0.030,0.010
-0.028,0.009
-0.028,0.009
-0.028,0.009
-0.027,0.008
-0.027,0.007
-0.028,0.006
-0.026,0.005
-0.026,0.007
-0.027,0.007
-0.025,0.007
-0.024,0.008
-0.025,0.009
-0.025,0.008
-0.025,0.009
-0.024,0.009
-0.023,0.008
-0.022,0.008
-0.022,0.008
-0.021,0.008
-0.020,0.008
-0.020,0.008
-0.019,0.007
-0.019,0.007
-0.018,0.008
-0.017,0.006
-0.016,0.005
-0.015,0.005
-0.014,0.005
-0.013,0.003
-0.012,0.003
-0.012,0.004
-0.013,0.004
-0.011,0.005
-0.012,0.006
-0.010,0.005
-0.010,0.006
-0.009,0.006
-0.008,0.006
-0.008,0.006
-0.007,0.004
-0.007,0.002
-0.006,0.002
-0.006,0.001
-0.005,0.001
-0.005,0.002
-0.005,0.003
-0.004,0.004
-0.005,0.006
-0.004,0.004
-0.004,0.003
-0.004,0.004
-0.004,0.002
-0.003,0.002
-0.003,0.002
-0.003,-0.000
-0.002,-0.001
-0.002,-0.000
-0.001,-0.002
-0.001,-0.001
-0.002,0.000
-0.002,-0.001
-0.002,-0.000
-0.003,0.000
-0.002,-0.001
-0.003,0.001
-0.002,0.001
-0.001,0.001
-0.002,0.002
-0.001,0.002
0.000,0.002
-0.001,0.004
-0.001,0.003
0.000,0.002
-0.000,0.004
0.000,0.001
0.002,0.001
-0.001,0.001
0.001,-0.000
0.002,-0.001
0.001,-0.002
0.001,-0.004
0.001,-0.006
-0.001,-0.006
-0.001,-0.009
-0.000,-0.009
-0.002,-0.007
0.000,-0.009
0.002,-0.009
0.000,-0.007
0.003,-0.009
0.004,-0.008
0.002,-0.006
0.004,-0.008
0.004,-0.006
0.002,-0.004
0.003,-0.006
0.006,-0.004
0.004,-0.003
0.007,-0.004
0.008,-0.003
0.006,-0.003
0.009,-0.004
0.008,-0.004
0.007,-0.004
0.009,-0.006
0.009,-0.006
0.007,-0.007
0.008,-0.007
0.008,-0.007
0.006,-0.007
0.008,-0.008
0.008,-0.007
0.008,-0.007
0.010,-0.007
0.010,-0.007
0.009,-0.007
0.010,-0.006
0.010,-0.007
0.010,-0.006
0.012,-0.007
0.011,-0.006
0.010,-0.006
0.012,-0.006
0.012,-0.006
0.013,-0.005
0.015,-0.005
0.015,-0.006
0.014,-0.006
0.016,-0.006
0.015,-0.007
0.014,-0.007
0.016,-0.008
0.015,-0.010
0.015,-0.009
0.016,-0.012
0.016,-0.012
0.017,-0.011
0.018,-0.010
0.019,-0.009
0.018,-0.007
0.019,-0.008
0.018,-0.007
0.018,-0.007
0.019,-0.007
0.018,-0.007
0.017,-0.007
0.018,-0.008
0.018,-0.008
0.018,-0.007
0.020,-0.007
0.019,-0.007
0.021,-0.006
0.023,-0.007
0.023,-0.007
0.023,-0.008
0.024,-0.008
0.024,-0.007
0.024,-0.006
0.025,-0.005
0.024,-0.004
0.024,-0.001
0.026,-0.000
0.024,0.001
0.024,0.002
0.026,0.002
0.026,0.002
0.025,0.002
0.029,0.001
0.028,0.000
0.028,0.000
0.030,-0.003
0.028,-0.005
0.029,-0.005
0.029,-0.007
0.028,-0.007
0.029,-0.007
0.030,-0.008
0.028,-0.009
0.028,-0.010
0.031,-0.010
0.028,-0.010
0.029,-0.011
0.031,-0.010
0.030,-0.008
0.031,-0.007
0.032,-0.006
0.031,-0.005
0.032,-0.004
0.034,-0.004
0.032,-0.003
0.034,-0.004
0.035,-0.004
0.033,-0.004
0.035,-0.005
0.035,-0.006
0.033,-0.006
0.035,-0.005
0.035,-0.004
0.034,-0.004
0.036,-0.003
0.035,-0.003
0.034,-0.003
0.037,-0.003
0.037,-0.001
0.037,-0.002
0.039,-0.001
0.037,-0.001
0.038,-0.002
0.040,-0.002
0.039,-0.004
0.039,-0.006
0.041,-0.007
0.039,-0.008
0.039,-0.008
0.040,-0.007
0.040,-0.005
0.039,-0.006
0.041,-0.005
0.040,-0.004
0.039,-0.005
0.042,-0.005
0.041,-0.005
0.041,-0.005
0.043,-0.004
0.042,-0.005
0.042,-0.006
0.043,-0.006
0.042,-0.007
0.041,-0.009
0.043,-0.008
0.041,-0.008
0.042,-0.008
0.043,-0.007
0.041,-0.007
0.041,-0.007
0.042,-0.006
0.041,-0.006
0.042,-0.009
0.043,-0.008
0.041,-0.009
0.043,-0.011
0.043,-0.008
0.041,-0.007
0.043,-0.006
0.043,-0.004
0.042,-0.003
0.043,-0.002
0.043,-0.001
0.042,-0.002
0.042,-0.002
0.043,-0.003
0.040,-0.005
0.042,-0.007
0.042,-0.007
0.041,-0.008
0.041,-0.006
0.041,-0.004
0.041,-0.003
0.042,-0.001
0.042,0.000
0.042,-0.002
0.043,-0.002
0.043,-0.003
0.043,-0.006
0.045,-0.006
0.044,-0.006
0.045,-0.007
0.046,-0.006
0.046,-0.004
0.047,-0.006
0.049,-0.004
0.048,-0.005
0.049,-0.006
0.049,-0.005
0.047,-0.004
0.049,-0.004
0.048,-0.003
0.048,-0.001
0.049,-0.002
0.049,0.000
0.049,-0.000
0.049,-0.000
0.050,0.000
0.050,-0.002
0.051,-0.002
0.052,-0.001
0.053,-0.002
0.054,-0.001
0.053,0.000
0.055,-0.001
0.054,-0.002
0.054,-0.003
0.054,-0.004
0.056,-0.004
0.055,-0.003
0.056,-0.003
0.056,-0.003
0.057,-0.002
0.058,-0.003
0.057,-0.003
0.058,-0.003
0.059,-0.005
0.058,-0.004
0.059,-0.005
0.059,-0.005
0.060,-0.004
0.060,-0.004
0.062,-0.004
0.062,-0.004
0.062,-0.005
0.063,-0.005
0.062,-0.005
0.062,-0.006
0.062,-0.006
0.062,-0.007
0.062,-0.007
0.063,-0.008
0.063,-0.008
0.063,-0.007
0.064,-0.006
0.065,-0.005
0.065,-0.003
0.066,-0.003
0.067,-0.003
0.067,-0.004
0.069,-0.005
0.070,-0.007
0.068,-0.007
0.070,-0.008
0.071,-0.008
0.069,-0.009
0.071,-0.008
0.072,-0.008
0.073,-0.007
0.073,-0.007
0.074,-0.008
0.074,-0.007
0.075,-0.008
0.075,-0.009
0.076,-0.008
0.077,-0.007
0.078,-0.007
0.078,-0.006
0.079,-0.005
0.079,-0.006
0.081,-0.003
0.082,-0.003
0.082,-0.006
0.083,-0.004
0.084,-0.005
0.086,-0.007
0.086,-0.007
0.086,-0.006
0.088,-0.007
0.088,-0.005
0.088,-0.004
0.089,-0.004
0.090,-0.002
0.092,-0.002
0.092,-0.002
0.092,-0.001
0.092,-0.001
0.094,-0.002
0.094,-0.002
0.095,-0.004
0.096,-0.005
0.096,-0.003
0.098,-0.006
0.099,-0.005
0.099,-0.003
0.100,-0.003
0.102,-0.002
0.101,-0.000
0.101,-0.002
0.102,-0.002
0.101,0.000
0.104,-0.001
0.103,-0.003
0.102,-0.002
0.105,-0.003
0.106,-0.004
0.105,-0.003
0.106,-0.006
0.106,-0.004
0.105,-0.003
0.107,-0.004
0.104,-0.003
0.106,-0.003
0.108,-0.004
0.105,-0.004
0.106,-0.006
0.106,-0.007
0.107,-0.007
0.106,-0.008
0.107,-0.008
0.104,-0.005
0.106,-0.005
0.107,-0.003
0.105,-0.003
0.105,-0.002
0.107,-0.002
0.105,-0.001
0.104,-0.001
0.105,-0.003
0.103,-0.003
0.105,-0.004
0.106,-0.005
0.104,-0.005
0.105,-0.004
0.106,-0.005
0.105,-0.003
0.106,-0.003
0.107,-0.002
0.103,0.000
0.104,0.002
0.104,0.002
0.101,0.002
0.103,0.000
0.102,-0.002
0.101,-0.003
0.101,-0.005
0.100,-0.004
0.098,-0.005
0.101,-0.005
0.100,-0.003
0.097,-0.003
0.100,-0.001
0.100,-0.001
0.098,-0.001
0.099,-0.002
0.100,0.001
0.097,0.001
0.098,0.000
0.096,0.003
0.095,0.001
0.098,0.002
0.097,0.000
0.095,-0.001
0.098,-0.001
0.096,-0.001
0.097,-0.002
0.099,-0.003
0.097,-0.000
0.097,-0.002
0.099,0.001
0.095,0.002
0.096,0.001
0.098,0.003
0.096,0.004
0.098,0.004
0.100,0.006
0.097,0.008
0.098,0.008
0.100,0.009
0.099,0.007
0.101,0.007
0.101,0.009
0.099,0.009
0.100,0.009
0.101,0.008
0.099,0.008
0.101,0.008
0.101,0.010
0.100,0.009
0.100,0.010
0.101,0.011
0.102,0.009
0.104,0.011
0.104,0.011
0.104,0.012
0.104,0.014
0.105,0.014
0.105,0.011
0.106,0.010
0.107,0.008
0.107,0.006
0.107,0.007
0.109,0.005
0.109,0.005
0.110,0.006
0.111,0.007
0.111,0.008
0.111,0.009
0.113,0.009
0.112,0.010
0.112,0.011
0.113,0.010
0.112,0.012
0.111,0.012
0.113,0.011
0.112,0.012
0.113,0.011
0.112,0.011
0.113,0.011
0.114,0.012
0.115,0.011
0.114,0.011
0.115,0.011
0.116,0.010
0.116,0.011
0.117,0.011
0.118,0.012
0.119,0.011
0.119,0.012
0.120,0.011
0.119,0.010
0.120,0.011
0.119,0.010
0.119,0.010
0.120,0.012
0.120,0.013
0.119,0.013
0.120,0.014
0.119,0.015
0.118,0.015
0.119,0.015
0.119,0.015
0.118,0.014
0.120,0.013
0.119,0.013
0.118,0.013
0.119,0.012
0.121,0.013
0.120,0.012
0.121,0.012
0.120,0.012
0.119,0.012
0.120,0.012
0.119,0.012
0.118,0.012
0.119,0.012
0.118,0.013
0.118,0.012
0.119,0.011
0.120,0.012
0.118,0.012
0.120,0.013
0.119,0.014
0.119,0.014
0.120,0.015
0.118,0.016
0.118,0.015
0.119,0.016
0.117,0.015
0.116,0.014
0.117,0.014
0.115,0.015
0.116,0.014
0.116,0.017
0.115,0.018
0.116,0.018
0.116,0.020
0.115,0.021
0.116,0.019
0.116,0.021
0.115,0.021
0.116,0.020
0.117,0.020
0.115,0.019
0.115,0.018
0.115,0.018
0.114,0.017
0.114,0.016
0.113,0.018
0.112,0.016
0.113,0.017
0.113,0.019
0.112,0.019
0.114,0.020
0.113,0.020
0.114,0.019
0.114,0.019
0.113,0.020
0.114,0.017
0.114,0.016
0.113,0.016
0.114,0.013
0.115,0.014
0.113,0.015
0.114,0.015
0.113,0.017
0.111,0.019
0.112,0.018
0.111,0.019
0.111,0.021
0.111,0.019
0.111,0.019
0.109,0.019
0.110,0.018
0.109,0.019
0.108,0.019
0.110,0.019
0.110,0.020
0.109,0.021
0.110,0.021
0.110,0.023
0.109,0.023
0.109,0.022
0.108,0.022
0.108,0.023
0.108,0.023
0.107,0.023
0.107,0.023
0.107,0.025
0.107,0.026
0.109,0.027
0.109,0.028
0.110,0.029
0.111,0.029
0.110,0.029
0.110,0.030
0.111,0.030
0.111,0.030
0.111,0.029
0.112,0.029
0.112,0.030
0.112,0.029
0.113,0.030
0.112,0.031
0.113,0.032
0.113,0.035
0.112,0.036
0.114,0.036
0.115,0.036
0.115,0.035
0.116,0.033
0.117,0.032
0.117,0.032
0.117,0.032
0.118,0.033
0.118,0.034
0.119,0.034
0.119,0.036
0.120,0.036
0.122,0.038
0.122,0.039
0.124,0.037
0.125,0.037
0.126,0.037
0.128,0.037
0.129,0.037
0.128,0.039
0.129,0.037
0.131,0.038
0.130,0.039
0.130,0.038
0.132,0.040
0.131,0.041
0.132,0.039
0.132,0.039
0.133,0.041
0.134,0.039
0.134,0.040
0.134,0.040
0.136,0.039
0.137,0.040
0.137,0.040
0.138,0.039
0.137,0.041
0.138,0.040
0.139,0.040
0.137,0.042
0.138,0.040
0.139,0.039
0.137,0.039
0.138,0.037
0.140,0.037
0.138,0.039
0.139,0.039
0.140,0.042
0.137,0.044
0.139,0.043
0.139,0.044
0.137,0.045
0.139,0.043
0.139,0.044
0.137,0.045
0.138,0.044
0.138,0.044
0.136,0.045
0.136,0.045
0.137,0.045
0.134,0.045
0.134,0.043
0.135,0.042
0.134,0.042
0.136,0.040
0.135,0.041
0.134,0.040
0.135,0.040
0.134,0.040
0.132,0.040
0.131,0.040
0.130,0.040
0.128,0.040
0.128,0.038
0.127,0.038
0.127,0.039
0.126,0.038
0.126,0.038
0.124,0.038
0.125,0.038
0.124,0.039
0.123,0.039
0.122,0.038
0.121,0.039
0.121,0.039
0.121,0.039
0.120,0.041
0.120,0.042
0.121,0.042
0.120,0.042
0.119,0.043
0.119,0.042
0.118,0.042
0.116,0.043
0.116,0.043
0.115,0.045
0.114,0.046
0.115,0.046
0.113,0.047
0.113,0.047
0.113,0.047
0.112,0.048
0.111,0.048
0.111,0.047
0.111,0.048
0.111,0.049
0.112,0.049
0.111,0.049
0.112,0.050
0.112,0.051
0.110,0.051
0.112,0.052
0.112,0.053
0.110,0.053
0.110,0.054
0.111,0.056
0.109,0.056
0.110,0.056
0.110,0.057
0.108,0.056
0.111,0.056
0.110,0.054
0.110,0.054
0.112,0.054
0.112,0.054
0.111,0.055
0.112,0.056
0.113,0.057
0.110,0.057
0.112,0.058
0.111,0.058
0.110,0.059
0.111,0.059
0.111,0.059
0.111,0.059
0.112,0.060
0.111,0.058
0.111,0.058
0.113,0.059
0.113,0.059
0.113,0.061
0.115,0.061
0.115,0.061
0.115,0.061
0.116,0.061
0.115,0.060
0.116,0.060
0.117,0.061
0.117,0.060
0.116,0.061
0.117,0.062
0.117,0.063
0.116,0.065
0.117,0.066
0.116,0.067
0.115,0.070
0.117,0.071
0.116,0.071
0.115,0.073
0.118,0.073
0.117,0.072
0.115,0.072
0.117,0.071
0.116,0.070
0.114,0.070
0.115,0.070
0.114,0.069
0.113,0.068
0.115,0.067
0.113,0.066
0.114,0.066
0.115,0.065
0.114,0.064
0.113,0.064
0.114,0.064
0.113,0.066
0.112,0.066
0.112,0.066
0.111,0.066
0.110,0.067
0.112,0.067
0.110,0.067
0.109,0.067
0.111,0.066
0.111,0.067
0.110,0.066
0.113,0.066
0.110,0.067
0.110,0.065
0.111,0.063
0.106,0.063
0.107,0.063
0.108,0.062
0.106,0.063
0.105,0.064
0.107,0.066
0.104,0.068
0.103,0.069
0.105,0.071
0.102,0.072
0.102,0.071
0.102,0.071
0.101,0.072
0.101,0.071
0.101,0.071
0.098,0.070
0.098,0.069
0.099,0.068
0.098,0.068
0.099,0.068
0.099,0.067
0.097,0.068
0.098,0.069
0.098,0.068
0.096,0.068
0.095,0.068
0.095,0.068
0.094,0.069
0.094,0.070
0.094,0.070
0.092,0.071
0.092,0.073
0.091,0.074
0.090,0.075
0.091,0.075
0.090,0.075
0.088,0.075
0.090,0.075
0.089,0.076
0.087,0.076
0.089,0.076
0.089,0.076
0.088,0.075
0.089,0.074
0.088,0.075
0.086,0.073
0.087,0.073
0.086,0.073
0.084,0.072
0.086,0.073
0.085,0.073
0.083,0.073
0.085,0.073
0.083,0.073
0.082,0.072
0.083,0.071
0.083,0.072
0.081,0.072
0.082,0.073
0.081,0.073
0.079,0.074
0.080,0.074
0.078,0.075
0.078,0.074
0.079,0.075
0.078,0.075
0.077,0.074
0.079,0.075
0.077,0.075
0.077,0.075
0.079,0.076
0.077,0.077
0.077,0.077
0.078,0.078
0.077,0.077
0.077,0.077
0.078,0.078
0.076,0.076
0.076,0.075
0.078,0.075
0.076,0.073
0.077,0.073
0.077,0.073
0.075,0.072
0.076,0.072
0.076,0.072
0.075,0.070
0.074,0.071
0.075,0.071
0.074,0.071
0.075,0.071
0.076,0.072
0.075,0.072
0.075,0.073
0.076,0.074
0.075,0.074
0.074,0.076
0.075,0.075
0.074,0.075
0.072,0.076
0.074,0.075
0.072,0.074
0.073,0.073
0.074,0.072
0.073,0.071
0.074,0.071
0.075,0.071
0.074,0.074
0.073,0.077
0.076,0.077
0.074,0.079
0.075,0.081
0.075,0.080
0.073,0.080
0.073,0.078
0.075,0.078
0.073,0.077
0.072,0.076
0.074,0.075
0.071,0.075
0.071,0.075
0.073,0.075
0.070,0.077
0.071,0.077
0.071,0.077
0.069,0.077
0.070,0.076
0.071,0.075
0.069,0.075
0.071,0.074
0.072,0.073
0.071,0.073
0.072,0.072
0.072,0.074
0.071,0.073
0.071,0.072
0.072,0.073
0.069,0.071
0.071,0.071
0.070,0.072
0.069,0.071
0.071,0.072
0.070,0.073
0.070,0.072
0.071,0.072
0.070,0.073
0.069,0.072
0.070,0.072
0.068,0.073
0.067,0.072
0.068,0.074
0.066,0.074
0.066,0.074
0.067,0.075
0.067,0.077
0.066,0.076
0.067,0.077
0.066,0.077
0.065,0.076
0.067,0.075
0.065,0.075
0.065,0.075
0.066,0.074
0.064,0.074
0.064,0.073
0.064,0.075
0.063,0.076
0.064,0.076
0.065,0.077
0.064,0.078
0.064,0.077
0.064,0.079
0.063,0.080
0.063,0.077
0.062,0.078
0.061,0.078
0.062,0.076
0.062,0.077
0.061,0.076
0.062,0.075
0.061,0.076
0.060,0.076
0.061,0.075
0.060,0.075
0.059,0.075
0.060,0.074
0.059,0.075
0.058,0.075
0.060,0.075
0.059,0.076
0.059,0.074
0.060,0.074
0.059,0.074
0.060,0.072
0.060,0.072
0.058,0.074
0.060,0.073
0.060,0.074
0.058,0.075
0.058,0.074
0.058,0.075
0.057,0.075
0.056,0.073
0.056,0.074
0.054,0.075
0.055,0.073
0.054,0.073
0.054,0.074
0.055,0.074
0.053,0.076
0.052,0.077
0.052,0.078
0.052,0.078
0.052,0.078
0.052,0.077
0.052,0.076
0.053,0.076
0.052,0.075
0.051,0.074
0.051,0.073
0.051,0.074
0.050,0.073
0.052,0.073
0.051,0.074
0.051,0.073
0.051,0.073
0.051,0.072
0.051,0.071
0.051,0.070
0.051,0.069
0.050,0.069
0.050,0.068
0.049,0.069
0.049,0.070
0.048,0.073
0.048,0.075
0.047,0.075
0.047,0.075
0.046,0.073
0.046,0.072
0.046,0.070
0.046,0.069
0.047,0.068
0.047,0.068
0.047,0.067
0.046,0.067
0.047,0.070
0.047,0.070
0.047,0.072
0.047,0.073
0.049,0.074
0.048,0.074
0.048,0.074
0.049,0.074
0.047,0.073
0.048,0.072
0.048,0.071
0.046,0.072
0.047,0.073
0.047,0.072
0.045,0.073
0.046,0.073
0.047,0.073
0.045,0.074
0.045,0.073
0.046,0.072
0.044,0.072
0.046,0.071
0.046,0.069
0.046,0.070
0.046,0.069
0.047,0.068
0.047,0.069
0.047,0.069
0.048,0.069
0.046,0.070
0.047,0.070
0.047,0.071
0.046,0.072
0.047,0.072
0.046,0.071
0.045,0.071
0.045,0.072
0.046,0.071
0.043,0.070
0.043,0.069
0.044,0.068
0.041,0.069
0.041,0.066
0.041,0.065
0.040,0.064
0.040,0.062
0.041,0.061
0.040,0.062
0.042,0.062
0.042,0.062
0.039,0.064
0.041,0.064
0.041,0.065
0.040,0.066
0.041,0.064
0.041,0.065
0.039,0.066
0.039,0.065
0.038,0.066
0.036,0.067
0.037,0.067
0.036,0.069
0.035,0.071
0.037,0.070
0.037,0.071
0.036,0.072
0.038,0.072
0.037,0.072
0.037,0.072
0.039,0.071
0.037,0.070
0.037,0.069
0.038,0.067
0.036,0.067
0.035,0.066
0.037,0.067
0.034,0.067
0.034,0.065
0.037,0.066
0.033,0.066
0.036,0.066
0.036,0.066
0.033,0.066
0.034,0.065
0.034,0.066
0.031,0.066
0.032,0.064
0.032,0.063
0.030,0.062
0.030,0.059
0.031,0.059
0.028,0.059
0.030,0.058
0.028,0.059
0.026,0.059
0.026,0.060
0.026,0.060
0.023,0.059
0.024,0.058
0.024,0.059
0.022,0.059
0.023,0.060
0.022,0.060
0.022,0.060
0.023,0.061
0.021,0.062
0.019,0.062
0.019,0.063
0.019,0.064
0.017,0.062
0.017,0.063
0.014,0.061
0.014,0.061
0.014,0.060
0.012,0.057
0.012,0.056
0.014,0.057
0.014,0.059
0.011,0.058
0.012,0.060
0.011,0.060
0.010,0.058
0.010,0.057
0.008,0.056
0.007,0.056
0.007,0.058
0.006,0.058
0.004,0.058
0.003,0.060
0.003,0.060
0.002,0.060
0.002,0.060
0.000,0.059
-0.001,0.060
0.000,0.059
-0.001,0.059
-0.004,0.059
-0.003,0.058
-0.004,0.059
-0.007,0.060
-0.007,0.060
-0.009,0.059
-0.009,0.060
-0.008,0.059
-0.010,0.057
-0.011,0.057
-0.010,0.057
-0.011,0.058
-0.012,0.058
-0.011,0.059
-0.013,0.059
-0.012,0.060
-0.012,0.060
-0.013,0.058
-0.015,0.057
-0.014,0.057
-0.016,0.057
-0.017,0.054
-0.016,0.055
-0.018,0.055
-0.017,0.057
-0.016,0.058
-0.019,0.058
-0.019,0.061
-0.016,0.062
-0.016,0.060
-0.017,0.059
-0.016,0.061
-0.017,0.060
-0.017,0.061
-0.016,0.060
-0.017,0.060
-0.017,0.062
-0.015,0.062
-0.015,0.063
-0.017,0.064
-0.014,0.063
-0.015,0.063
-0.016,0.063
-0.016,0.062
-0.016,0.063
-0.015,0.065
-0.014,0.062
-0.015,0.062
-0.016,0.062
-0.013,0.062
-0.013,0.062
-0.014,0.062
-0.013,0.061
-0.013,0.061
-0.013,0.062
-0.011,0.060
-0.013,0.061
-0.013,0.061
-0.008,0.059
-0.010,0.060
-0.010,0.060
-0.008,0.059
-0.009,0.059
-0.008,0.060
-0.007,0.057
-0.009,0.059
-0.008,0.060
-0.006,0.060
-0.008,0.061
-0.009,0.059
-0.008,0.059
-0.008,0.059
-0.007,0.058
-0.007,0.056
-0.010,0.057
-0.008,0.057
-0.007,0.057
-0.009,0.058
-0.008,0.058
-0.008,0.060
-0.009,0.058
-0.009,0.057
-0.010,0.055
-0.011,0.054
-0.010,0.052
-0.009,0.051
-0.013,0.051
-0.011,0.051
-0.010,0.053
-0.011,0.051
-0.010,0.052
-0.011,0.052
-0.012,0.053
-0.009,0.053
-0.009,0.051
-0.011,0.050
-0.009,0.049
-0.010,0.049
-0.011,0.047
-0.011,0.047
-0.013,0.047
-0.013,0.045
-0.011,0.045
-0.014,0.045
-0.014,0.044
-0.013,0.045
-0.015,0.047
-0.015,0.044
-0.014,0.047
-0.016,0.048
-0.017,0.047
-0.016,0.049
-0.018,0.048
-0.018,0.046
-0.017,0.047
-0.019,0.047
-0.019,0.043
-0.018,0.045
-0.019,0.045
-0.018,0.044
-0.017,0.047
-0.018,0.048
-0.019,0.048
-0.018,0.051
-0.020,0.050
-0.020,0.049
-0.019,0.050
-0.021,0.049
-0.021,0.047
-0.021,0.048
-0.022,0.048
-0.023,0.048
-0.022,0.049
-0.024,0.049
-0.024,0.049
-0.024,0.049
-0.026,0.048
-0.026,0.048
-0.025,0.048
-0.025,0.047
-0.026,0.046
-0.026,0.047
-0.026,0.047
-0.027,0.048
-0.027,0.047
-0.028,0.047
-0.028,0.047
-0.027,0.046
-0.027,0.044
-0.028,0.044
-0.027,0.043
-0.028,0.041
-0.029,0.041
-0.028,0.040
-0.029,0.041
-0.029,0.041
-0.028,0.041
-0.028,0.042
-0.029,0.042
-0.028,0.042
-0.029,0.042
-0.029,0.043
-0.027,0.042
-0.029,0.042
-0.029,0.042
-0.028,0.041
-0.029,0.041
-0.029,0.041
-0.027,0.041
-0.028,0.041
-0.028,0.041
-0.026,0.040
-0.028,0.041
-0.027,0.040
-0.025,0.039
-0.027,0.039
-0.027,0.037
-0.026,0.037
-0.028,0.038
-0.028,0.037
-0.026,0.036
-0.029,0.037
-0.027,0.036
-0.026,0.036
-0.028,0.037
-0.027,0.036
-0.025,0.037
-0.027,0.037
-0.026,0.036
-0.025,0.037
-0.026,0.036
-0.026,0.035
-0.026,0.035
-0.027,0.036
-0.026,0.036
-0.026,0.037
-0.027,0.037
-0.025,0.037
-0.025,0.039
-0.026,0.039
-0.025,0.040
-0.026,0.041
-0.026,0.040
-0.025,0.041
-0.026,0.041
-0.026,0.039
-0.025,0.039
-0.028,0.039
-0.028,0.036
-0.026,0.036
-0.028,0.036
-0.027,0.034
-0.024,0.034
-0.025,0.034
-0.025,0.032
-0.023,0.033
-0.024,0.035
-0.023,0.035
-0.022,0.037
-0.023,0.036
-0.023,0.036
-0.021,0.036
-0.022,0.035
-0.022,0.035
-0.022,0.035
-0.022,0.034
-0.022,0.035
-0.021,0.035
-0.022,0.035
-0.020,0.034
-0.019,0.035
-0.021,0.034
-0.019,0.033
-0.018,0.034
-0.020,0.033
-0.019,0.033
-0.018,0.034
-0.020,0.033
-0.019,0.032
-0.018,0.034
-0.018,0.033
-0.019,0.032
-0.019,0.033
-0.020,0.032
-0.019,0.032
-0.020,0.033
-0.021,0.032
-0.021,0.034
-0.022,0.035
-0.022,0.033
-0.021,0.033
-0.022,0.033
-0.022,0.030
-0.023,0.030
-0.024,0.030
-0.024,0.028
-0.024,0.028
-0.026,0.029
-0.024,0.027
-0.025,0.028
-0.025,0.029
-0.024,0.029
-0.026,0.031
-0.026,0.031
-0.027,0.029
-0.027,0.030
-0.029,0.029
-0.029,0.027
-0.029,0.028
-0.030,0.028
-0.029,0.026
-0.030,0.026
-0.030,0.025
-0.031,0.023
-0.031,0.025
-0.032,0.026
-0.033,0.027
-0.034,0.029
-0.035,0.032
-0.035,0.032
-0.037,0.033
-0.038,0.035
-0.039,0.034
-0.039,0.034
-0.039,0.032
-0.040,0.032
-0.040,0.030
-0.040,0.029
-0.041,0.029
-0.041,0.027
-0.040,0.028
-0.041,0.027
-0.042,0.026
-0.041,0.026
-0.042,0.027
-0.042,0.026
-0.043,0.027
-0.044,0.027
-0.043,0.026
-0.043,0.027
-0.045,0.025
-0.045,0.025
-0.045,0.025
-0.045,0.025
-0.045,0.024
-0.045,0.024
-0.045,0.023
-0.045,0.022
-0.045,0.023
-0.046,0.021
-0.046,0.021
-0.046,0.022
-0.048,0.020
-0.046,0.019
-0.048,0.019
-0.047,0.017
-0.047,0.017
-0.048,0.019
-0.046,0.018
-0.046,0.018
-0.046,0.018
-0.046,0.017
-0.045,0.019
-0.045,0.019
-0.045,0.019
-0.045,0.020
-0.045,0.021
-0.043,0.019
-0.043,0.020
-0.042,0.020
-0.042,0.019
-0.042,0.022
-0.042,0.021
-0.040,0.021
-0.042,0.023
-0.039,0.021
-0.038,0.022
-0.040,0.022
-0.037,0.021
-0.035,0.021
-0.037,0.021
-0.035,0.020
-0.033,0.021
-0.034,0.022
-0.032,0.020
-0.030,0.020
-0.032,0.022
-0.029,0.020
-0.028,0.021
-0.030,0.022
-0.028,0.020
-0.028,0.021
-0.029,0.021
-0.028,0.019
-0.026,0.019
-0.028,0.019
-0.025,0.018
-0.024,0.019
-0.025,0.021
-0.021,0.022
-0.021,0.024
-0.021,0.026
-0.018,0.027
-0.018,0.027
-0.018,0.026
-0.017,0.025
-0.017,0.024
-0.018,0.023
-0.016,0.022
-0.016,0.021
-0.016,0.020
-0.014,0.018
-0.014,0.017
-0.014,0.015
-0.012,0.015
-0.013,0.015
-0.014,0.015
-0.012,0.015
-0.012,0.014
-0.013,0.014
-0.012,0.012
-0.013,0.013
-0.014,0.012
-0.013,0.011
-0.014,0.012
-0.014,0.013
-0.012,0.013
-0.014,0.013
-0.014,0.013
-0.013,0.012
-0.015,0.013
-0.015,0.013
-0.015,0.013
-0.016,0.013
-0.017,0.013
-0.015,0.013
-0.017,0.012
-0.016,0.011
-0.015,0.011
-0.018,0.011
-0.016,0.011
-0.016,0.012
-0.018,0.013
-0.018,0.013
-0.017,0.015
-0.020,0.015
-0.020,0.015
-0.020,0.015
-0.021,0.014
-0.020,0.013
-0.020,0.012
-0.023,0.011
-0.022,0.010
-0.024,0.010
-0.027,0.010
-0.028,0.010
-0.029,0.010
-0.030,0.010
-0.029,0.010
-0.031,0.010
-0.033,0.009
-0.032,0.010
-0.033,0.008
-0.034,0.006
-0.035,0.006
-0.035,0.006
-0.036,0.004
-0.036,0.005
-0.035,0.006
-0.036,0.006
-0.035,0.008
-0.036,0.008
-0.037,0.008
-0.036,0.010
-0.037,0.009
-0.038,0.008
-0.038,0.010
-0.037,0.009
-0.039,0.008
-0.038,0.008
-0.037,0.005
-0.038,0.004
-0.037,0.005
-0.037,0.006
-0.039,0.006
-0.039,0.007
-0.039,0.007
-0.039,0.009
-0.038,0.011
-0.037,0.010
-0.038,0.012
-0.036,0.012
-0.036,0.012
-0.037,0.014
-0.035,0.013
-0.035,0.011
-0.036,0.010
-0.034,0.009
-0.033,0.007
-0.035,0.008
-0.032,0.007
-0.030,0.008
-0.031,0.009
-0.029,0.008
-0.028,0.008
-0.029,0.009
-0.028,0.008
-0.028,0.008
-0.030,0.009
-0.028,0.007
-0.029,0.007
-0.030,0.007
-0.028,0.006
-0.027,0.005
-0.028,0.005
-0.026,0.002
-0.026,0.001
-0.027,-0.000
-0.025,-0.001
-0.026,-0.001
-0.026,0.001
-0.024,0.001
-0.024,0.003
-0.025,0.004
-0.021,0.003
-0.022,0.003
-0.023,0.004
-0.019,0.003
-0.021,0.004
-0.020,0.003
-0.018,0.002
-0.019,0.003
-0.019,0.003
-0.017,0.003
-0.019,0.004
-0.019,0.003
-0.016,0.003
-0.017,0.004
-0.017,0.003
-0.014,0.003
-0.015,0.004
-0.015,0.002
-0.012,0.003
-0.014,0.004
-0.012,0.003
-0.009,0.004
-0.012,0.004
-0.011,0.003
-0.009,0.004
-0.012,0.004
-0.011,0.002
-0.009,0.003
-0.012,0.004
-0.010,0.002
-0.009,0.003
-0.010,0.003
-0.009,0.004
-0.007,0.004
-0.009,0.004
-0.007,0.004
-0.005,0.006
-0.007,0.005
-0.005,0.004
-0.004,0.004
-0.004,0.003
-0.003,0.003
-0.003,0.002
-0.003,0.001
-0.002,0.000
-0.002,-0.000
-0.003,0.000
-0.001,0.000
-0.001,0.002
-0.002,0.001
-0.001,0.001
0.000,0.001
-0.001,0.001
0.001,0.001
0.000,0.002
-0.000,0.001
0.001,0.001
0.000,0.001
-0.001,0.000
0.000,-0.000
0.000,-0.001
-0.000,-0.003
0.002,-0.003
0.001,-0.002
0.000,-0.003
0.002,-0.003
0.001,-0.003
0.000,-0.003
0.002,-0.004
0.001,-0.005
0.000,-0.007
0.002,-0.007
0.002,-0.008
0.002,-0.009
0.004,-0.009
0.003,-0.009
0.003,-0.009
0.004,-0.008
0.003,-0.006
0.003,-0.005
0.004,-0.003
0.003,-0.003
0.004,-0.002
0.006,-0.002
0.003,-0.003
0.005,-0.004
0.006,-0.003
0.004,-0.004
0.005,-0.005
0.006,-0.004
0.006,-0.004
0.006,-0.004
0.008,-0.003
0.007,-0.004
0.007,-0.004
0.009,-0.003
0.007,-0.003
0.007,-0.004
0.009,-0.004
0.008,-0.005
0.008,-0.006
0.010,-0.007
0.009,-0.007
0.008,-0.006
0.010,-0.005
0.009,-0.004
0.009,-0.003
0.011,-0.003
0.010,-0.003
0.010,-0.002
0.012,-0.002
0.012,-0.002
0.012,-0.001
0.014,-0.002
0.013,-0.001
0.014,-0.001
0.015,-0.003
0.015,-0.002
0.015,-0.002
0.016,-0.003
0.015,-0.003
0.014,-0.002
0.017,-0.003
0.015,-0.005
0.015,-0.004
0.017,-0.005
0.016,-0.005
0.016,-0.007
0.018,-0.007
0.017,-0.005
0.017,-0.005
0.020,-0.004
0.018,-0.003
0.020,-0.003
0.021,-0.004
0.019,-0.003
0.020,-0.003
0.021,-0.003
0.019,-0.002
0.019,-0.003
0.021,-0.003
0.020,-0.003
0.022,-0.004
0.023,-0.003
0.020,-0.003
0.023,-0.003
0.022,-0.003
0.021,-0.003
0.023,-0.005
0.023,-0.005
0.022,-0.005
0.023,-0.007
0.023,-0.007
0.021,-0.008
0.024,-0.009
0.023,-0.010
0.022,-0.010
0.024,-0.008
0.023,-0.007
0.023,-0.008
0.024,-0.008
0.023,-0.007
0.023,-0.009
0.027,-0.008
0.025,-0.007
0.026,-0.008
0.028,-0.007
0.026,-0.006
0.028,-0.007
0.030,-0.005
0.027,-0.004
0.028,-0.005
0.030,-0.004
0.028,-0.004
0.029,-0.005
0.031,-0.004
0.029,-0.004
0.030,-0.005
0.032,-0.004
0.031,-0.005
0.032,-0.007
0.033,-0.004
0.032,-0.004
0.031,-0.003
0.032,-0.002
0.031,-0.002
0.032,-0.003
0.033,-0.003
0.032,-0.003
0.034,-0.003
0.036,-0.002
0.035,-0.004
0.035,-0.004
0.037,-0.004
0.037,-0.006
0.037,-0.005
0.038,-0.006
0.038,-0.006
0.038,-0.005
0.039,-0.004
0.038,-0.003
0.039,-0.003
0.041,-0.005
0.039,-0.006
0.040,-0.006
0.041,-0.006
0.040,-0.005
0.041,-0.005
0.041,-0.006
0.041,-0.007
0.041,-0.007
0.042,-0.007
0.041,-0.007
0.041,-0.006
0.041,-0.006
0.040,-0.007
0.040,-0.006
0.040,-0.006
0.040,-0.006
0.040,-0.004
0.040,-0.003
0.040,-0.003
0.040,-0.003
0.039,-0.003
0.039,-0.003
0.039,-0.002
0.038,-0.002
0.039,-0.003
0.039,-0.001
0.039,-0.001
0.039,-0.001
0.039,0.000
0.040,0.000
0.040,-0.002
0.040,-0.002
0.041,-0.003
0.041,-0.003
0.043,-0.003
0.042,-0.002
0.042,-0.003
0.043,-0.003
0.044,-0.003
0.043,-0.004
0.044,-0.003
0.045,-0.004
0.043,-0.003
0.045,-0.003
0.045,-0.003
0.044,-0.002
0.045,-0.002
0.045,-0.001
0.044,-0.001
0.045,0.000
0.045,0.000
0.045,0.000
0.047,0.001
0.047,0.002
0.047,0.001
0.048,0.000
0.047,0.001
0.047,-0.000
0.049,0.000
0.048,0.002
0.049,0.000
0.050,-0.000
0.049,-0.000
0.049,-0.002
0.050,-0.002
0.050,-0.000
0.049,-0.002
0.051,-0.001
0.050,0.001
0.052,-0.001
0.054,-0.001
0.054,-0.002
0.056,-0.002
0.057,-0.001
0.056,-0.002
0.057,-0.002
0.056,-0.001
0.056,-0.003
0.057,-0.002
0.056,-0.000
0.056,-0.002
0.057,-0.002
0.056,0.000
0.056,-0.002
0.057,-0.002
0.056,-0.000
0.057,-0.003
0.058,-0.002
0.056,-0.001
0.057,-0.003
0.058,-0.004
0.057,-0.002
0.058,-0.003
0.060,-0.001
0.058,0.002
0.060,0.002
0.061,0.001
0.059,0.002
0.061,0.000
0.062,-0.001
0.061,-0.000
0.062,-0.002
0.062,-0.001
0.062,0.000
0.063,-0.000
0.062,-0.001
0.062,-0.000
0.063,-0.001
0.063,-0.001
0.062,-0.001
0.065,-0.002
0.064,-0.001
0.065,-0.003
0.065,-0.004
0.065,-0.004
0.067,-0.004
0.069,-0.005
0.068,-0.005
0.068,-0.004
0.070,-0.004
0.070,-0.003
0.071,-0.003
0.072,-0.004
0.071,-0.003
0.073,-0.005
0.073,-0.006
0.073,-0.007
0.075,-0.007
0.077,-0.007
0.077,-0.006
0.078,-0.005
0.079,-0.003
0.080,-0.001
0.082,0.000
0.083,0.001
0.082,0.001
0.084,0.003
0.085,0.002
0.086,0.001
0.087,0.001
0.089,0.000
0.090,0.002
0.092,0.003
0.091,0.004
0.092,0.003
0.095,0.004
0.095,0.005
0.094,0.004
0.095,0.005
0.096,0.006
0.097,0.007
0.098,0.006
0.098,0.008
0.099,0.009
0.101,0.009
0.100,0.008
0.099,0.005
0.101,0.004
0.103,0.004
0.101,0.004
0.103,0.004
0.101,0.006
0.101,0.006
0.102,0.005
0.102,0.004
0.102,0.003
0.102,0.006
0.103,0.005
0.102,0.006
0.102,0.005
0.103,0.005
0.104,0.004
0.105,0.003
0.104,0.001
0.104,0.001
0.105,0.002
0.106,-0.001
0.105,0.000
0.105,0.001
0.105,0.001
0.104,0.003
0.105,0.003
0.105,0.002
0.106,0.003
0.106,0.004
0.106,0.003
0.105,0.005
0.105,0.003
0.105,0.001
0.105,0.001
0.105,-0.002
0.104,-0.003
0.103,-0.004
0.104,-0.005
0.104,-0.007
0.102,-0.004
0.103,-0.003
0.104,0.000
0.102,0.004
0.103,0.001
0.103,0.003
0.103,0.004
0.104,0.003
0.103,0.004
0.101,0.007
0.102,0.006
0.103,0.005
0.101,0.006
0.102,0.004
0.101,0.005
0.100,0.007
0.100,0.004
0.099,0.005
0.098,0.007
0.099,0.006
0.098,0.008
0.096,0.010
0.098,0.010
0.097,0.012
0.098,0.010
0.099,0.009
0.097,0.009
0.097,0.008
0.099,0.005
0.097,0.004
0.095,0.003
0.099,0.002
0.095,0.002
0.095,0.002
0.097,0.002
0.095,0.002
0.097,0.002
0.099,0.003
0.096,0.004
0.097,0.005
0.099,0.006
0.096,0.006
0.098,0.003
0.098,0.003
0.097,0.002
0.099,0.001
0.098,0.002
0.097,0.002
0.098,0.002
0.099,0.003
0.097,0.005
0.098,0.005
0.099,0.006
0.098,0.007
0.101,0.006
0.102,0.007
0.102,0.007
0.103,0.009
0.104,0.010
0.103,0.011
0.104,0.012
0.105,0.012
0.104,0.012
0.106,0.011
0.105,0.010
0.105,0.009
0.107,0.009
0.108,0.009
0.107,0.010
0.108,0.010
0.108,0.010
0.106,0.010
0.110,0.010
0.109,0.010
0.110,0.011
0.112,0.013
0.112,0.014
0.111,0.015
0.113,0.017
0.112,0.017
0.111,0.017
0.114,0.018
0.113,0.018
0.113,0.017
0.115,0.015
0.114,0.016
0.115,0.015
0.117,0.014
0.116,0.015
0.116,0.016
0.118,0.017
0.117,0.017
0.116,0.018
0.118,0.019
0.118,0.019
0.117,0.018
0.118,0.017
0.117,0.016
0.116,0.015
0.119,0.014
0.118,0.012
0.117,0.012
0.120,0.011
0.119,0.011
0.120,0.013
0.121,0.013
0.121,0.013
0.120,0.014
0.121,0.014
0.120,0.014
0.120,0.014
0.121,0.015
0.119,0.015
0.120,0.015
0.120,0.016
0.119,0.016
0.119,0.015
0.120,0.016
0.118,0.016
0.119,0.016
0.120,0.017
0.118,0.016
0.120,0.016
0.120,0.016
0.118,0.015
0.119,0.016
0.120,0.017
0.118,0.017
0.118,0.019
0.118,0.019
0.116,0.018
0.116,0.019
0.117,0.019
0.114,0.018
0.115,0.020
0.115,0.020
0.115,0.021
0.115,0.021
0.115,0.020
0.115,0.019
0.115,0.020
0.115,0.019
0.114,0.020
0.115,0.021
0.115,0.021
0.113,0.022
0.114,0.023
0.114,0.023
0.112,0.023
0.113,0.024
0.114,0.023
0.112,0.024
0.113,0.024
0.114,0.023
0.114,0.023
0.114,0.022
0.115,0.021
0.113,0.022
0.114,0.022
0.114,0.022
0.113,0.023
0.114,0.024
0.115,0.025
0.114,0.029
0.115,0.031
0.115,0.032
0.113,0.032
0.115,0.032
0.116,0.032
0.114,0.032
0.116,0.031
0.116,0.030
0.114,0.030
0.115,0.028
0.114,0.028
0.112,0.028
0.114,0.028
0.114,0.030
0.112,0.031
0.113,0.030
0.113,0.032
0.111,0.033
0.114,0.033
0.113,0.033
0.112,0.033
0.114,0.033
0.113,0.033
0.111,0.033
0.114,0.033
0.112,0.035
0.111,0.034
0.114,0.036
0.112,0.037
0.112,0.036
0.115,0.037
0.112,0.038
0.113,0.036
0.114,0.036
0.112,0.035
0.113,0.033
0.115,0.035
0.114,0.035
0.114,0.035
0.117,0.036
0.114,0.037
0.115,0.036
0.117,0.039
0.115,0.040
0.117,0.041
0.118,0.043
0.118,0.044
0.119,0.045
0.120,0.046
0.119,0.045
0.120,0.044
0.121,0.042
0.119,0.042
0.119,0.041
0.120,0.041
0.120,0.039
0.120,0.041
0.123,0.042
0.122,0.042
0.122,0.045
0.124,0.044
0.124,0.045
0.124,0.044
0.125,0.044
0.125,0.043
0.126,0.043
0.127,0.041
0.127,0.040
0.129,0.041
0.131,0.039
0.130,0.039
0.131,0.041
0.132,0.041
0.132,0.041
0.133,0.042
0.135,0.042
0.134,0.042
0.135,0.042
0.137,0.042
0.136,0.042
0.137,0.043
0.138,0.042
0.137,0.043
0.137,0.043
0.138,0.043
0.136,0.044
0.137,0.045
0.139,0.045
0.138,0.045
0.139,0.046
0.140,0.045
0.140,0.045
0.141,0.045
0.140,0.044
0.141,0.043
0.141,0.042
0.141,0.042
0.140,0.042
0.140,0.043
0.139,0.044
0.138,0.044
0.139,0.044
0.137,0.045
0.138,0.045
0.138,0.045
0.137,0.044
0.137,0.044
0.138,0.044
0.138,0.042
0.136,0.042
0.138,0.041
0.136,0.042
0.135,0.042
0.136,0.043
0.135,0.044
0.133,0.043
0.133,0.044
0.132,0.044
0.130,0.045
0.130,0.045
0.130,0.047
0.128,0.047
0.130,0.048
0.129,0.050
0.128,0.050
0.129,0.051
0.127,0.051
0.125,0.050
0.126,0.050
0.125,0.049
0.124,0.049
0.125,0.049
0.123,0.050
0.123,0.050
0.124,0.050
0.122,0.051
0.121,0.050
0.122,0.052
0.120,0.053
0.119,0.051
0.120,0.052
0.117,0.052
0.117,0.050
0.117,0.050
0.115,0.050
0.116,0.050
0.118,0.051
0.116,0.051
0.116,0.051
0.117,0.052
0.115,0.052
0.115,0.052
0.114,0.053
0.112,0.052
0.113,0.052
0.112,0.054
0.112,0.052
0.113,0.053
0.112,0.054
0.111,0.054
0.113,0.057
0.111,0.059
0.110,0.058
0.112,0.059
0.110,0.062
0.110,0.059
0.110,0.061
0.108,0.061
0.109,0.060
0.110,0.061
0.109,0.061
0.109,0.060
0.110,0.062
0.109,0.063
0.110,0.062
0.111,0.062
0.109,0.063
0.110,0.061
0.111,0.062
0.110,0.061
0.112,0.059
0.112,0.061
0.112,0.062
0.113,0.062
0.113,0.062
0.113,0.063
0.112,0.062
0.113,0.062
0.113,0.062
0.114,0.060
0.114,0.059
0.114,0.058
0.115,0.059
0.115,0.060
0.114,0.062
0.114,0.063
0.114,0.065
0.115,0.065
0.114,0.065
0.114,0.066
0.115,0.065
0.115,0.065
0.115,0.065
0.117,0.064
0.117,0.064
0.116,0.064
0.117,0.063
0.117,0.064
0.116,0.063
0.116,0.062
0.116,0.062
0.116,0.062
0.116,0.062
0.115,0.062
0.114,0.062
0.116,0.062
0.114,0.062
0.114,0.062
0.115,0.061
0.114,0.060
0.115,0.059
0.115,0.060
0.114,0.061
0.115,0.061
0.115,0.062
0.115,0.062
0.114,0.062
0.114,0.062
0.114,0.060
0.114,0.058
0.113,0.058
0.113,0.057
0.115,0.057
0.114,0.058
0.113,0.056
0.113,0.058
0.112,0.058
0.112,0.058
0.112,0.061
0.110,0.062
0.110,0.062
0.110,0.063
0.109,0.064
0.109,0.065
0.108,0.067
0.106,0.067
0.106,0.067
0.105,0.069
0.105,0.067
0.106,0.069
0.105,0.071
0.105,0.071
0.105,0.072
0.103,0.073
0.103,0.071
0.103,0.070
0.101,0.071
0.100,0.069
0.101,0.069
0.099,0.071
0.099,0.070
0.099,0.070
0.097,0.072
0.097,0.073
0.097,0.073
0.096,0.075
0.096,0.074
0.097,0.072
0.095,0.072
0.095,0.070
0.096,0.071
0.095,0.071
0.095,0.070
0.096,0.070
0.094,0.071
0.095,0.071
0.095,0.070
0.094,0.071
0.093,0.070
0.094,0.070
0.093,0.071
0.093,0.070
0.092,0.070
0.091,0.072
0.091,0.072
0.091,0.073
0.091,0.075
0.090,0.074
0.091,0.075
0.090,0.076
0.090,0.074
0.090,0.074
0.088,0.074
0.088,0.072
0.088,0.072
0.088,0.072
0.088,0.071
0.088,0.072
0.087,0.074
0.088,0.073
0.087,0.075
0.086,0.076
0.088,0.076
0.086,0.077
0.085,0.077
0.085,0.075
0.084,0.076
0.083,0.075
0.083,0.074
0.082,0.074
0.082,0.075
0.084,0.074
0.083,0.074
0.083,0.074
0.084,0.073
0.082,0.075
0.082,0.074
0.081,0.073
0.078,0.074
0.078,0.073
0.079,0.073
0.075,0.073
0.076,0.072
0.078,0.075
0.076,0.077
0.077,0.077
0.078,0.079
0.076,0.082
0.078,0.080
0.079,0.082
0.076,0.081
0.078,0.080
0.078,0.080
0.076,0.081
0.079,0.078
0.078,0.079
0.075,0.079
0.076,0.077
0.076,0.077
0.074,0.077
0.076,0.076
0.075,0.077
0.075,0.077
0.077,0.078
0.076,0.078
0.075,0.079
0.077,0.079
0.075,0.080
0.075,0.081
0.076,0.081
0.075,0.080
0.074,0.080
0.075,0.080
0.074,0.078
0.074,0.079
0.075,0.080
0.074,0.080
0.074,0.080
0.074,0.081
0.075,0.080
0.073,0.079
0.073,0.080
0.072,0.081
0.071,0.081
0.070,0.081
0.069,0.080
0.070,0.079
0.071,0.080
0.071,0.080
0.071,0.080
0.071,0.080
0.071,0.078
0.070,0.077
0.070,0.076
0.071,0.074
0.071,0.074
0.071,0.073
0.071,0.072
0.071,0.074
0.071,0.073
0.071,0.073
0.070,0.075
0.070,0.074
0.069,0.074
0.068,0.075
0.068,0.075
0.066,0.075
0.067,0.077
0.066,0.077
0.067,0.077
0.067,0.079
0.068,0.078
0.067,0.078
0.068,0.078
0.069,0.078
0.068,0.078
0.068,0.079
0.067,0.080
0.067,0.080
0.066,0.080
0.066,0.079
0.065,0.078
0.065,0.078
0.066,0.077
0.063,0.077
0.064,0.076
0.065,0.075
0.064,0.075
0.064,0.074
0.064,0.075
0.062,0.076
0.062,0.076
0.062,0.074
0.059,0.073
0.060,0.071
0.061,0.069
0.059,0.070
0.060,0.069
0.060,0.069
0.058,0.070
0.059,0.070
0.060,0.071
0.058,0.073
0.059,0.072
0.060,0.072
0.057,0.075
0.058,0.075
0.057,0.076
0.055,0.076
0.055,0.076
0.055,0.076
0.052,0.077
0.053,0.077
0.054,0.077
0.054,0.077
0.055,0.075
0.055,0.074
0.055,0.074
0.055,0.072
0.055,0.071
0.053,0.071
0.055,0.070
0.054,0.070
0.051,0.071
0.053,0.072
0.052,0.074
0.051,0.074
0.053,0.075
0.052,0.076
0.052,0.077
0.052,0.078
0.051,0.079
0.049,0.079
0.052,0.077
0.051,0.077
0.049,0.077
0.052,0.076
0.051,0.077
0.050,0.077
0.052,0.077
0.051,0.077
0.049,0.077
0.051,0.076
0.049,0.075
0.048,0.075
0.049,0.075
0.048,0.075
0.047,0.075
0.049,0.074
0.048,0.074
0.048,0.073
0.049,0.073
0.049,0.073
0.049,0.073
0.051,0.073
0.049,0.073
0.050,0.073
0.050,0.073
0.048,0.073
0.047,0.072
0.048,0.073
0.046,0.072
0.046,0.072
0.047,0.073
0.046,0.072
0.047,0.071
0.047,0.071
0.046,0.071
0.048,0.071
0.049,0.071
0.047,0.071
0.049,0.070
0.049,0.070
0.048,0.068
0.049,0.067
0.049,0.067
0.049,0.067
0.049,0.068
0.050,0.068
0.049,0.068
0.048,0.068
0.050,0.067
0.047,0.067
0.048,0.069
0.048,0.070
0.046,0.072
0.046,0.072
0.047,0.071
0.046,0.071
0.046,0.071
0.046,0.071
0.045,0.070
0.046,0.072
0.047,0.071
0.045,0.071
0.046,0.071
0.047,0.069
0.046,0.067
0.046,0.066
0.046,0.065
0.046,0.063
0.045,0.064
0.046,0.064
0.043,0.065
0.044,0.065
0.043,0.065
0.041,0.066
0.042,0.065
0.041,0.064
0.040,0.064
0.041,0.063
0.041,0.062
0.039,0.063
0.041,0.063
0.041,0.063
0.039,0.065
0.041,0.065
0.040,0.066
0.039,0.067
0.041,0.067
0.040,0.068
0.038,0.068
0.039,0.067
0.039,0.067
0.036,0.068
0.037,0.066
0.037,0.065
0.036,0.063
0.037,0.061
0.036,0.061
0.034,0.061
0.036,0.062
0.035,0.063
0.034,0.063
0.036,0.063
0.035,0.063
0.034,0.062
0.035,0.061
0.032,0.062
0.032,0.059
0.033,0.060
0.030,0.061
0.030,0.059
0.033,0.060
0.030,0.062
0.031,0.061
0.033,0.063
0.030,0.063
0.029,0.061
0.031,0.062
0.029,0.062
0.028,0.062
0.030,0.064
0.028,0.065
0.028,0.065
0.028,0.066
0.025,0.067
0.026,0.068
0.026,0.066
0.024,0.066
0.023,0.065
0.024,0.065
0.023,0.065
0.022,0.066
0.023,0.067
0.022,0.067
0.021,0.067
0.022,0.066
0.020,0.066
0.021,0.067
0.021,0.067
0.020,0.066
0.019,0.065
0.019,0.063
0.017,0.062
0.017,0.062
0.017,0.062
0.015,0.063
0.015,0.064
0.015,0.065
0.013,0.064
0.013,0.065
0.013,0.066
0.011,0.064
0.011,0.063
0.012,0.062
0.010,0.062
0.010,0.063
0.009,0.063
0.008,0.062
0.006,0.063
0.007,0.063
0.006,0.062
0.004,0.061
0.004,0.061
0.002,0.062
0.003,0.062
0.002,0.062
0.002,0.062
0.001,0.063
0.001,0.062
-0.001,0.060
-0.003,0.060
-0.002,0.059
-0.003,0.058
-0.003,0.059
-0.006,0.058
-0.007,0.059
-0.008,0.060
-0.008,0.058
-0.010,0.058
-0.012,0.057
-0.012,0.059
-0.013,0.058
-0.011,0.059
-0.014,0.059
-0.013,0.061
-0.012,0.063
-0.014,0.063
-0.015,0.064
-0.015,0.063
-0.014,0.063
-0.015,0.061
-0.015,0.060
-0.016,0.060
-0.017,0.060
-0.016,0.061
-0.017,0.060
-0.018,0.059
-0.017,0.057
-0.016,0.059
-0.019,0.058
-0.018,0.057
-0.016,0.057
-0.018,0.058
-0.016,0.058
-0.016,0.058
-0.017,0.060
-0.015,0.060
-0.015,0.059
-0.016,0.059
-0.014,0.059
-0.016,0.060
-0.016,0.060
-0.015,0.059
-0.015,0.061
-0.014,0.060
-0.011,0.061
-0.012,0.062
-0.013,0.059
-0.012,0.059
-0.014,0.058
-0.014,0.055
-0.012,0.055
-0.014,0.054
-0.014,0.053
-0.012,0.052
-0.013,0.052
-0.013,0.049
-0.010,0.049
-0.012,0.049
-0.012,0.048
-0.011,0.050
-0.013,0.050
-0.011,0.049
-0.010,0.050
-0.014,0.050
-0.012,0.049
-0.011,0.051
-0.012,0.052
-0.010,0.049
-0.009,0.052
-0.009,0.052
-0.008,0.052
-0.008,0.053
-0.009,0.051
-0.007,0.049
-0.006,0.049
-0.006,0.049
-0.005,0.046
-0.006,0.050
-0.006,0.049
-0.006,0.049
-0.006,0.051
-0.006,0.050
-0.006,0.051
-0.007,0.052
-0.007,0.050
-0.006,0.051
-0.008,0.053
-0.007,0.051
-0.006,0.051
-0.008,0.051
-0.009,0.048
-0.009,0.049
-0.009,0.047
-0.008,0.047
-0.008,0.048
-0.011,0.049
-0.010,0.049
-0.009,0.050
-0.011,0.050
-0.011,0.049
-0.011,0.050
-0.012,0.050
-0.013,0.049
-0.013,0.050
-0.014,0.050
-0.012,0.049
-0.013,0.050
-0.014,0.048
-0.014,0.047
-0.013,0.048
-0.013,0.046
-0.015,0.045
-0.015,0.045
-0.015,0.046
-0.016,0.046
-0.017,0.046
-0.017,0.047
-0.017,0.047
-0.019,0.047
-0.018,0.047
-0.020,0.047
-0.020,0.048
-0.020,0.047
-0.020,0.046
-0.021,0.046
-0.022,0.045
-0.022,0.047
-0.023,0.048
-0.023,0.047
-0.024,0.049
-0.025,0.050
-0.025,0.049
-0.026,0.048
-0.026,0.048
-0.027,0.046
-0.028,0.045
-0.028,0.044
-0.028,0.043
-0.029,0.043
-0.030,0.043
-0.030,0.042
-0.030,0.043
-0.030,0.042
-0.030,0.042
-0.030,0.041
-0.029,0.041
-0.030,0.041
-0.030,0.040
-0.029,0.041
-0.029,0.040
-0.029,0.039
-0.029,0.038
-0.029,0.038
-0.030,0.037
-0.030,0.037
-0.030,0.038
-0.031,0.037
-0.030,0.038
-0.030,0.038
-0.030,0.040
-0.029,0.042
-0.029,0.043
-0.029,0.044
-0.029,0.043
-0.030,0.042
-0.030,0.041
-0.029,0.039
-0.031,0.039
-0.031,0.037
-0.030,0.037
-0.031,0.036
-0.030,0.034
-0.029,0.035
-0.029,0.035
-0.029,0.035
-0.028,0.036
-0.028,0.036
-0.027,0.036
-0.026,0.036
-0.027,0.036
-0.026,0.035
-0.027,0.035
-0.027,0.035
-0.026,0.034
-0.027,0.035
-0.026,0.033
-0.025,0.033
-0.024,0.035
-0.024,0.034
-0.023,0.034
-0.023,0.035
-0.024,0.035
-0.022,0.036
-0.023,0.036
-0.023,0.035
-0.022,0.035
-0.023,0.036
-0.023,0.035
-0.023,0.035
-0.024,0.037
-0.025,0.036
-0.023,0.035
-0.024,0.035
-0.024,0.034
-0.023,0.033
-0.024,0.034
-0.024,0.034
-0.023,0.036
-0.024,0.037
-0.025,0.036
-0.024,0.036
-0.025,0.036
-0.024,0.035
-0.023,0.034
-0.025,0.035
-0.024,0.034
-0.024,0.035
-0.024,0.036
-0.025,0.035
-0.023,0.036
-0.024,0.036
-0.023,0.036
-0.023,0.036
-0.023,0.037
-0.022,0.035
-0.021,0.036
-0.020,0.035
-0.021,0.033
-0.020,0.033
-0.021,0.031
-0.021,0.030
-0.021,0.030
-0.021,0.029
-0.021,0.028
-0.021,0.030
-0.019,0.030
-0.020,0.030
-0.019,0.032
-0.018,0.033
-0.018,0.034
-0.019,0.035
-0.019,0.035
-0.019,0.036
-0.020,0.037
-0.020,0.036
-0.021,0.036
-0.022,0.036
-0.021,0.034
-0.022,0.032
-0.022,0.030
-0.022,0.028
-0.022,0.027
-0.022,0.026
-0.022,0.025
-0.022,0.025
-0.023,0.026
-0.022,0.026
-0.023,0.026
-0.023,0.028
-0.023,0.028
-0.024,0.030
-0.024,0.030
-0.025,0.030
-0.025,0.030
-0.025,0.029
-0.025,0.028
-0.027,0.026
-0.026,0.025
-0.028,0.023
-0.029,0.023
-0.029,0.023
-0.030,0.023
-0.031,0.023
-0.032,0.023
-0.032,0.022
-0.034,0.021
-0.035,0.020
-0.036,0.020
-0.037,0.021
-0.038,0.022
-0.038,0.023
-0.039,0.023
-0.039,0.023
-0.040,0.020
-0.040,0.019
-0.042,0.018
-0.042,0.016
-0.042,0.014
-0.044,0.014
-0.044,0.012
-0.044,0.013
-0.045,0.014
-0.044,0.014
-0.044,0.013
-0.044,0.014
-0.043,0.013
-0.043,0.012
-0.044,0.013
-0.044,0.013
-0.044,0.012
-0.044,0.014
-0.045,0.014
-0.045,0.013
-0.045,0.014
-0.045,0.015
-0.045,0.015
-0.043,0.018
-0.044,0.019
-0.043,0.019
-0.043,0.021
-0.044,0.021
-0.043,0.020
-0.044,0.020
-0.043,0.019
-0.043,0.018
-0.044,0.020
-0.045,0.020
-0.044,0.021
-0.045,0.024
-0.044,0.023
-0.042,0.023
-0.042,0.023
-0.041,0.020
-0.041,0.019
-0.042,0.020
-0.041,0.018
-0.041,0.018
-0.041,0.018
-0.039,0.017
-0.038,0.017
-0.038,0.019
-0.036,0.019
-0.035,0.022
-0.034,0.025
-0.031,0.025
-0.032,0.026
-0.031,0.026
-0.029,0.024
-0.030,0.024
-0.029,0.022
-0.028,0.022
-0.029,0.023
-0.028,0.021
-0.027,0.021
-0.029,0.021
-0.027,0.020
-0.024,0.020
-0.026,0.021
-0.024,0.020
-0.023,0.021
-0.025,0.021
-0.023,0.020
-0.022,0.020
-0.024,0.019
-0.022,0.017
-0.022,0.016
-0.023,0.016
-0.021,0.014
-0.021,0.015
-0.022,0.018
-0.020,0.018
-0.018,0.020
-0.020,0.019
-0.018,0.018
-0.017,0.018
-0.019,0.017
-0.017,0.016
-0.017,0.015
-0.019,0.014
-0.017,0.013
-0.017,0.013
-0.020,0.012
-0.018,0.013
-0.018,0.014
-0.019,0.014
-0.017,0.015
-0.018,0.015
-0.018,0.014
-0.017,0.013
-0.018,0.013
-0.019,0.015
-0.017,0.016
-0.018,0.017
-0.019,0.017
-0.017,0.019
-0.018,0.018
-0.019,0.019
-0.018,0.017
-0.020,0.016
-0.020,0.015
-0.019,0.013
-0.019,0.012
-0.020,0.011
-0.018,0.011
-0.019,0.012
-0.020,0.013
-0.019,0.013
-0.020,0.014
-0.020,0.014
-0.019,0.014
-0.019,0.014
-0.020,0.013
-0.020,0.012
-0.021,0.010
-0.022,0.010
-0.020,0.010
-0.022,0.009
-0.023,0.009
-0.022,0.009
-0.025,0.008
-0.025,0.008
-0.025,0.008
-0.026,0.008
-0.027,0.007
-0.026,0.007
-0.028,0.007
-0.028,0.006
-0.028,0.005
-0.031,0.004
-0.032,0.004
-0.032,0.005
-0.034,0.004
-0.035,0.004
-0.034,0.004
-0.036,0.003
-0.037,0.003
-0.036,0.002
-0.037,0.001
-0.038,0.003
-0.037,0.003
-0.038,0.004
-0.039,0.006
-0.038,0.005
-0.039,0.006
-0.040,0.007
-0.038,0.008
-0.040,0.009
-0.039,0.010
-0.038,0.008
-0.037,0.009
-0.037,0.009
-0.035,0.008
-0.036,0.008
-0.036,0.008
-0.034,0.007
-0.035,0.008
-0.034,0.008
-0.033,0.007
-0.034,0.007
-0.033,0.006
-0.032,0.005
-0.034,0.005
-0.033,0.005
-0.031,0.004
-0.034,0.005
-0.032,0.005
-0.031,0.006
-0.032,0.006
-0.031,0.008
-0.029,0.009
-0.030,0.009
-0.029,0.008
-0.027,0.008
-0.028,0.008
-0.027,0.006
-0.027,0.006
-0.029,0.006
-0.026,0.004
-0.027,0.005
-0.029,0.005
-0.027,0.004
-0.026,0.006
-0.028,0.005
-0.026,0.004
-0.024,0.005
-0.026,0.006
-0.023,0.004
-0.023,0.003
-0.025,0.001
-0.022,-0.001
-0.023,0.001
-0.024,0.001
-0.022,0.001
-0.022,0.004
-0.023,0.004
-0.019,0.003
-0.019,0.002
-0.020,0.001
-0.017,-0.000
-0.019,-0.001
-0.019,-0.002
-0.017,-0.001
-0.018,-0.002
-0.019,-0.002
-0.016,-0.001
-0.018,-0.001
-0.018,-0.001
-0.015,-0.001
-0.018,0.000
-0.016,-0.002
-0.014,-0.001
-0.016,-0.000
-0.015,-0.002
-0.012,-0.001
-0.014,-0.001
-0.013,-0.002
-0.011,-0.001
-0.013,-0.001
-0.011,-0.002
-0.010,-0.002
-0.010,-0.003
-0.009,-0.004
-0.008,-0.002
-0.009,-0.003
-0.008,-0.002
-0.007,-0.001
-0.008,-0.002
-0.006,-0.001
-0.005,-0.001
-0.005,-0.001
-0.004,-0.002
-0.003,-0.001
-0.003,-0.002
-0.002,-0.001
-0.002,-0.001
-0.002,-0.002
-0.001,-0.001
-0.001,-0.002
-0.002,-0.003
-0.001,-0.003
-0.001,-0.003
-0.001,-0.003
-0.001,-0.003
0.000,-0.004
-0.000,-0.005
0.001,-0.006
0.001,-0.008
0.000,-0.009
0.001,-0.007
0.001,-0.007
0.001,-0.006
0.000,-0.005
0.003,-0.005
0.001,-0.006
0.002,-0.007
0.004,-0.008
0.003,-0.009
0.003,-0.007
0.002,-0.007
0.003,-0.006
0.004,-0.005
0.004,-0.006
0.003,-0.006
0.004,-0.006
0.006,-0.009
0.004,-0.009
0.006,-0.010
0.006,-0.010
0.006,-0.009
0.007,-0.009
0.007,-0.009
0.007,-0.007
0.008,-0.005
0.009,-0.005
0.008,-0.004
0.009,-0.003
0.009,-0.003
0.008,-0.002
0.010,-0.002
0.010,-0.001
0.009,-0.001
0.011,0.001
0.010,0.001
0.010,0.001
0.011,0.001
0.011,0.001
0.010,0.001
0.012,0.001
0.011,-0.001
0.011,-0.002
0.013,-0.003
0.012,-0.003
0.012,-0.003
0.014,-0.002
0.012,-0.003
0.013,-0.002
0.014,-0.001
0.012,-0.001
0.013,-0.002
0.014,-0.002
0.014,-0.002
0.014,-0.003
0.015,-0.003
0.015,-0.002
0.015,-0.002
0.016,-0.001
0.015,-0.001
0.015,-0.000
0.017,-0.001
0.017,-0.001
0.016,-0.001
0.019,-0.002
0.018,-0.001
0.017,-0.001
0.020,-0.002
0.018,-0.001
0.019,-0.000
0.021,-0.001
0.019,-0.001
0.019,-0.001
0.021,-0.001
0.020,-0.001
0.019,-0.001
0.022,-0.001
0.020,-0.000
0.020,0.000
0.021,-0.000
0.019,-0.000
0.020,-0.001
0.021,-0.003
0.019,-0.003
0.019,-0.003
0.022,-0.003
0.021,-0.003
0.022,-0.003
0.024,-0.003
0.023,-0.003
0.024,-0.004
0.025,-0.004
0.023,-0.003
0.024,-0.005
0.025,-0.004
0.022,-0.003
0.024,-0.005
0.025,-0.004
0.023,-0.004
0.024,-0.003
0.026,-0.002
0.023,-0.002
0.025,-0.003
0.026,-0.002
0.024,-0.003
0.025,-0.003
0.026,-0.003
0.025,-0.004
0.028,-0.004
0.029,-0.003
0.028,-0.003
0.029,-0.003
0.029,-0.002
0.029,-0.004
0.030,-0.005
0.029,-0.005
0.029,-0.007
0.031,-0.005
0.029,-0.006
0.029,-0.008
0.031,-0.007
0.030,-0.009
0.031,-0.011
0.032,-0.010
0.032,-0.010
0.032,-0.012
0.034,-0.010
0.033,-0.009
0.034,-0.009
0.035,-0.008
0.034,-0.009
0.035,-0.010
0.036,-0.008
0.035,-0.009
0.035,-0.009
0.037,-0.007
0.036,-0.007
0.037,-0.005
0.038,-0.003
0.039,-0.003
0.040,-0.003
0.041,-0.003
0.041,-0.003
0.041,-0.003
0.042,-0.003
0.042,-0.005
0.042,-0.006
0.042,-0.005
0.042,-0.007
0.042,-0.005
0.042,-0.004
0.041,-0.004
0.041,-0.002
0.041,-0.002
0.041,-0.004
0.040,-0.005
0.042,-0.006
0.041,-0.007
0.041,-0.008
0.042,-0.009
0.042,-0.009
0.041,-0.007
0.041,-0.007
0.041,-0.007
0.040,-0.005
0.040,-0.005
0.041,-0.004
0.040,-0.003
0.041,-0.004
0.041,-0.004
0.041,-0.004
0.042,-0.003
0.042,-0.002
0.042,-0.003
0.044,-0.002
0.043,-0.002
0.042,-0.002
0.044,-0.002
0.040,-0.003
0.041,-0.004
0.042,-0.005
0.041,-0.004
0.041,-0.005
0.042,-0.005
0.041,-0.005
0.041,-0.007
0.044,-0.008
0.041,-0.007
0.042,-0.006
0.044,-0.005
0.043,-0.003
0.044,-0.002
0.044,-0.000
0.043,-0.002
0.044,-0.002
0.045,-0.001
0.045,-0.002
0.046,-0.002
0.047,-0.003
0.045,-0.004
0.047,-0.004
0.047,-0.004
0.046,-0.005
0.048,-0.006
0.049,-0.005
0.048,-0.007
0.050,-0.006
0.050,-0.004
0.049,-0.004
0.052,-0.003
0.050,-0.002
0.051,-0.003
0.051,-0.003
0.050,-0.003
0.050,-0.007
0.051,-0.007
0.051,-0.007
0.050,-0.009
0.052,-0.009
0.051,-0.007
0.051,-0.007
0.052,-0.008
0.052,-0.007
0.052,-0.008
0.052,-0.007
0.052,-0.007
0.052,-0.007
0.053,-0.007
0.053,-0.008
0.054,-0.008
0.054,-0.008
0.054,-0.009
0.055,-0.010
0.054,-0.010
0.055,-0.010
0.056,-0.010
0.056,-0.009
0.057,-0.010
0.057,-0.010
0.059,-0.009
0.058,-0.009
0.060,-0.009
0.060,-0.008
0.061,-0.008
0.061,-0.008
0.061,-0.004
0.062,-0.004
0.062,-0.004
0.062,-0.005
0.062,-0.005
0.063,-0.006
0.062,-0.006
0.063,-0.006
0.064,-0.007
0.063,-0.006
0.065,-0.008
0.065,-0.008
0.065,-0.007
0.066,-0.006
0.067,-0.005
0.067,-0.004
0.069,-0.004
0.070,-0.004
0.069,-0.003
0.070,-0.002
0.071,-0.000
0.071,0.000
0.073,-0.000
0.074,0.001
0.073,0.002
0.075,0.002
0.075,0.002
0.075,0.003
0.077,0.001
0.079,0.001
0.078,0.001
0.078,0.001
0.079,0.002
0.079,0.002
0.081,0.001
0.082,0.002
0.080,0.003
0.083,0.002
0.084,0.001
0.085,0.001
0.086,0.002
0.087,0.002
0.088,0.003
0.087,0.003
0.088,0.003
0.088,0.004
0.091,0.004
0.092,0.004
0.092,0.006
0.093,0.007
0.092,0.006
0.095,0.007
0.094,0.005
0.095,0.004
0.096,0.004
0.097,0.005
0.097,0.005
0.096,0.005
0.097,0.006
0.099,0.007
0.099,0.008
0.099,0.006
0.100,0.005
0.101,0.004
0.101,0.002
0.102,-0.001
0.101,-0.000
0.103,-0.001
0.102,-0.004
0.102,-0.004
0.103,-0.006
0.103,-0.007
0.102,-0.005
0.102,-0.006
0.102,-0.005
0.101,-0.003
0.102,-0.005
0.102,-0.005
0.102,-0.005
0.101,-0.008
0.101,-0.008
0.101,-0.008
0.102,-0.011
0.101,-0.010
0.102,-0.009
0.104,-0.008
0.102,-0.007
0.102,-0.008
0.103,-0.008
0.102,-0.009
0.103,-0.009
0.103,-0.010
0.101,-0.009
0.103,-0.009
0.104,-0.008
0.101,-0.008
0.101,-0.007
0.104,-0.006
0.101,-0.004
0.101,-0.004
0.101,-0.003
0.100,-0.002
0.102,-0.001
0.102,-0.001
0.100,-0.001
0.100,0.000
0.102,0.002
0.100,0.003
0.101,0.002
0.101,0.003
0.099,0.003
0.100,0.002
0.099,-0.002
0.098,-0.003
0.100,-0.004
0.100,-0.004
0.099,-0.003
0.100,-0.003
0.099,-0.002
0.099,-0.001
0.100,-0.001
0.099,-0.001
0.097,-0.002
0.098,-0.002
0.097,-0.001
0.095,-0.001
0.095,-0.001
0.095,0.000
0.094,0.002
0.096,0.001
0.094,0.000
0.093,0.001
0.096,0.001
0.095,0.001
0.092,0.002
0.094,0.001
0.094,0.002
0.093,0.001
0.095,-0.001
0.093,-0.001
0.093,-0.001
0.094,-0.002
0.093,-0.001
0.091,-0.002
0.095,-0.002
0.095,-0.001
0.093,-0.001
0.095,0.000
0.094,0.001
0.095,0.003
0.096,0.003
0.095,0.004
0.096,0.006
0.098,0.006
0.098,0.007
0.098,0.008
0.100,0.010
0.100,0.010
0.100,0.010
0.101,0.009
0.100,0.008
0.101,0.007
0.102,0.006
0.101,0.004
0.102,0.002
0.103,0.003
0.101,0.002
0.104,0.003
0.105,0.005
0.103,0.006
0.105,0.008
0.106,0.008
0.104,0.008
0.106,0.008
0.106,0.009
0.106,0.009
0.107,0.009
0.107,0.009
0.106,0.009
0.108,0.010
0.110,0.011
0.110,0.010
0.111,0.011
0.113,0.010
0.113,0.010
0.113,0.010
0.113,0.011
0.113,0.012
0.113,0.015
0.114,0.014
0.113,0.015
0.114,0.016
0.115,0.015
0.114,0.015
0.116,0.016
0.117,0.016
0.117,0.015
0.118,0.017
0.119,0.015
0.118,0.015
0.118,0.016
0.120,0.015
0.118,0.015
0.119,0.015
0.119,0.015
0.118,0.016
0.119,0.016
0.119,0.016
0.118,0.017
0.119,0.017
0.119,0.017
0.118,0.019
0.118,0.018
0.118,0.018
0.116,0.019
0.117,0.019
0.117,0.019
0.114,0.019
0.116,0.020
0.116,0.019
0.114,0.020
0.114,0.017
0.114,0.016
0.113,0.016
0.114,0.014
0.114,0.015
0.112,0.016
0.114,0.017
0.113,0.017
0.112,0.018
0.115,0.017
0.113,0.016
0.112,0.015
0.114,0.013
0.113,0.012
0.112,0.011
0.114,0.012
0.113,0.014
0.112,0.014
0.115,0.016
0.112,0.017
0.113,0.016
0.115,0.016
0.113,0.017
0.113,0.018
0.114,0.019
0.112,0.020
0.111,0.020
0.114,0.019
0.111,0.020
0.111,0.019
0.113,0.019
0.110,0.019
0.111,0.018
0.112,0.019
0.110,0.020
0.110,0.020
0.111,0.021
0.108,0.021
0.109,0.022
0.111,0.022
0.109,0.023
0.110,0.023
0.111,0.023
0.109,0.023
0.110,0.023
0.111,0.024
0.109,0.024
0.109,0.026
0.110,0.026
0.108,0.026
0.109,0.025
0.110,0.025
0.109,0.024
0.109,0.025
0.110,0.025
0.110,0.024
0.110,0.024
0.111,0.024
0.109,0.025
0.111,0.025
0.111,0.026
0.108,0.027
0.110,0.028
0.110,0.029
0.109,0.028
0.109,0.027
0.109,0.027
0.108,0.027
0.109,0.026
0.108,0.028
0.107,0.030
0.109,0.030
0.109,0.031
0.109,0.031
0.111,0.033
0.110,0.034
0.109,0.034
0.111,0.035
0.110,0.036
0.109,0.036
0.110,0.037
0.109,0.037
0.109,0.036
0.112,0.037
0.110,0.037
0.111,0.035
0.112,0.036
0.111,0.036
0.112,0.036
0.114,0.037
0.113,0.038
0.114,0.038
0.116,0.038
0.115,0.037
0.117,0.037
0.119,0.039
0.118,0.039
0.119,0.039
0.120,0.041
0.120,0.041
0.121,0.041
0.121,0.042
0.122,0.043
0.123,0.044
0.123,0.045
0.124,0.045
0.124,0.044
0.126,0.044
0.125,0.043
0.127,0.043
0.128,0.043
0.129,0.041
0.130,0.042
0.131,0.043
0.132,0.043
0.132,0.044
0.133,0.045
0.133,0.045
0.134,0.046
0.135,0.046
0.134,0.045
0.134,0.045
0.135,0.044
0.135,0.043
0.135,0.042
0.136,0.041
0.134,0.042
0.134,0.043
0.135,0.043
0.134,0.044
0.135,0.045
0.136,0.045
0.136,0.044
0.136,0.045
0.136,0.044
0.136,0.043
0.135,0.043
0.135,0.043
0.134,0.043
0.135,0.041
0.134,0.041
0.134,0.039
0.133,0.038
0.132,0.037
0.132,0.036
0.133,0.038
0.133,0.039
0.133,0.038
0.133,0.039
0.132,0.040
0.132,0.041
0.132,0.042
0.130,0.044
0.130,0.044
0.130,0.044
0.130,0.044
0.129,0.043
0.129,0.043
0.128,0.042
0.126,0.041
0.125,0.039
0.124,0.039
0.122,0.039
0.121,0.039
0.121,0.041
0.120,0.042
0.119,0.044
0.119,0.045
0.116,0.046
0.117,0.047
0.117,0.046
0.116,0.045
0.115,0.044
0.115,0.044
0.114,0.044
0.114,0.043
0.112,0.044
0.111,0.044
0.112,0.045
0.110,0.046
0.110,0.046
0.109,0.046
0.109,0.046
0.107,0.044
0.107,0.043
0.107,0.043
0.106,0.041
0.107,0.043
0.105,0.045
0.106,0.045
0.106,0.048
0.105,0.050
0.106,0.050
0.106,0.051
0.104,0.051
0.104,0.049
0.105,0.049
0.103,0.049
0.103,0.047
0.104,0.047
0.103,0.047
0.105,0.046
0.104,0.048
0.104,0.048
0.105,0.047
0.105,0.049
0.104,0.049
0.105,0.049
0.105,0.052
0.104,0.051
0.105,0.050
0.104,0.050
0.105,0.047
0.106,0.046
0.105,0.047
0.106,0.044
0.106,0.044
0.105,0.045
0.105,0.044
0.106,0.046
0.105,0.048
0.106,0.047
0.106,0.048
0.105,0.050
0.107,0.049
0.108,0.051
0.108,0.052
0.109,0.050
0.111,0.054
0.109,0.054
0.111,0.053
0.111,0.055
0.110,0.056
0.111,0.055
0.111,0.055
0.111,0.057
0.112,0.055
0.112,0.056
0.111,0.057
0.112,0.056
0.112,0.056
0.111,0.058
0.113,0.058
0.112,0.058
0.113,0.059
0.114,0.058
0.112,0.058
0.114,0.058
0.114,0.059
0.114,0.059
0.114,0.060
0.114,0.061
0.114,0.060
0.113,0.060
0.113,0.059
0.113,0.058
0.114,0.058
0.113,0.058
0.113,0.057
0.114,0.058
0.113,0.058
0.112,0.057
0.111,0.058
0.111,0.058
0.111,0.058
0.111,0.060
0.110,0.061
0.109,0.062
0.108,0.062
0.106,0.062
0.107,0.061
0.106,0.061
0.105,0.060
0.106,0.060
0.105,0.062
0.105,0.060
0.105,0.060
0.104,0.060
0.104,0.059
0.106,0.060
0.105,0.060
0.105,0.060
0.106,0.060
0.104,0.063
0.103,0.062
0.103,0.064
0.102,0.066
0.102,0.065
0.102,0.067
0.101,0.068
0.101,0.067
0.099,0.068
0.099,0.068
0.099,0.067
0.098,0.068
0.098,0.067
0.098,0.067
0.097,0.069
0.097,0.068
0.098,0.067
0.096,0.068
0.096,0.068
0.097,0.068
0.094,0.070
0.094,0.068
0.094,0.067
0.092,0.069
0.092,0.066
0.092,0.068
0.090,0.070
0.090,0.069
0.090,0.071
0.088,0.073
0.089,0.072
0.090,0.072
0.087,0.073
0.088,0.071
0.088,0.070
0.086,0.071
0.087,0.070
0.087,0.071
0.085,0.072
0.086,0.072
0.086,0.073
0.083,0.075
0.085,0.074
0.084,0.075
0.083,0.075
0.084,0.074
0.083,0.074
0.082,0.072
0.082,0.071
0.081,0.071
0.080,0.070
0.082,0.069
0.080,0.069
0.079,0.070
0.081,0.071
0.079,0.073
0.078,0.074
0.080,0.075
0.080,0.076
0.078,0.076
0.080,0.076
0.079,0.075
0.078,0.075
0.079,0.073
0.078,0.074
0.077,0.073
0.078,0.073
0.077,0.074
0.077,0.074
0.078,0.075
0.077,0.075
0.077,0.075
0.078,0.075
0.076,0.075
0.077,0.074
0.078,0.072
0.076,0.071
0.078,0.070
0.078,0.070
0.075,0.071
0.076,0.071
0.076,0.071
0.073,0.071
0.075,0.069
0.075,0.069
0.073,0.069
0.074,0.068
0.075,0.071
0.072,0.072
0.074,0.073
0.075,0.076
0.072,0.076
0.075,0.078
0.075,0.079
0.074,0.080
0.074,0.079
0.074,0.079
0.073,0.079
0.074,0.078
0.074,0.078
0.073,0.077
0.075,0.078
0.075,0.078
0.073,0.077
0.074,0.078
0.074,0.077
0.074,0.076
0.074,0.076
0.074,0.075
0.074,0.074
0.074,0.075
0.074,0.073
0.073,0.073
0.073,0.075
0.073,0.075
0.073,0.076
0.072,0.077
0.072,0.077
0.071,0.078
0.070,0.080
0.071,0.079
0.069,0.079
0.070,0.079
0.069,0.076
0.068,0.074
0.068,0.072
0.068,0.069
0.067,0.069
0.066,0.070
0.068,0.070
0.067,0.071
0.068,0.072
0.069,0.073
0.069,0.076
0.070,0.077
0.070,0.078
0.069,0.081
0.070,0.080
0.071,0.080
0.069,0.079
0.071,0.077
0.071,0.075
0.068,0.077
0.069,0.075
0.068,0.076
0.066,0.079
0.067,0.078
0.067,0.080
0.065,0.080
0.067,0.078
0.067,0.077
0.064,0.078
0.066,0.076
0.065,0.077
0.063,0.078
0.063,0.078
0.063,0.079
0.061,0.080
0.062,0.078
0.061,0.077
0.059,0.077
0.061,0.075
0.061,0.076
0.059,0.077
0.061,0.076
0.061,0.078
0.060,0.079
0.063,0.078
0.062,0.079
0.060,0.080
0.063,0.079
0.061,0.080
0.061,0.082
0.062,0.082
0.061,0.083
0.059,0.082
0.061,0.081
0.059,0.081
0.057,0.079
0.059,0.078
0.058,0.078
0.058,0.077
0.060,0.076
0.058,0.078
0.059,0.078
0.061,0.079
0.059,0.079
0.059,0.078
0.061,0.079
0.058,0.079
0.059,0.078
0.060,0.079
0.056,0.080
0.058,0.079
0.058,0.078
0.055,0.077
0.057,0.075
0.059,0.076
0.056,0.075
0.056,0.075
0.057,0.076
0.054,0.077
0.056,0.077
0.055,0.077
0.054,0.077
0.056,0.077
0.056,0.077
0.054,0.075
0.055,0.075
0.055,0.074
0.052,0.074
0.054,0.074
0.053,0.074
0.052,0.074
0.053,0.074
0.052,0.075
0.052,0.074
0.052,0.074
0.052,0.074
0.050,0.073
0.051,0.075
0.051,0.074
0.049,0.074
0.050,0.075
0.050,0.075
0.048,0.073
0.049,0.074
0.048,0.074
0.047,0.073
0.047,0.073
0.046,0.072
0.046,0.072
0.046,0.073
0.046,0.073
0.046,0.073
0.046,0.074
0.047,0.075
0.045,0.075
0.046,0.077
0.047,0.077
0.046,0.078
0.047,0.079
0.047,0.078
0.047,0.078
0.048,0.078
0.048,0.077
0.047,0.078
0.048,0.079
0.047,0.079
0.046,0.080
0.046,0.080
0.046,0.079
0.045,0.080
0.046,0.078
0.046,0.078
0.045,0.079
0.046,0.078
0.045,0.077
0.043,0.077
0.046,0.079
0.045,0.078
0.044,0.078
0.046,0.078
0.044,0.077
0.044,0.076
0.045,0.076
0.044,0.076
0.044,0.075
0.046,0.076
0.045,0.076
0.045,0.076
0.047,0.075
0.045,0.073
0.045,0.070
0.046,0.069
0.045,0.068
0.044,0.068
0.045,0.067
0.045,0.067
0.043,0.068
0.044,0.066
0.042,0.066
0.042,0.068
0.043,0.067
0.042,0.069
0.041,0.070
0.042,0.070
0.040,0.071
0.039,0.071
0.040,0.069
0.039,0.069
0.038,0.068
0.039,0.067
0.038,0.068
0.037,0.068
0.039,0.068
0.037,0.068
0.036,0.069
0.037,0.069
0.035,0.071
0.035,0.069
0.037,0.068
0.035,0.069
0.036,0.066
0.038,0.064
0.036,0.063
0.037,0.061
0.039,0.061
0.036,0.061
0.037,0.060
0.038,0.061
0.035,0.062
0.036,0.062
0.036,0.063
0.033,0.063
0.034,0.062
0.035,0.063
0.033,0.064
0.035,0.064
0.035,0.065
0.033,0.065
0.036,0.065
0.035,0.065
0.033,0.064
0.035,0.064
0.033,0.065
0.032,0.065
0.032,0.065
0.032,0.067
0.030,0.066
0.032,0.067
0.029,0.067
0.028,0.064
0.030,0.065
0.028,0.065
0.028,0.063
0.028,0.063
0.026,0.063
0.026,0.062
0.028,0.062
0.026,0.060
0.026,0.059
0.027,0.060
0.023,0.060
0.022,0.059
0.022,0.062
0.020,0.063
0.020,0.060
0.021,0.062
0.017,0.062
0.017,0.062
0.017,0.062
0.014,0.062
0.014,0.062
0.015,0.064
0.013,0.064
0.013,0.064
0.013,0.066
0.011,0.066
0.012,0.064
0.012,0.066
0.010,0.066
0.010,0.065
0.011,0.065
0.010,0.064
0.009,0.062
0.009,0.063
0.008,0.062
0.007,0.061
0.006,0.061
0.004,0.059
0.003,0.059
0.003,0.061
0.002,0.061
0.000,0.061
-0.001,0.063
-0.002,0.063
-0.003,0.063
-0.003,0.063
-0.005,0.062
-0.005,0.063
-0.005,0.062
-0.005,0.061
-0.006,0.060
-0.006,0.060
-0.005,0.060
-0.006,0.058
-0.007,0.058
-0.009,0.058
-0.009,0.059
-0.008,0.059
-0.010,0.060
-0.010,0.060
-0.009,0.061
-0.010,0.060
-0.011,0.059
-0.011,0.057
-0.012,0.056
-0.013,0.056
-0.012,0.057
-0.016,0.058
-0.015,0.058
-0.013,0.058
-0.013,0.061
-0.014,0.062
-0.012,0.063
-0.013,0.065
-0.013,0.065
-0.011,0.062
-0.015,0.062
-0.013,0.062
-0.012,0.062
-0.015,0.063
-0.015,0.063
-0.015,0.064
-0.016,0.065
-0.015,0.064
-0.015,0.063
-0.016,0.062
-0.014,0.061
-0.013,0.061
-0.014,0.061
-0.013,0.062
-0.014,0.064
-0.015,0.063
-0.014,0.062
-0.014,0.062
-0.014,0.061
-0.012,0.061
-0.012,0.061
-0.015,0.058
-0.012,0.060
-0.011,0.060
-0.012,0.056
-0.011,0.055
-0.013,0.056
-0.014,0.055
-0.013,0.056
-0.014,0.057
-0.014,0.057
-0.011,0.061
-0.012,0.062
-0.012,0.062
-0.011,0.063
-0.012,0.063
-0.011,0.061
-0.010,0.061
-0.012,0.060
-0.012,0.059
-0.010,0.061
-0.011,0.060
-0.010,0.059
-0.011,0.060
-0.011,0.061
-0.009,0.061
-0.009,0.061
-0.009,0.061
-0.008,0.061
-0.007,0.061
-0.007,0.060
-0.008,0.058
-0.008,0.060
-0.008,0.058
-0.007,0.057
-0.008,0.055
-0.008,0.053
-0.009,0.053
-0.009,0.053
-0.009,0.051
-0.010,0.052
-0.010,0.053
-0.009,0.052
-0.009,0.052
-0.011,0.050
-0.011,0.050
-0.010,0.051
-0.011,0.052
-0.011,0.051
-0.012,0.051
-0.011,0.051
-0.012,0.049
-0.013,0.049
-0.013,0.048
-0.013,0.048
-0.014,0.048
-0.014,0.047
-0.015,0.046
-0.016,0.047
-0.015,0.047
-0.015,0.048
-0.016,0.049
-0.015,0.048
-0.016,0.048
-0.016,0.047
-0.016,0.046
-0.017,0.047
-0.017,0.046
-0.016,0.046
-0.018,0.046
-0.019,0.046
-0.020,0.045
-0.021,0.045
-0.021,0.044
-0.021,0.043
-0.023,0.041
-0.023,0.040
-0.023,0.041
-0.025,0.042
-0.026,0.043
-0.027,0.046
-0.027,0.045
-0.027,0.045
-0.028,0.046
-0.027,0.045
-0.027,0.045
-0.028,0.046
-0.028,0.044
-0.028,0.043
-0.027,0.044
-0.028,0.043
-0.028,0.042
-0.029,0.043
-0.029,0.043
-0.029,0.042
-0.030,0.042
-0.031,0.041
-0.031,0.041
-0.030,0.042
-0.032,0.041
-0.032,0.040
-0.032,0.040
-0.033,0.039
-0.032,0.037
-0.032,0.038
-0.032,0.039
-0.031,0.038
-0.031,0.040
-0.031,0.040
-0.029,0.041
-0.030,0.043
-0.030,0.043
-0.029,0.044
-0.030,0.045
-0.028,0.043
-0.029,0.043
-0.029,0.045
-0.028,0.045
-0.028,0.045
-0.029,0.048
-0.028,0.047
-0.027,0.047
-0.028,0.047
-0.027,0.045
-0.027,0.045
-0.029,0.047
-0.028,0.044
-0.027,0.045
-0.028,0.046
-0.027,0.043
-0.027,0.043
-0.027,0.044
-0.026,0.042
-0.025,0.042
-0.026,0.043
-0.024,0.041
-0.025,0.043
-0.025,0.043
-0.024,0.041
-0.024,0.041
-0.023,0.041
-0.022,0.041
-0.024,0.042
-0.023,0.042
-0.022,0.043
-0.025,0.046
-0.024,0.044
-0.023,0.043
-0.025,0.043
-0.024,0.040
-0.023,0.039
-0.027,0.038
-0.025,0.036
-0.023,0.037
-0.026,0.037
-0.025,0.036
-0.025,0.036
-0.027,0.037
-0.025,0.036
-0.026,0.035
-0.028,0.036
-0.026,0.034
-0.026,0.033
-0.027,0.033
-0.025,0.032
-0.025,0.031
-0.026,0.031
-0.024,0.031
-0.025,0.030
-0.026,0.030
-0.024,0.029
-0.024,0.029
-0.025,0.029
-0.024,0.027
-0.024,0.026
-0.027,0.026
-0.024,0.025
-0.024,0.027
-0.026,0.028
-0.024,0.028
-0.024,0.030
-0.025,0.031
-0.023,0.032
-0.023,0.032
-0.024,0.032
-0.021,0.031
-0.022,0.031
-0.023,0.030
-0.020,0.029
-0.022,0.029
-0.022,0.028
-0.020,0.028
-0.022,0.028
-0.023,0.028
-0.022,0.029
-0.025,0.029
-0.025,0.030
-0.024,0.030
-0.027,0.032
-0.026,0.031
-0.024,0.033
-0.027,0.032
-0.026,0.031
-0.023,0.033
-0.026,0.032
-0.025,0.030
-0.024,0.029
-0.027,0.028
-0.025,0.025
-0.025,0.024
-0.027,0.022
-0.026,0.021
-0.026,0.021
-0.028,0.021
-0.028,0.023
-0.028,0.023
-0.030,0.023
-0.030,0.024
-0.029,0.024
-0.031,0.024
-0.031,0.024
-0.031,0.024
-0.033,0.022
-0.034,0.022
-0.033,0.020
-0.035,0.019
-0.034,0.021
-0.034,0.021
-0.037,0.022
-0.036,0.023
-0.037,0.022
-0.039,0.022
-0.039,0.022
-0.039,0.021
-0.041,0.020
-0.040,0.022
-0.041,0.021
-0.042,0.020
-0.042,0.021
-0.042,0.020
-0.043,0.020
-0.043,0.021
-0.044,0.021
-0.045,0.021
-0.043,0.022
-0.043,0.021
-0.045,0.020
-0.044,0.021
-0.044,0.021
-0.045,0.021
-0.044,0.022
-0.043,0.022
-0.045,0.022
-0.045,0.022
-0.044,0.022
-0.045,0.023
-0.044,0.024
-0.045,0.024
-0.046,0.026
-0.045,0.026
-0.044,0.025
-0.046,0.024
-0.045,0.024
-0.045,0.023
-0.047,0.022
-0.045,0.021
-0.046,0.021
-0.046,0.020
-0.043,0.020
-0.044,0.020
-0.044,0.020
-0.043,0.023
-0.043,0.023
-0.043,0.022
-0.042,0.022
-0.042,0.022
-0.042,0.021
-0.040,0.021
-0.042,0.021
-0.041,0.021
-0.039,0.021
-0.040,0.021
-0.040,0.020
-0.039,0.021
-0.039,0.021
-0.040,0.021
-0.037,0.022
-0.037,0.023
-0.037,0.022
-0.035,0.021
-0.034,0.021
-0.033,0.020
-0.031,0.020
-0.030,0.021
-0.031,0.021
-0.027,0.020
-0.029,0.020
-0.029,0.019
-0.027,0.018
-0.028,0.019
-0.027,0.017
-0.025,0.017
-0.026,0.018
-0.025,0.017
-0.022,0.019
-0.022,0.019
-0.022,0.020
-0.020,0.020
-0.021,0.021
-0.021,0.020
-0.018,0.020
-0.019,0.021
-0.018,0.020
-0.016,0.021
-0.017,0.021
-0.016,0.022
-0.015,0.022
-0.017,0.022
-0.016,0.021
-0.015,0.021
-0.017,0.022
-0.016,0.020
-0.014,0.021
-0.015,0.021
-0.014,0.019
-0.013,0.019
-0.015,0.018
-0.014,0.018
-0.014,0.019
-0.015,0.018
-0.013,0.018
-0.013,0.019
-0.014,0.017
-0.013,0.018
-0.013,0.019
-0.014,0.019
-0.012,0.020
-0.014,0.020
-0.014,0.018
-0.013,0.016
-0.016,0.016
-0.015,0.012
-0.014,0.012
-0.016,0.012
-0.016,0.010
-0.015,0.013
-0.017,0.014
-0.018,0.013
-0.017,0.015
-0.019,0.015
-0.018,0.014
-0.018,0.015
-0.019,0.013
-0.019,0.011
-0.019,0.013
-0.019,0.012
-0.020,0.011
-0.020,0.012
-0.022,0.011
-0.022,0.010
-0.023,0.010
-0.023,0.009
-0.023,0.008
-0.024,0.009
-0.025,0.008
-0.025,0.006
-0.025,0.006
-0.026,0.004
-0.025,0.004
-0.027,0.004
-0.027,0.004
-0.029,0.003
-0.030,0.004
-0.030,0.003
-0.031,0.002
-0.031,0.004
-0.032,0.003
-0.033,0.004
-0.033,0.003
-0.034,0.001
-0.034,0.001
-0.035,0.001
-0.035,0.000
-0.035,0.000
-0.035,-0.000
-0.035,-0.001
-0.036,-0.000
-0.035,-0.000
-0.036,0.000
-0.036,0.001
-0.035,0.000
-0.036,-0.000
-0.037,-0.002
-0.035,-0.003
-0.036,-0.004
-0.036,-0.005
-0.035,-0.006
-0.036,-0.005
-0.036,-0.005
-0.035,-0.005
-0.035,-0.003
-0.034,-0.003
-0.032,-0.002
-0.033,-0.002
-0.032,-0.001
-0.030,-0.001
-0.031,-0.001
-0.030,-0.001
-0.031,-0.002
-0.031,-0.003
-0.031,-0.003
-0.032,-0.001
-0.032,-0.000
-0.030,0.002
-0.030,0.004
-0.030,0.003
-0.029,0.004
-0.029,0.004
-0.028,0.004
-0.028,0.004
-0.029,0.005
-0.028,0.004
-0.028,0.004
-0.027,0.004
-0.027,0.004
-0.026,0.003
-0.026,0.003
-0.026,0.002
-0.024,-0.000
-0.024,-0.000
-0.025,-0.001
-0.024,-0.002
-0.024,-0.000
-0.024,-0.000
-0.023,-0.001
-0.023,0.001
-0.023,0.002
-0.022,0.002
-0.022,0.002
-0.022,0.002
-0.020,0.000
-0.020,0.001
-0.019,0.000
-0.018,0.002
-0.018,0.003
-0.017,0.001
-0.016,0.001
-0.016,0.000
-0.015,-0.003
-0.014,-0.004
-0.015,-0.005
-0.015,-0.006
-0.014,-0.006
-0.014,-0.005
-0.014,-0.007
-0.013,-0.005
-0.014,-0.004
-0.012,-0.004
-0.013,-0.002
-0.013,-0.001
-0.011,-0.002
-0.013,-0.002
-0.012,-0.002
-0.011,-0.004
-0.012,-0.002
-0.011,-0.002
-0.010,-0.003
-0.012,-0.001
-0.010,-0.002
-0.007,-0.003
-0.010,-0.003
-0.007,-0.005
-0.006,-0.004
-0.007,-0.004
-0.005,-0.006
-0.004,-0.006
-0.004,-0.005
-0.003,-0.007
-0.003,-0.006
-0.005,-0.004
-0.002,-0.006
-0.002,-0.005
-0.004,-0.005
-0.001,-0.007
-0.000,-0.007
-0.001,-0.008
0.000,-0.009
0.000,-0.009
-0.002,-0.008
0.000,-0.010
-0.001,-0.009
-0.002,-0.008
-0.000,-0.008
-0.000,-0.006
0.000,-0.005
0.002,-0.005
0.002,-0.003
0.002,-0.004
0.004,-0.004
0.003,-0.004
0.003,-0.005
0.005,-0.005
0.004,-0.004
0.003,-0.004
0.006,-0.004
0.005,-0.003
0.004,-0.003
0.008,-0.003
0.006,-0.003
0.006,-0.004
0.007,-0.005
0.006,-0.005
0.005,-0.006
0.007,-0.008
0.005,-0.008
0.006,-0.008
0.007,-0.009
0.006,-0.008
0.007,-0.007
0.009,-0.005
0.009,-0.004
0.009,-0.003
0.010,-0.002
0.010,-0.003
0.010,-0.004
0.011,-0.006
0.010,-0.008
0.011,-0.010
0.011,-0.010
0.010,-0.010
0.011,-0.010
0.012,-0.009
0.010,-0.008
0.011,-0.006
0.012,-0.005
0.010,-0.004
0.011,-0.004
0.011,-0.003
0.011,-0.004
0.012,-0.005
0.013,-0.005
0.011,-0.006
0.013,-0.006
0.015,-0.007
0.013,-0.008
0.015,-0.008
0.016,-0.007
0.015,-0.008
0.015,-0.007
0.017,-0.006
0.016,-0.006
0.017,-0.005
0.017,-0.007
0.017,-0.007
0.017,-0.005
0.018,-0.006
0.018,-0.005
0.019,-0.004
0.019,-0.005
0.019,-0.006
0.019,-0.005
0.020,-0.007
0.019,-0.007
0.019,-0.007
0.020,-0.010
0.020,-0.009
0.021,-0.010
0.022,-0.011
0.022,-0.011
0.023,-0.011
0.024,-0.011
0.023,-0.011
0.023,-0.009
0.025,-0.009
0.023,-0.008
0.024,-0.009
0.025,-0.009
0.023,-0.008
0.024,-0.008
0.024,-0.008
0.023,-0.007
0.024,-0.006
0.025,-0.007
0.023,-0.005
0.026,-0.004
0.025,-0.005
0.024,-0.003
0.026,-0.005
0.026,-0.004
0.023,-0.004
0.026,-0.005
0.025,-0.006
0.023,-0.007
0.026,-0.009
0.025,-0.010
0.025,-0.011
0.029,-0.011
0.028,-0.011
0.028,-0.013
0.030,-0.013
0.029,-0.012
0.029,-0.013
0.032,-0.011
0.029,-0.010
0.030,-0.010
0.034,-0.008
0.031,-0.005
0.031,-0.006
0.033,-0.003
0.031,-0.003
0.030,-0.004
0.033,-0.003
0.030,-0.003
0.031,-0.003
0.033,-0.003
0.032,-0.002
0.032,-0.003
0.034,-0.002
0.034,-0.003
0.034,-0.004
0.038,-0.005
0.037,-0.007
0.037,-0.010
0.039,-0.011
0.037,-0.012
0.038,-0.013
0.039,-0.012
0.039,-0.011
0.039,-0.011
0.040,-0.010
0.039,-0.009
0.039,-0.008
0.042,-0.007
0.040,-0.005
0.041,-0.005
0.043,-0.004
0.041,-0.005
0.042,-0.006
0.042,-0.005
0.041,-0.005
0.041,-0.006
0.042,-0.006
0.039,-0.006
0.040,-0.007
0.041,-0.007
0.039,-0.007
0.040,-0.008
0.041,-0.008
0.040,-0.008
0.041,-0.008
0.042,-0.009
0.040,-0.009
0.041,-0.009
0.042,-0.009
0.041,-0.010
0.042,-0.010
0.043,-0.009
0.042,-0.010
0.043,-0.010
0.044,-0.009
0.043,-0.009
0.044,-0.009
0.043,-0.007
0.043,-0.006
0.043,-0.005
0.042,-0.004
0.042,-0.005
0.042,-0.003
0.042,-0.005
0.041,-0.008
0.042,-0.007
0.041,-0.009
0.042,-0.011
0.043,-0.008
0.041,-0.009
0.043,-0.009
0.043,-0.008
0.044,-0.009
0.044,-0.011
0.044,-0.010
0.045,-0.011
0.045,-0.011
0.046,-0.010
0.046,-0.010
0.047,-0.009
0.047,-0.008
0.048,-0.008
0.047,-0.006
0.047,-0.005
0.048,-0.006
0.049,-0.006
0.050,-0.007
0.051,-0.009
0.052,-0.009
0.051,-0.009
0.051,-0.010
0.052,-0.010
0.051,-0.010
0.051,-0.011
0.051,-0.010
0.052,-0.009
0.052,-0.008
0.052,-0.007
0.053,-0.006
0.053,-0.005
0.054,-0.005
0.054,-0.005
0.055,-0.004
0.054,-0.004
0.056,-0.004
0.056,-0.004
0.055,-0.006
0.057,-0.005
0.056,-0.005
0.056,-0.005
0.057,-0.004
0.057,-0.002
0.057,-0.002
0.058,-0.002
0.057,-0.002
0.057,-0.003
0.059,-0.004
0.057,-0.004
0.056,-0.006
0.057,-0.006
0.057,-0.005
0.058,-0.006
0.060,-0.004
0.060,-0.004
0.061,-0.003
0.062,-0.001
0.061,-0.001
0.061,-0.001
0.061,-0.001
0.061,-0.002
0.062,-0.003
0.063,-0.003
0.062,-0.005
0.063,-0.004
0.063,-0.003
0.063,-0.003
0.064,-0.002
0.064,-0.000
0.064,-0.000
0.065,0.000
0.065,0.002
0.065,0.001
0.066,-0.000
0.066,0.000
0.066,-0.002
0.069,-0.003
0.069,-0.003
0.069,-0.005
0.071,-0.005
0.071,-0.005
0.072,-0.003
0.074,-0.002
0.074,0.000
0.073,-0.001
0.075,-0.001
0.075,0.000
0.075,-0.000
0.076,0.001
0.076,0.002
0.078,0.002
0.078,0.002
0.079,0.001
0.079,0.001
0.081,0.002
0.083,0.002
0.082,-0.002
0.084,-0.001
0.085,-0.001
0.085,-0.002
0.086,-0.002
0.085,-0.001
0.087,-0.001
0.088,0.001
0.088,0.003
0.090,0.003
0.090,0.006
0.091,0.006
0.093,0.003
0.094,0.003
0.095,0.001
0.096,0.001
0.097,0.002
0.097,0.003
0.098,0.003
0.099,0.005
0.100,0.005
0.101,0.004
0.099,0.004
0.101,0.003
0.102,0.004
0.102,0.004
0.103,0.005
0.104,0.006
0.103,0.009
0.104,0.008
0.105,0.009
0.102,0.010
0.106,0.009
0.106,0.010
0.104,0.009
0.106,0.008
0.106,0.006
0.106,0.007
0.108,0.006
0.108,0.007
0.106,0.008
0.108,0.007
0.107,0.006
0.106,0.004
0.108,0.003
0.107,0.001
0.107,0.002
0.107,0.001
0.106,0.000
0.106,0.000
0.107,-0.001
0.106,0.000
0.106,-0.001
0.105,0.000
0.104,-0.001
0.104,-0.002
0.104,-0.003
0.104,-0.003
0.103,-0.003
0.103,-0.002
0.101,-0.002
0.101,-0.002
0.101,0.000
0.100,-0.000
0.101,-0.001
0.100,-0.001
0.099,-0.001
0.098,-0.001
0.101,-0.001
0.099,-0.001
0.099,-0.000
0.099,-0.002
0.099,-0.002
0.099,0.000
0.098,-0.001
0.099,0.000
0.097,0.002
0.098,0.002
0.095,0.003
0.095,0.004
0.096,0.004
0.095,0.004
0.095,0.003
0.094,0.004
0.093,0.003
0.094,0.003
0.095,0.004
0.094,0.004
0.095,0.004
0.096,0.007
0.093,0.007
0.095,0.006
0.097,0.006
0.095,0.004
0.097,0.003
0.098,0.003
0.093,0.003
0.094,0.004
0.095,0.004
0.093,0.004
0.095,0.003
0.094,0.004
0.094,0.004
0.095,0.003
0.096,0.001
0.094,0.000
0.096,0.002
0.098,0.002
0.096,0.002
0.097,0.004
0.097,0.004
0.099,0.003
0.099,0.004
0.100,0.004
0.099,0.006
0.099,0.008
0.100,0.008
0.099,0.008
0.100,0.010
0.101,0.008
0.099,0.008
0.100,0.007
0.101,0.006
0.101,0.005
0.102,0.006
0.103,0.006
0.102,0.007
0.103,0.007
0.104,0.008
0.102,0.009
0.105,0.009
0.105,0.010
0.104,0.010
0.105,0.009
0.106,0.008
0.105,0.009
0.107,0.008
0.109,0.009
0.107,0.011
0.110,0.011
0.110,0.014
0.109,0.015
0.112,0.016
0.112,0.018
0.111,0.019
0.113,0.019
0.113,0.019
0.112,0.019
0.114,0.018
0.112,0.017
0.112,0.017
0.115,0.016
0.113,0.017
0.114,0.015
0.116,0.014
0.114,0.014
0.115,0.012
0.117,0.014
0.115,0.013
0.115,0.012
0.117,0.014
0.115,0.015
0.115,0.014
0.116,0.017
0.114,0.019
0.114,0.018
0.117,0.019
0.116,0.019
0.117,0.019
0.119,0.019
0.116,0.019
0.117,0.019
0.117,0.019
0.115,0.019
0.115,0.018
0.116,0.017
0.114,0.016
0.114,0.014
0.115,0.015
0.113,0.016
0.114,0.017
0.114,0.018
0.112,0.017
0.112,0.017
0.112,0.017
0.112,0.015
0.112,0.016
0.113,0.017
0.112,0.017
0.113,0.021
0.113,0.023
0.111,0.023
0.112,0.024
0.112,0.025
0.112,0.026
0.111,0.027
0.113,0.026
0.112,0.026
0.112,0.026
0.113,0.024
0.112,0.024
0.112,0.023
0.114,0.024
0.113,0.023
0.113,0.024
0.114,0.023
0.112,0.023
0.112,0.024
0.114,0.023
0.112,0.022
0.113,0.022
0.114,0.022
0.113,0.023
0.113,0.023
0.113,0.024
0.113,0.023
0.113,0.025
0.113,0.024
0.112,0.024
0.112,0.026
0.111,0.026
0.111,0.026
0.111,0.028
0.111,0.028
0.112,0.026
0.112,0.026
0.111,0.025
0.110,0.024
0.110,0.023
0.111,0.022
0.110,0.022
0.110,0.022
0.110,0.021
0.109,0.023
0.109,0.023
0.110,0.024
0.109,0.024
0.110,0.023
0.110,0.022
0.108,0.023
0.108,0.023
0.108,0.023
0.107,0.024
0.108,0.024
0.108,0.024
0.106,0.025
0.107,0.026
0.106,0.026
0.105,0.025
0.106,0.025
0.105,0.026
0.105,0.026
0.107,0.026
0.107,0.028
0.106,0.027
0.108,0.027
0.107,0.028
0.107,0.028
0.108,0.029
0.108,0.029
0.108,0.029
0.110,0.030
0.109,0.033
0.110,0.033
0.112,0.035
0.111,0.035
0.111,0.033
0.112,0.033
0.110,0.034
0.112,0.032
0.112,0.033
0.112,0.032
0.114,0.030
0.114,0.030
0.113,0.029
0.114,0.029
0.115,0.030
0.114,0.029
0.115,0.030
0.115,0.032
0.115,0.032
0.117,0.032
0.116,0.034
0.117,0.034
0.118,0.034
0.119,0.036
0.119,0.035
0.121,0.035
0.122,0.037
0.122,0.037
0.125,0.038
0.125,0.040
0.126,0.039
0.128,0.040
0.128,0.042
0.129,0.040
0.130,0.040
0.130,0.040
0.131,0.039
0.132,0.039
0.131,0.040
0.132,0.039
0.133,0.041
0.133,0.043
0.133,0.042
0.134,0.042
0.134,0.042
0.135,0.041
0.137,0.041
0.137,0.041
0.137,0.040
0.137,0.040
0.137,0.040
0.137,0.040
0.137,0.041
0.136,0.042
0.137,0.043
0.137,0.045
0.137,0.046
0.138,0.046
0.137,0.047
0.137,0.046
0.136,0.045
0.136,0.045
0.136,0.044
0.135,0.042
0.135,0.043
0.136,0.042
0.136,0.041
0.136,0.042
0.136,0.042
0.137,0.044
0.136,0.045
0.136,0.046
0.137,0.046
0.136,0.049
0.136,0.049
0.136,0.049
0.135,0.050
0.134,0.051
0.134,0.051
0.132,0.053
0.131,0.053
0.130,0.052
0.128,0.052
0.129,0.052
0.128,0.051
0.127,0.051
0.127,0.049
0.127,0.049
0.124,0.049
0.125,0.048
0.124,0.049
0.120,0.049
0.122,0.049
0.121,0.050
0.120,0.052
0.121,0.051
0.121,0.053
0.120,0.053
0.120,0.052
0.120,0.052
0.117,0.052
0.119,0.051
0.118,0.050
0.116,0.049
0.117,0.050
0.116,0.052
0.114,0.052
0.114,0.054
0.113,0.055
0.112,0.055
0.113,0.056
0.112,0.056
0.111,0.056
0.112,0.055
0.110,0.054
0.111,0.052
0.112,0.051
0.111,0.051
0.111,0.052
0.112,0.054
0.111,0.054
0.110,0.057
0.112,0.057
0.110,0.058
0.110,0.059
0.112,0.059
0.111,0.058
0.110,0.057
0.112,0.057
0.111,0.057
0.110,0.059
0.111,0.061
0.111,0.063
0.112,0.065
0.112,0.064
0.112,0.064
0.111,0.064
0.112,0.063
0.110,0.060
0.110,0.060
0.111,0.060
0.111,0.059
0.112,0.060
0.113,0.060
0.113,0.062
0.112,0.063
0.113,0.063
0.112,0.064
0.112,0.064
0.113,0.064
0.112,0.064
0.113,0.066
0.114,0.066
0.114,0.066
0.114,0.067
0.115,0.066
0.115,0.067
0.115,0.067
0.116,0.066
0.115,0.066
0.115,0.066
0.116,0.064
0.114,0.063
0.116,0.062
0.117,0.060
0.115,0.060
0.116,0.058
0.117,0.058
0.115,0.060
0.116,0.062
0.117,0.062
0.114,0.065
0.116,0.065
0.116,0.064
0.114,0.065
0.114,0.066
0.114,0.066
0.112,0.067
0.113,0.068
0.115,0.067
0.114,0.068
0.114,0.067
0.115,0.066
0.114,0.065
0.114,0.063
0.115,0.062
0.114,0.061
0.114,0.061
0.114,0.062
0.112,0.062
0.112,0.063
0.113,0.062
0.111,0.063
0.111,0.062
0.111,0.063
0.109,0.064
0.109,0.063
0.110,0.063
0.106,0.062
0.107,0.062
0.106,0.061
0.104,0.062
0.106,0.061
0.106,0.062
0.104,0.063
0.105,0.062
0.105,0.063
0.103,0.065
0.104,0.064
0.102,0.063
0.101,0.063
0.103,0.062
0.101,0.062
0.100,0.062
0.102,0.061
0.101,0.062
0.100,0.062
0.101,0.063
0.099,0.064
0.098,0.063
0.100,0.064
0.095,0.064
0.095,0.064
0.097,0.064
0.093,0.064
0.093,0.063
0.094,0.065
0.091,0.066
0.092,0.066
0.094,0.066
0.091,0.067
0.092,0.066
0.092,0.067
0.089,0.067
0.091,0.067
0.091,0.068
0.090,0.068
0.090,0.069
0.090,0.070
0.088,0.070
0.088,0.071
0.088,0.073
0.086,0.074
0.086,0.075
0.087,0.075
0.085,0.074
0.084,0.074
0.083,0.072
0.083,0.071
0.083,0.072
0.084,0.073
0.085,0.072
0.085,0.074
0.086,0.074
0.085,0.073
0.085,0.073
0.085,0.073
0.084,0.073
0.084,0.073
0.083,0.074
0.081,0.073
0.081,0.075
0.081,0.075
0.079,0.075
0.080,0.076
0.081,0.076
0.080,0.076
0.079,0.075
0.080,0.075
0.079,0.076
0.079,0.075
0.079,0.075
0.078,0.076
0.077,0.076
0.077,0.075
0.076,0.076
0.076,0.077
0.076,0.078
0.076,0.078
0.076,0.079
0.077,0.079
0.076,0.078
0.076,0.078
0.076,0.076
0.075,0.075
0.075,0.076
0.075,0.076
0.074,0.076
0.074,0.077
0.074,0.076
0.073,0.075
0.074,0.076
0.074,0.077
0.073,0.077
0.075,0.078
0.074,0.078
0.074,0.078
0.075,0.077
0.074,0.076
0.073,0.076
0.075,0.075
0.074,0.074
0.072,0.074
0.075,0.075
0.074,0.075
0.073,0.074
0.075,0.073
0.075,0.074
0.074,0.074
0.075,0.074
0.074,0.074
0.074,0.074
0.075,0.075
0.074,0.075
0.072,0.076
0.074,0.076
0.072,0.077
0.071,0.076
0.073,0.077
0.071,0.077
0.071,0.076
0.073,0.076
0.072,0.077
0.073,0.075
0.074,0.076
0.072,0.079
0.072,0.079
0.072,0.080
0.071,0.081
0.071,0.079
0.072,0.081
0.070,0.079
0.069,0.077
0.070,0.077
0.068,0.076
0.069,0.073
0.069,0.073
0.068,0.073
0.067,0.072
0.069,0.074
0.067,0.074
0.067,0.075
0.067,0.077
0.065,0.076
0.067,0.075
0.066,0.075
0.065,0.074
0.066,0.074
0.065,0.075
0.063,0.074
0.064,0.074
0.064,0.077
0.063,0.076
0.063,0.077
0.062,0.078
0.062,0.076
0.063,0.076
0.061,0.078
0.062,0.076
0.063,0.076
0.062,0.075
0.062,0.073
0.063,0.072
0.062,0.072
0.063,0.071
0.063,0.073
0.060,0.075
0.061,0.074
0.060,0.075
0.059,0.077
0.060,0.076
0.059,0.077
0.059,0.076
0.059,0.074
0.059,0.075
0.059,0.073
0.060,0.073
0.059,0.073
0.059,0.072
0.060,0.071
0.058,0.072
0.059,0.071
0.058,0.072
0.057,0.072
0.057,0.071
0.056,0.070
0.057,0.070
0.057,0.071
0.056,0.071
0.055,0.072
0.057,0.072
0.056,0.073
0.057,0.073
0.057,0.073
0.056,0.073
0.056,0.072
0.056,0.073
0.055,0.073
0.054,0.074
0.054,0.074
0.054,0.073
0.054,0.073
0.054,0.072
0.054,0.071
0.054,0.071
0.054,0.072
0.053,0.071
0.054,0.071
0.054,0.072
0.054,0.071
0.054,0.073
0.054,0.074
0.053,0.075
0.052,0.074
0.052,0.076
0.052,0.076
0.051,0.077
0.051,0.078
0.052,0.077
0.051,0.075
0.050,0.075
0.049,0.074
0.050,0.073
0.049,0.073
0.050,0.073
0.049,0.074
0.050,0.074
0.050,0.075
0.049,0.076
0.049,0.076
0.049,0.077
0.049,0.077
0.048,0.075
0.049,0.075
0.048,0.075
0.047,0.074
0.049,0.074
0.047,0.075
0.048,0.073
0.048,0.073
0.047,0.075
0.047,0.074
0.047,0.075
0.045,0.077
0.045,0.076
0.046,0.076
0.045,0.078
0.045,0.077
0.046,0.077
0.046,0.078
0.046,0.078
0.046,0.077
0.047,0.076
0.046,0.076
0.047,0.075
0.046,0.075
0.046,0.075
0.046,0.074
0.045,0.075
0.045,0.073
0.044,0.073
0.044,0.075
0.044,0.075
0.045,0.076
0.044,0.078
0.046,0.079
0.046,0.079
0.046,0.080
0.046,0.079
0.047,0.079
0.046,0.080
0.046,0.077
0.046,0.077
0.045,0.077
0.046,0.076
0.046,0.077
0.044,0.077
0.045,0.076
0.046,0.076
0.044,0.077
0.045,0.075
0.046,0.077
0.044,0.078
0.044,0.079
0.043,0.079
0.041,0.080
0.043,0.078
0.041,0.079
0.040,0.079
0.041,0.078
0.040,0.080
0.041,0.078
0.042,0.077
0.041,0.079
0.042,0.077
0.043,0.077
0.040,0.077
0.041,0.075
0.041,0.075
0.037,0.076
0.038,0.073
0.038,0.074
0.035,0.073
0.036,0.071
0.037,0.073
0.035,0.074
0.036,0.073
0.036,0.074
0.034,0.075
0.036,0.074
0.035,0.075
0.033,0.075
0.034,0.073
0.035,0.073
0.032,0.072
0.033,0.070
0.034,0.069
0.031,0.070
0.033,0.070
0.032,0.071
0.031,0.072
0.032,0.073
0.031,0.073
0.031,0.072
0.031,0.071
0.030,0.070
0.029,0.070
0.031,0.069
0.030,0.070
0.029,0.071
0.030,0.071
0.028,0.072
0.028,0.071
0.028,0.071
0.028,0.071
0.028,0.069
0.029,0.069
0.027,0.070
0.026,0.069
0.027,0.069
0.025,0.068
0.026,0.066
0.026,0.065
0.025,0.064
0.026,0.063
0.027,0.064
0.026,0.063
0.025,0.065
0.025,0.067
0.024,0.068
0.024,0.067
0.023,0.067
0.023,0.064
0.023,0.063
0.023,0.062
0.020,0.060
0.020,0.062
0.020,0.061
0.019,0.060
0.019,0.060
0.018,0.061
0.017,0.062
0.016,0.062
0.015,0.063
0.014,0.064
0.014,0.065
0.013,0.066
0.012,0.064
0.011,0.064
0.010,0.064
0.010,0.062
0.009,0.063
0.007,0.063
0.006,0.062
0.005,0.063
0.006,0.064
0.002,0.062
0.003,0.062
0.002,0.061
-0.001,0.059
-0.001,0.058
-0.003,0.055
-0.004,0.053
-0.004,0.051
-0.005,0.052
-0.008,0.052
-0.007,0.053
-0.008,0.054
-0.009,0.054
-0.008,0.054
-0.009,0.053
-0.010,0.055
-0.013,0.056
-0.013,0.057
-0.014,0.058
-0.014,0.060
-0.014,0.060
-0.015,0.060
-0.016,0.061
-0.016,0.061
-0.015,0.062
-0.015,0.062
-0.014,0.060
-0.016,0.060
-0.016,0.062
-0.015,0.060
-0.017,0.061
-0.019,0.061
-0.017,0.060
-0.018,0.062
-0.018,0.062
-0.019,0.062
-0.019,0.063
-0.017,0.062
-0.016,0.061
-0.018,0.062
-0.017,0.060
-0.016,0.057
-0.016,0.058
-0.016,0.056
-0.015,0.056
-0.016,0.057
-0.016,0.056
-0.016,0.058
-0.019,0.058
-0.017,0.058
-0.015,0.059
-0.018,0.062
-0.016,0.059
-0.016,0.060
-0.017,0.060
-0.014,0.058
-0.013,0.060
-0.015,0.060
-0.012,0.061
-0.013,0.062
-0.014,0.062
-0.011,0.060
-0.012,0.062
-0.012,0.064
-0.009,0.063
-0.012,0.066
-0.013,0.066
-0.009,0.065
-0.011,0.066
-0.010,0.065
-0.008,0.065
-0.009,0.066
-0.009,0.064
-0.007,0.062
-0.009,0.061
-0.008,0.061
-0.006,0.060
-0.008,0.062
-0.009,0.061
-0.007,0.062
-0.009,0.061
-0.008,0.059
-0.007,0.059
-0.010,0.058
-0.010,0.054
-0.007,0.055
-0.011,0.053
-0.010,0.052
-0.008,0.054
-0.011,0.054
-0.011,0.054
-0.010,0.054
-0.012,0.053
-0.011,0.052
-0.010,0.052
-0.011,0.052
-0.010,0.052
-0.008,0.053
-0.009,0.051
-0.008,0.051
-0.008,0.049
-0.010,0.049
-0.009,0.049
-0.009,0.049
-0.010,0.049
-0.008,0.050
-0.008,0.051
-0.009,0.050
-0.011,0.051
-0.010,0.051
-0.011,0.051
-0.011,0.052
-0.010,0.052
-0.013,0.053
-0.012,0.054
-0.012,0.054
-0.013,0.053
-0.013,0.053
-0.013,0.054
-0.014,0.053
-0.014,0.055
-0.014,0.054
-0.016,0.056
-0.014,0.056
-0.014,0.055
-0.016,0.054
-0.016,0.054
-0.016,0.053
-0.017,0.052
-0.017,0.052
-0.017,0.051
-0.019,0.051
-0.019,0.051
-0.020,0.051
-0.022,0.050
-0.022,0.049
-0.022,0.048
-0.023,0.046
-0.022,0.045
-0.023,0.043
-0.025,0.043
-0.024,0.043
-0.025,0.043
-0.026,0.043
-0.024,0.044
-0.026,0.045
-0.027,0.045
-0.026,0.046
-0.028,0.045
-0.028,0.044
-0.027,0.046
-0.028,0.047
-0.028,0.047
-0.029,0.047
-0.029,0.048
-0.030,0.048
-0.029,0.047
-0.030,0.048
-0.030,0.046
-0.029,0.047
-0.031,0.048
-0.032,0.048
-0.030,0.049
-0.032,0.049
-0.032,0.048
-0.031,0.049
-0.031,0.049
-0.032,0.047
-0.031,0.046
-0.031,0.045
-0.031,0.045
-0.029,0.045
-0.029,0.046
-0.029,0.046
-0.027,0.047
-0.028,0.048
-0.029,0.047
-0.027,0.047
-0.028,0.046
-0.028,0.046
-0.025,0.046
-0.026,0.046
-0.025,0.046
-0.023,0.046
-0.024,0.047
-0.024,0.045
-0.024,0.045
-0.026,0.044
-0.027,0.042
-0.025,0.042
-0.026,0.040
-0.026,0.039
-0.025,0.039
-0.026,0.039
-0.024,0.038
-0.023,0.039
-0.026,0.039
-0.024,0.038
-0.023,0.041
-0.026,0.041
-0.025,0.043
-0.024,0.045
-0.026,0.044
-0.024,0.042
-0.024,0.042
-0.025,0.041
-0.025,0.039
-0.024,0.040
-0.025,0.040
-0.024,0.038
-0.024,0.040
-0.026,0.039
-0.025,0.040
-0.026,0.040
-0.026,0.038
-0.026,0.038
-0.026,0.038
-0.025,0.036
-0.026,0.036
-0.025,0.037
-0.025,0.037
-0.024,0.038
-0.024,0.038
-0.024,0.036
-0.024,0.036
-0.025,0.036
-0.024,0.034
-0.024,0.035
-0.024,0.036
-0.022,0.036
-0.023,0.038
-0.023,0.038
-0.022,0.037
-0.022,0.037
-0.023,0.036
-0.021,0.035
-0.022,0.036
-0.022,0.037
-0.021,0.036
-0.022,0.037
-0.021,0.036
-0.021,0.035
-0.021,0.036
-0.021,0.035
-0.020,0.035
-0.020,0.034
-0.020,0.034
-0.020,0.034
-0.020,0.033
-0.021,0.032
-0.022,0.031
-0.022,0.030
-0.021,0.028
-0.023,0.028
-0.023,0.028
-0.022,0.028
-0.024,0.029
-0.024,0.030
-0.023,0.031
-0.023,0.032
-0.023,0.034
-0.023,0.035
-0.024,0.036
-0.024,0.036
-0.024,0.036
-0.026,0.036
-0.026,0.034
-0.026,0.034
-0.028,0.030
-0.028,0.028
-0.028,0.026
-0.030,0.024
-0.029,0.025
-0.030,0.025
-0.031,0.025
-0.031,0.027
-0.031,0.028
-0.032,0.027
-0.031,0.029
-0.032,0.031
-0.033,0.030
-0.032,0.030
-0.033,0.031
-0.033,0.030
-0.034,0.030
-0.035,0.029
-0.035,0.026
-0.036,0.024
-0.038,0.023
-0.039,0.021
-0.039,0.023
-0.040,0.021
-0.041,0.020
-0.042,0.022
-0.042,0.021
-0.042,0.021
-0.044,0.022
-0.043,0.021
-0.043,0.020
-0.045,0.021
-0.045,0.020
-0.045,0.020
-0.046,0.020
-0.046,0.017
-0.044,0.015
-0.046,0.016
-0.045,0.015
-0.044,0.015
-0.046,0.018
-0.045,0.017
-0.045,0.019
-0.047,0.022
-0.047,0.022
-0.046,0.023
-0.048,0.024
-0.047,0.023
-0.046,0.021
-0.047,0.022
-0.046,0.020
-0.046,0.018
-0.047,0.018
-0.046,0.017
-0.045,0.017
-0.046,0.017
-0.045,0.017
-0.045,0.016
-0.045,0.018
-0.044,0.017
-0.044,0.017
-0.044,0.018
-0.044,0.018
-0.043,0.019
-0.042,0.020
-0.042,0.022
-0.041,0.023
-0.041,0.024
-0.040,0.024
-0.040,0.024
-0.040,0.025
-0.039,0.023
-0.038,0.023
-0.037,0.023
-0.035,0.020
-0.036,0.019
-0.035,0.019
-0.033,0.019
-0.033,0.019
-0.032,0.020
-0.031,0.020
-0.030,0.021
-0.029,0.022
-0.028,0.022
-0.028,0.023
-0.028,0.023
-0.026,0.022
-0.027,0.022
-0.027,0.023
-0.026,0.022
-0.026,0.022
-0.025,0.023
-0.025,0.022
-0.025,0.023
-0.025,0.022
-0.023,0.021
-0.023,0.021
-0.022,0.020
-0.020,0.019
-0.021,0.019
-0.019,0.018
-0.018,0.019
-0.019,0.020
-0.018,0.018
-0.018,0.018
-0.019,0.017
-0.017,0.016
-0.016,0.015
-0.018,0.017
-0.015,0.016
-0.016,0.016
-0.017,0.017
-0.016,0.016
-0.016,0.017
-0.018,0.017
-0.017,0.016
-0.016,0.015
-0.019,0.015
-0.016,0.013
-0.016,0.014
-0.018,0.015
-0.016,0.014
-0.016,0.015
-0.018,0.016
-0.016,0.015
-0.017,0.015
-0.019,0.015
-0.018,0.015
-0.017,0.015
-0.018,0.015
-0.017,0.013
-0.018,0.013
-0.019,0.014
-0.018,0.013
-0.018,0.014
-0.019,0.013
-0.018,0.014
-0.018,0.014
-0.018,0.014
-0.017,0.015
-0.018,0.014
-0.018,0.014
-0.018,0.013
-0.019,0.012
-0.020,0.012
-0.019,0.012
-0.021,0.011
-0.023,0.010
-0.023,0.009
-0.023,0.008
-0.024,0.008
-0.024,0.008
-0.024,0.007
-0.025,0.008
-0.026,0.008
-0.027,0.008
-0.028,0.009
-0.028,0.010
-0.030,0.009
-0.030,0.009
-0.031,0.009
-0.031,0.007
-0.032,0.007
-0.033,0.007
-0.033,0.006
-0.034,0.006
-0.035,0.004
-0.036,0.004
-0.036,0.007
-0.037,0.006
-0.037,0.005
-0.037,0.006
-0.037,0.006
-0.037,0.004
-0.038,0.004
-0.037,0.002
-0.038,0.001
-0.039,0.002
-0.038,0.001
-0.039,0.001
-0.039,0.002
-0.038,0.001
-0.036,0.001
-0.037,0.002
-0.036,0.001
-0.034,0.002
-0.036,0.003
-0.034,0.001
-0.035,0.001
-0.036,0.003
-0.035,0.001
-0.035,0.003
-0.036,0.005
-0.035,0.004
-0.035,0.005
-0.034,0.006
-0.032,0.005
-0.032,0.007
-0.032,0.006
-0.030,0.005
-0.031,0.005
-0.030,0.005
-0.029,0.004
-0.030,0.004
-0.030,0.005
-0.028,0.005
-0.029,0.006
-0.028,0.005
-0.026,0.006
-0.029,0.009
-0.027,0.008
-0.026,0.009
-0.028,0.010
-0.026,0.009
-0.024,0.009
-0.026,0.008
-0.025,0.006
-0.023,0.005
-0.025,0.005
-0.023,0.002
-0.023,0.001
-0.024,0.000
-0.022,-0.002
-0.022,-0.001
-0.024,-0.000
-0.022,0.001
-0.021,0.003
-0.023,0.004
-0.022,0.005
-0.022,0.006
-0.022,0.005
-0.021,0.003
-0.020,0.003
-0.021,0.002
-0.020,0.002
-0.020,0.002
-0.020,0.002
-0.017,0.002
-0.018,0.001
-0.019,0.001
-0.017,0.000
-0.017,0.001
-0.018,0.001
-0.017,0.001
-0.016,0.002
-0.016,0.003
-0.013,0.002
-0.012,0.002
-0.012,0.002
-0.010,0.000
-0.010,0.001
-0.011,0.000
-0.009,-0.001
-0.010,-0.002
-0.012,-0.002
-0.010,-0.003
-0.011,-0.003
-0.010,-0.003
-0.009,-0.003
-0.011,-0.005
-0.010,-0.004
-0.007,-0.005
-0.008,-0.006
-0.009,-0.007
-0.007,-0.008
-0.007,-0.008
-0.008,-0.007
-0.006,-0.007
-0.006,-0.006
-0.006,-0.006
-0.004,-0.006
-0.004,-0.006
-0.005,-0.006
-0.003,-0.006
-0.003,-0.007
-0.003,-0.005
-0.002,-0.005
-0.003,-0.005
-0.003,-0.003
-0.001,-0.004
-0.001,-0.005
-0.000,-0.005
0.001,-0.006
0.000,-0.007
0.000,-0.007
0.001,-0.007
0.000,-0.008
-0.001,-0.008
0.001,-0.009
-0.001,-0.009
-0.000,-0.009
0.001,-0.009
0.001,-0.009
0.002,-0.009
0.004,-0.009
0.003,-0.009
0.004,-0.009
0.005,-0.011
0.003,-0.012
0.004,-0.013
0.005,-0.013
0.004,-0.013
0.004,-0.014
0.004,-0.013
0.004,-0.011
0.004,-0.008
0.005,-0.009
0.004,-0.009
0.004,-0.007
0.007,-0.009
0.006,-0.008
0.006,-0.008
0.008,-0.008
0.007,-0.008
0.008,-0.008
0.010,-0.009
0.009,-0.008
0.009,-0.008
0.010,-0.008
0.009,-0.006
0.010,-0.005
0.011,-0.005
0.010,-0.004
0.010,-0.004
0.012,-0.005
0.010,-0.005
0.011,-0.006
0.013,-0.007
0.011,-0.007
0.014,-0.008
0.015,-0.007
0.013,-0.006
0.015,-0.006
0.016,-0.006
0.014,-0.005
0.015,-0.007
0.015,-0.007
0.013,-0.007
0.015,-0.009
0.016,-0.008
0.015,-0.008
0.017,-0.009
0.016,-0.007
0.016,-0.009
0.018,-0.008
0.017,-0.008
0.016,-0.009
0.019,-0.010
0.016,-0.009
0.015,-0.011
0.018,-0.010
0.016,-0.010
0.016,-0.011
0.019,-0.009
0.018,-0.009
0.018,-0.009
0.020,-0.006
0.018,-0.006
0.019,-0.007
0.020,-0.008
0.018,-0.011
0.019,-0.013
0.021,-0.014
0.020,-0.013
0.021,-0.014
0.022,-0.011
0.021,-0.010
0.021,-0.010
0.022,-0.008
0.021,-0.008
0.023,-0.008
0.023,-0.008
0.023,-0.009
0.024,-0.010
0.026,-0.008
0.025,-0.009
0.025,-0.008
0.026,-0.007
0.025,-0.006
0.026,-0.006
0.025,-0.005
0.025,-0.005
0.026,-0.007
0.026,-0.006
0.025,-0.007
0.026,-0.008
0.028,-0.008
0.027,-0.010
0.029,-0.010
0.028,-0.009
0.028,-0.010
0.029,-0.010
0.029,-0.009
0.029,-0.010
0.030,-0.009
0.030,-0.009
0.030,-0.012
0.031,-0.012
0.030,-0.013
0.030,-0.014
0.030,-0.012
0.029,-0.010
0.030,-0.010
0.031,-0.007
0.031,-0.006
0.032,-0.008
0.032,-0.007
0.033,-0.008
0.034,-0.010
0.034,-0.010
0.033,-0.012
0.034,-0.013
0.034,-0.012
0.036,-0.010
0.036,-0.011
0.037,-0.010
0.037,-0.011
0.038,-0.012
0.038,-0.011
0.038,-0.011
0.038,-0.009
0.037,-0.008
0.037,-0.007
0.037,-0.006
0.037,-0.006
0.039,-0.006
0.038,-0.007
0.039,-0.007
0.040,-0.007
0.039,-0.006
0.039,-0.007
0.040,-0.007
0.039,-0.006
0.040,-0.007
0.040,-0.007
0.039,-0.008
0.039,-0.009
0.039,-0.010
0.038,-0.010
0.039,-0.010
0.039,-0.010
0.039,-0.010
0.040,-0.011
0.042,-0.009
0.042,-0.012
0.043,-0.012
0.043,-0.011
0.043,-0.013
0.044,-0.013
0.043,-0.014
0.043,-0.016
0.043,-0.015
0.043,-0.013
0.043,-0.013
0.043,-0.011
0.043,-0.009
0.043,-0.010
0.044,-0.009
0.043,-0.008
0.044,-0.008
0.044,-0.007
0.044,-0.006
0.044,-0.008
0.043,-0.006
0.044,-0.007
0.045,-0.008
0.044,-0.007
0.045,-0.009
0.046,-0.009
0.044,-0.009
0.044,-0.010
0.045,-0.010
0.044,-0.009
0.044,-0.009
0.046,-0.009
0.045,-0.007
0.047,-0.007
0.048,-0.006
0.047,-0.006
0.048,-0.006
0.049,-0.008
0.048,-0.008
0.048,-0.011
0.049,-0.012
0.048,-0.012
0.049,-0.014
0.050,-0.014
0.050,-0.014
0.051,-0.014
0.052,-0.014
0.052,-0.013
0.054,-0.013
0.054,-0.013
0.054,-0.011
0.055,-0.011
0.055,-0.010
0.054,-0.009
0.055,-0.011
0.056,-0.010
0.055,-0.008
0.057,-0.008
0.056,-0.007
0.056,-0.006
0.057,-0.008
0.056,-0.008
0.056,-0.008
0.058,-0.011
0.058,-0.011
0.057,-0.012
0.058,-0.014
0.057,-0.013
0.056,-0.012
0.058,-0.012
0.057,-0.011
0.057,-0.008
0.058,-0.007
0.056,-0.005
0.057,-0.004
0.059,-0.004
0.057,-0.003
0.057,-0.003
0.059,-0.003
0.057,-0.003
0.059,-0.005
0.060,-0.005
0.057,-0.005
0.060,-0.007
0.060,-0.006
0.058,-0.006
0.060,-0.005
0.062,-0.003
0.060,0.000
0.063,0.001
0.064,0.003
0.063,0.004
0.067,0.002
0.067,0.004
0.065,0.003
0.067,0.002
0.067,0.002
0.066,0.004
0.068,0.004
0.069,0.006
0.068,0.007
0.072,0.005
0.072,0.006
0.072,0.005
0.075,0.004
0.074,0.004
0.074,0.004
0.075,0.003
0.077,0.003
0.078,0.003
0.081,0.005
0.081,0.006
0.082,0.007
0.083,0.008
0.082,0.006
0.083,0.006
0.085,0.004
0.085,0.002
0.083,0.002
0.086,0.001
0.084,-0.001
0.084,-0.001
0.086,-0.001
0.086,-0.000
0.087,0.000
0.088,-0.000
0.088,-0.001
0.088,-0.001
0.091,-0.002
0.092,-0.002
0.091,-0.000
0.093,-0.001
0.092,-0.001
0.094,-0.001
0.094,-0.003
0.095,-0.002
0.096,-0.002
0.098,-0.002
0.096,-0.001
0.097,-0.001
0.100,0.001
0.099,0.002
0.100,0.003
0.101,0.003
0.100,0.004
0.101,0.002
0.103,0.002
0.101,0.001
0.102,-0.000
0.104,0.001
0.102,-0.001
0.103,-0.001
0.105,-0.002
0.105,-0.003
0.106,-0.002
0.107,-0.003
0.105,-0.003
0.106,-0.002
0.107,-0.002
0.106,-0.003
0.108,-0.002
0.108,-0.002
0.107,-0.002
0.107,-0.003
0.107,-0.004
0.106,-0.003
0.106,-0.001
0.108,0.001
0.106,0.002
0.105,0.003
0.105,0.002
0.105,0.000
0.106,0.000
0.106,-0.002
0.105,-0.003
0.105,-0.002
0.106,-0.002
0.104,-0.005
0.105,-0.003
0.106,-0.003
0.104,-0.004
0.104,-0.003
0.103,-0.005
0.102,-0.005
0.103,-0.004
0.103,-0.006
0.102,-0.006
0.103,-0.004
0.105,-0.006
0.103,-0.006
0.105,-0.005
0.106,-0.006
0.104,-0.003
0.103,-0.003
0.104,-0.002
0.103,-0.001
0.104,-0.001
0.104,-0.000
0.102,-0.001
0.102,-0.002
0.103,-0.003
0.100,-0.003
0.101,-0.005
0.102,-0.004
0.099,-0.001
0.101,0.001
0.102,0.003
0.099,0.004
0.101,0.004
0.102,0.003
0.099,0.003
0.101,0.001
0.099,0.001
0.096,0.002
0.100,0.000
0.099,0.002
0.098,0.001
0.099,0.000
0.098,0.001
0.097,0.002
0.099,0.001
0.098,0.002
0.097,0.002
0.100,0.003
0.097,0.005
0.096,0.002
0.099,0.003
0.097,0.003
0.097,0.001
0.100,0.002
0.097,0.003
0.099,0.002
0.101,0.003
0.099,0.004
0.101,0.003
0.103,0.005
0.100,0.004
0.101,0.003
0.103,0.004
0.101,0.004
0.102,0.003
0.104,0.003
0.101,0.003
0.102,0.003
0.104,0.002
0.102,0.001
0.103,-0.000
0.105,-0.002
0.104,-0.004
0.104,-0.003
0.106,-0.003
0.105,-0.003
0.106,-0.001
0.107,0.000
0.106,0.001
0.106,0.002
0.107,0.002
0.106,-0.000
0.108,0.000
0.109,0.002
0.108,0.002
0.110,0.004
0.112,0.006
0.111,0.005
0.113,0.006
0.114,0.007
0.115,0.006
0.115,0.006
0.116,0.005
0.115,0.004
0.116,0.004
0.116,0.004
0.115,0.004
0.117,0.004
0.117,0.005
0.118,0.006
0.119,0.007
0.121,0.008
0.121,0.007
0.121,0.007
0.121,0.006
0.120,0.006
0.119,0.006
0.119,0.004
0.119,0.003
0.119,0.004
0.119,0.005
0.118,0.006
0.118,0.008
0.118,0.009
0.117,0.009
0.118,0.010
0.118,0.009
0.119,0.010
0.119,0.011
0.118,0.011
0.118,0.011
0.118,0.013
0.118,0.012
0.116,0.011
0.117,0.011
0.117,0.010
0.117,0.008
0.117,0.009
0.117,0.009
0.117,0.008
0.117,0.008
0.117,0.009
0.116,0.010
0.118,0.011
0.116,0.013
0.116,0.014
0.117,0.016
0.115,0.017
0.114,0.016
0.115,0.017
0.114,0.017
0.114,0.015
0.116,0.015
0.115,0.015
0.114,0.015
0.116,0.015
0.114,0.016
0.114,0.016
0.115,0.016
0.114,0.016
0.112,0.015
0.113,0.016
0.112,0.016
0.111,0.016
0.114,0.016
0.113,0.017
0.112,0.016
0.114,0.015
0.113,0.015
0.113,0.014
0.114,0.016
0.114,0.017
0.113,0.017
0.115,0.019
0.114,0.019
0.114,0.020
0.114,0.022
0.113,0.023
0.113,0.022
0.115,0.023
0.113,0.023
0.114,0.022
0.114,0.023
0.113,0.023
0.113,0.021
0.114,0.022
0.112,0.022
0.112,0.021
0.111,0.023
0.110,0.023
0.109,0.021
0.110,0.021
0.108,0.018
0.109,0.016
0.109,0.016
0.108,0.016
0.110,0.016
0.109,0.018
0.109,0.017
0.110,0.019
0.109,0.021
0.109,0.022
0.109,0.023
0.109,0.024
0.109,0.023
0.110,0.023
0.107,0.023
0.108,0.022
0.109,0.024
0.107,0.025
0.107,0.024
0.108,0.026
0.108,0.028
0.108,0.027
0.109,0.030
0.109,0.029
0.109,0.029
0.109,0.029
0.110,0.027
0.111,0.027
0.113,0.028
0.113,0.028
0.113,0.028
0.113,0.029
0.114,0.027
0.113,0.027
0.112,0.026
0.114,0.025
0.115,0.024
0.115,0.024
0.116,0.024
0.117,0.026
0.116,0.028
0.118,0.029
0.118,0.030
0.119,0.032
0.121,0.032
0.122,0.033
0.122,0.033
0.124,0.032
0.124,0.032
0.124,0.031
0.125,0.032
0.125,0.032
0.125,0.034
0.127,0.035
0.127,0.036
0.129,0.037
0.130,0.037
0.130,0.037
0.130,0.037
0.131,0.039
0.130,0.038
0.131,0.038
0.131,0.038
0.130,0.037
0.132,0.037
0.130,0.037
0.132,0.036
0.132,0.036
0.132,0.036
0.133,0.035
0.133,0.034
0.134,0.033
0.134,0.031
0.134,0.031
0.133,0.032
0.135,0.032
0.135,0.032
0.135,0.032
0.136,0.032
0.136,0.034
0.137,0.034
0.136,0.034
0.137,0.035
0.137,0.034
0.138,0.032
0.136,0.031
0.136,0.029
0.137,0.027
0.134,0.028
0.134,0.029
0.134,0.029
0.134,0.032
0.134,0.033
0.134,0.035
0.134,0.036
0.133,0.036
0.134,0.034
0.132,0.035
0.132,0.034
0.132,0.032
0.131,0.034
0.130,0.033
0.130,0.032
0.129,0.032
0.127,0.031
0.128,0.029
0.127,0.030
0.127,0.029
0.126,0.029
0.126,0.032
0.125,0.033
0.125,0.036
0.124,0.038
0.123,0.038
0.123,0.040
0.121,0.041
0.121,0.040
0.120,0.040
0.119,0.041
0.119,0.039
0.118,0.038
0.116,0.040
0.117,0.038
0.117,0.038
0.116,0.040
0.116,0.038
0.115,0.037
0.114,0.038
0.114,0.036
0.113,0.037
0.114,0.039
0.115,0.039
0.114,0.042
0.114,0.044
0.114,0.044
0.114,0.046
0.112,0.045
0.114,0.043
0.112,0.044
0.111,0.044
0.111,0.042
0.108,0.043
0.108,0.043
0.108,0.044
0.107,0.046
0.107,0.046
0.108,0.048
0.106,0.049
0.107,0.049
0.107,0.050
0.105,0.052
0.107,0.052
0.107,0.052
0.106,0.054
0.108,0.053
0.109,0.052
0.107,0.051
0.109,0.050
0.111,0.051
0.108,0.052
0.110,0.052
0.110,0.052
0.108,0.053
0.109,0.050
0.108,0.052
0.107,0.052
0.109,0.051
0.109,0.052
0.107,0.054
0.111,0.052
0.110,0.054
0.109,0.054
0.111,0.053
0.111,0.054
0.111,0.053
0.112,0.052
0.113,0.052
0.112,0.053
0.114,0.054
0.114,0.056
0.113,0.057
0.115,0.059
0.114,0.061
0.114,0.062
0.114,0.062
0.114,0.062
0.114,0.061
0.115,0.062
0.114,0.061
0.114,0.062
0.116,0.062
0.116,0.062
0.116,0.062
0.117,0.062
0.117,0.063
0.118,0.062
0.117,0.063
0.117,0.062
0.117,0.063
0.117,0.063
0.116,0.062
0.116,0.063
0.116,0.062
0.116,0.061
0.116,0.060
0.115,0.061
0.115,0.059
0.115,0.060
0.115,0.061
0.116,0.061
0.116,0.064
0.116,0.065
0.115,0.067
0.114,0.069
0.113,0.069
0.114,0.068
0.112,0.068
0.112,0.067
0.112,0.067
0.112,0.068
0.111,0.067
0.111,0.067
0.111,0.068
0.110,0.067
0.111,0.065
0.109,0.066
0.110,0.066
0.109,0.064
0.108,0.065
0.107,0.063
0.108,0.063
0.106,0.063
0.105,0.062
0.106,0.063
0.105,0.064
0.105,0.063
0.104,0.065
0.104,0.066
0.104,0.066
0.102,0.066
0.102,0.065
0.102,0.064
0.102,0.063
0.102,0.062
0.103,0.062
0.101,0.062
0.101,0.063
0.101,0.063
0.099,0.065
0.100,0.064
0.100,0.064
0.098,0.066
0.098,0.065
0.099,0.066
0.097,0.067
0.097,0.067
0.097,0.067
0.095,0.067
0.095,0.066
0.095,0.065
0.094,0.065
0.095,0.064
0.095,0.064
0.093,0.064
0.093,0.065
0.094,0.066
0.092,0.067
0.093,0.068
0.092,0.069
0.091,0.072
0.091,0.071
0.091,0.071
0.089,0.071
0.090,0.070
0.089,0.070
0.088,0.070
0.089,0.070
0.088,0.070
0.087,0.071
0.088,0.070
0.088,0.071
0.086,0.072
0.088,0.071
0.087,0.073
0.084,0.074
0.086,0.073
0.084,0.073
0.083,0.074
0.085,0.071
0.084,0.071
0.082,0.071
0.084,0.069
0.084,0.070
0.083,0.071
0.084,0.071
0.084,0.073
0.082,0.073
0.084,0.073
0.082,0.074
0.080,0.073
0.082,0.071
0.080,0.071
0.079,0.071
0.080,0.071
0.079,0.071
0.078,0.071
0.081,0.071
0.079,0.071
0.079,0.071
0.081,0.072
0.079,0.072
0.079,0.070
0.080,0.071
0.078,0.071
0.078,0.071
0.079,0.072
0.077,0.072
0.078,0.071
0.078,0.072
0.076,0.072
0.078,0.071
0.078,0.071
0.075,0.070
0.078,0.071
0.077,0.071
0.075,0.070
0.076,0.070
0.076,0.072
0.075,0.072
0.075,0.073
0.075,0.073
0.074,0.073
0.075,0.074
0.075,0.074
0.074,0.075
0.075,0.077
0.075,0.077
0.074,0.075
0.075,0.077
0.074,0.076
0.073,0.076
0.074,0.076
0.072,0.075
0.072,0.075
0.072,0.074
0.072,0.072
0.071,0.070
0.072,0.070
0.073,0.068
0.071,0.067
0.072,0.068
0.072,0.068
0.071,0.067
0.071,0.069
0.071,0.069
0.070,0.070
0.071,0.072
0.071,0.072
0.069,0.073
0.071,0.073
0.071,0.071
0.070,0.071
0.071,0.070
0.071,0.069
0.069,0.068
0.069,0.067
0.070,0.068
0.068,0.069
0.069,0.068
0.069,0.068
0.069,0.068
0.069,0.066
0.069,0.066
0.067,0.067
0.069,0.067
0.069,0.069
0.066,0.071
0.068,0.070
0.068,0.069
0.066,0.070
0.068,0.069
0.066,0.070
0.065,0.071
0.067,0.071
0.066,0.073
0.064,0.073
0.066,0.073
0.065,0.072
0.063,0.072
0.066,0.071
0.063,0.071
0.063,0.071
0.066,0.071
0.064,0.071
0.064,0.071
0.067,0.071
0.063,0.072
0.062,0.072
0.064,0.073
0.062,0.073
0.061,0.072
0.063,0.072
0.061,0.073
0.061,0.073
0.062,0.075
0.060,0.075
0.060,0.075
0.062,0.074
0.061,0.073
0.060,0.073
0.062,0.072
0.060,0.072
0.060,0.071
0.062,0.072
0.060,0.074
0.060,0.074
0.060,0.075
0.059,0.075
0.059,0.074
0.061,0.074
0.060,0.073
0.060,0.072
0.061,0.072
0.059,0.072
0.059,0.072
0.060,0.074
0.058,0.075
0.059,0.075
0.061,0.075
0.059,0.075
0.060,0.074
0.061,0.073
0.059,0.073
0.059,0.073
0.059,0.074
0.056,0.072
0.056,0.071
0.057,0.072
0.055,0.071
0.056,0.071
0.056,0.070
0.054,0.069
0.056,0.069
0.055,0.070
0.055,0.069
0.055,0.071
0.054,0.071
0.054,0.069
0.054,0.071
0.052,0.071
0.053,0.069
0.052,0.070
0.050,0.070
0.051,0.069
0.051,0.071
0.050,0.071
0.050,0.070
0.051,0.072
0.050,0.071
0.049,0.069
0.050,0.069
0.049,0.068
0.050,0.067
0.049,0.067
0.049,0.067
0.049,0.068
0.049,0.069
0.049,0.068
0.048,0.068
0.049,0.068
0.048,0.067
0.048,0.067
0.048,0.068
0.048,0.069
0.047,0.070
0.047,0.071
0.047,0.071
0.047,0.071
0.048,0.071
0.047,0.070
0.047,0.070
0.048,0.068
0.047,0.068
0.046,0.068
0.046,0.067
0.047,0.068
0.045,0.068
0.046,0.068
0.046,0.068
0.045,0.069
0.047,0.069
0.047,0.069
0.048,0.069
0.048,0.069
0.048,0.069
0.048,0.068
0.049,0.069
0.048,0.069
0.047,0.069
0.048,0.069
0.046,0.069
0.047,0.067
0.047,0.065
0.046,0.065
0.046,0.063
0.046,0.062
0.044,0.061
0.043,0.060
0.043,0.060
0.042,0.060
0.043,0.061
0.042,0.062
0.042,0.063
0.043,0.063
0.041,0.063
0.042,0.064
0.042,0.064
0.042,0.065
0.042,0.065
0.043,0.065
0.043,0.065
0.042,0.063
0.042,0.062
0.041,0.063
0.041,0.061
0.040,0.061
0.040,0.062
0.039,0.061
0.039,0.060
0.039,0.061
0.038,0.060
0.038,0.060
0.038,0.061
0.037,0.062
0.038,0.062
0.039,0.064
0.038,0.062
0.039,0.061
0.039,0.061
0.039,0.060
0.040,0.060
0.039,0.060
0.039,0.060
0.039,0.060
0.039,0.063
0.039,0.062
0.039,0.064
0.037,0.066
0.037,0.065
0.037,0.065
0.036,0.066
0.036,0.064
0.036,0.064
0.035,0.065
0.037,0.064
0.036,0.065
0.035,0.065
0.035,0.064
0.034,0.066
0.034,0.065
0.033,0.064
0.031,0.064
0.030,0.064
0.031,0.064
0.029,0.064
0.029,0.062
0.029,0.061
0.028,0.062
0.027,0.060
0.027,0.059
0.024,0.060
0.024,0.058
0.025,0.059
0.022,0.060
0.022,0.058
0.021,0.059
0.019,0.061
0.020,0.058
0.020,0.057
0.017,0.058
0.019,0.056
0.019,0.057
0.015,0.057
0.015,0.055
0.015,0.055
0.011,0.056
0.012,0.054
0.010,0.053
0.008,0.054
0.010,0.053
0.009,0.053
0.007,0.052
0.007,0.052
0.006,0.052
0.003,0.053
0.005,0.052
0.003,0.053
0.002,0.055
0.002,0.056
0.001,0.057
-0.001,0.055
-0.001,0.056
-0.000,0.055
-0.002,0.053
-0.001,0.052
-0.002,0.052
-0.003,0.052
-0.001,0.052
-0.003,0.051
-0.003,0.051
-0.002,0.052
-0.003,0.053
-0.005,0.053
-0.005,0.054
-0.005,0.054
-0.005,0.055
-0.005,0.054
-0.007,0.054
-0.007,0.054
-0.005,0.054
-0.006,0.052
-0.007,0.052
-0.008,0.052
-0.009,0.053
-0.009,0.053
-0.010,0.052
-0.013,0.053
-0.012,0.053
-0.012,0.054
-0.012,0.054
-0.013,0.054
-0.013,0.054
-0.012,0.054
-0.013,0.054
-0.012,0.054
-0.013,0.055
-0.013,0.056
-0.013,0.057
-0.013,0.056
-0.014,0.058
-0.014,0.060
-0.014,0.059
-0.015,0.060
-0.016,0.056
-0.018,0.054
-0.016,0.052
-0.016,0.049
-0.017,0.048
-0.017,0.051
-0.017,0.052
-0.015,0.053
-0.015,0.056
-0.014,0.057
-0.013,0.059
-0.012,0.060
-0.012,0.059
-0.014,0.058
-0.012,0.058
-0.013,0.057
-0.012,0.055
-0.014,0.055
-0.013,0.054
-0.012,0.055
-0.012,0.054
-0.011,0.054
-0.012,0.056
-0.010,0.058
-0.010,0.057
-0.010,0.057
-0.010,0.055
-0.008,0.054
-0.010,0.054
-0.010,0.054
-0.009,0.052
-0.011,0.054
-0.008,0.054
-0.007,0.054
-0.009,0.056
-0.007,0.058
-0.007,0.058
-0.008,0.059
-0.008,0.056
-0.008,0.054
-0.010,0.053
-0.008,0.051
-0.009,0.049
-0.009,0.049
-0.009,0.049
-0.007,0.049
-0.008,0.051
-0.008,0.051
-0.007,0.052
-0.008,0.052
-0.007,0.052
-0.006,0.051
-0.007,0.053
-0.006,0.055
-0.005,0.056
-0.007,0.056
-0.006,0.054
-0.005,0.054
-0.007,0.054
-0.005,0.052
-0.008,0.051
-0.009,0.051
-0.008,0.049
-0.008,0.048
-0.010,0.049
-0.009,0.047
-0.008,0.049
-0.010,0.050
-0.009,0.049
-0.011,0.049
-0.012,0.050
-0.011,0.049
-0.013,0.047
-0.014,0.047
-0.014,0.045
-0.013,0.047
-0.016,0.047
-0.015,0.045
-0.016,0.045
-0.017,0.044
-0.016,0.042
-0.016,0.041
-0.018,0.041
-0.017,0.039
-0.018,0.039
-0.019,0.040
-0.018,0.038
-0.019,0.039
-0.021,0.039
-0.019,0.039
-0.020,0.039
-0.021,0.039
-0.019,0.038
-0.022,0.039
-0.021,0.038
-0.021,0.036
-0.023,0.037
-0.023,0.037
-0.022,0.038
-0.025,0.039
-0.026,0.039
-0.024,0.039
-0.027,0.040
-0.026,0.040
-0.026,0.041
-0.027,0.042
-0.026,0.043
-0.026,0.044
-0.027,0.044
-0.026,0.045
-0.026,0.045
-0.028,0.045
-0.027,0.044
-0.027,0.044
-0.029,0.045
-0.027,0.044
-0.027,0.046
-0.029,0.046
-0.027,0.047
-0.026,0.048
-0.028,0.047
-0.025,0.046
-0.025,0.044
-0.027,0.041
-0.026,0.040
-0.026,0.039
-0.027,0.038
-0.027,0.040
-0.027,0.042
-0.027,0.042
-0.026,0.044
-0.026,0.044
-0.026,0.043
-0.024,0.044
-0.024,0.043
-0.024,0.042
-0.024,0.042
-0.024,0.040
-0.024,0.038
-0.024,0.038
-0.024,0.036
-0.024,0.036
-0.023,0.036
-0.023,0.036
-0.024,0.036
-0.023,0.036
-0.023,0.036
-0.024,0.036
-0.023,0.037
-0.023,0.036
-0.024,0.038
-0.022,0.038
-0.023,0.036
-0.024,0.037
-0.023,0.036
-0.024,0.036
-0.025,0.037
-0.024,0.037
-0.023,0.036
-0.025,0.036
-0.024,0.034
-0.023,0.032
-0.024,0.033
-0.022,0.032
-0.022,0.031
-0.024,0.032
-0.023,0.032
-0.022,0.032
-0.026,0.034
-0.024,0.034
-0.024,0.033
-0.025,0.034
-0.023,0.032
-0.023,0.033
-0.023,0.033
-0.022,0.033
-0.022,0.034
-0.024,0.036
-0.021,0.036
-0.023,0.036
-0.025,0.037
-0.022,0.036
-0.025,0.036
-0.025,0.034
-0.024,0.033
-0.025,0.033
-0.026,0.032
-0.023,0.031
-0.026,0.030
-0.025,0.031
-0.021,0.030
-0.024,0.031
-0.023,0.032
-0.019,0.032
-0.023,0.033
-0.023,0.031
-0.020,0.031
-0.023,0.031
-0.023,0.030
-0.021,0.031
-0.022,0.032
-0.021,0.032
-0.019,0.032
-0.021,0.033
-0.021,0.033
-0.019,0.033
-0.021,0.032
-0.021,0.031
-0.019,0.030
-0.021,0.029
-0.021,0.028
-0.020,0.027
-0.022,0.026
-0.021,0.025
-0.020,0.025
-0.022,0.025
-0.021,0.025
-0.021,0.026
-0.024,0.027
-0.022,0.027
-0.022,0.027
-0.025,0.026
-0.024,0.025
-0.024,0.025
-0.025,0.025
-0.023,0.024
-0.024,0.025
-0.026,0.025
-0.025,0.026
-0.026,0.026
-0.028,0.025
-0.026,0.025
-0.028,0.024
-0.029,0.023
-0.029,0.023
-0.031,0.023
-0.031,0.022
-0.030,0.023
-0.032,0.022
-0.033,0.019
-0.032,0.020
-0.034,0.021
-0.034,0.019
-0.033,0.023
-0.035,0.023
-0.035,0.021
-0.035,0.023
-0.038,0.023
-0.038,0.021
-0.038,0.023
-0.040,0.021
-0.040,0.020
-0.040,0.021
-0.042,0.019
-0.042,0.019
-0.042,0.020
-0.043,0.021
-0.043,0.020
-0.043,0.021
-0.044,0.020
-0.045,0.019
-0.045,0.019
-0.046,0.018
-0.046,0.017
-0.044,0.018
-0.044,0.017
-0.044,0.017
-0.043,0.017
-0.043,0.016
-0.044,0.016
-0.043,0.017
-0.044,0.017
-0.045,0.018
-0.044,0.018
-0.045,0.018
-0.046,0.018
-0.045,0.019
-0.045,0.019
-0.046,0.019
-0.043,0.019
-0.043,0.017
-0.044,0.018
-0.042,0.019
-0.042,0.019
-0.043,0.020
-0.041,0.020
-0.042,0.021
-0.043,0.020
-0.041,0.021
-0.042,0.021
-0.041,0.020
-0.038,0.021
-0.039,0.021
-0.037,0.020
-0.036,0.022
-0.037,0.023
-0.037,0.023
-0.036,0.024
-0.037,0.024
-0.036,0.021
-0.034,0.021
-0.036,0.020
-0.034,0.019
-0.033,0.019
-0.033,0.019
-0.032,0.019
-0.030,0.020
-0.030,0.019
-0.029,0.018
-0.028,0.019
-0.028,0.017
-0.027,0.016
-0.027,0.017
-0.028,0.017
-0.026,0.018
-0.027,0.021
-0.027,0.019
-0.024,0.019
-0.025,0.018
-0.024,0.015
-0.022,0.015
-0.021,0.014
-0.021,0.011
-0.020,0.010
-0.020,0.010
-0.020,0.009
-0.019,0.009
-0.020,0.010
-0.020,0.010
-0.019,0.011
-0.020,0.013
-0.019,0.013
-0.017,0.015
-0.017,0.014
-0.016,0.013
-0.015,0.012
-0.015,0.014
-0.015,0.012
-0.015,0.011
-0.015,0.011
-0.015,0.009
-0.015,0.010
-0.015,0.009
-0.015,0.008
-0.016,0.009
-0.015,0.009
-0.014,0.008
-0.015,0.009
-0.014,0.009
-0.013,0.008
-0.013,0.009
-0.013,0.009
-0.015,0.010
-0.015,0.013
-0.016,0.013
-0.016,0.013
-0.017,0.013
-0.017,0.012
-0.017,0.009
-0.017,0.009
-0.016,0.008
-0.016,0.007
-0.017,0.007
-0.017,0.007
-0.016,0.007
-0.017,0.008
-0.018,0.008
-0.017,0.007
-0.020,0.008
-0.020,0.007
-0.021,0.006
-0.022,0.008
-0.022,0.007
-0.023,0.005
-0.025,0.006
-0.024,0.006
-0.024,0.005
-0.027,0.006
-0.025,0.005
-0.026,0.006
-0.027,0.007
-0.026,0.006
-0.026,0.006
-0.028,0.005
-0.027,0.003
-0.027,0.004
-0.030,0.004
-0.029,0.002
-0.029,0.002
-0.032,0.003
-0.031,0.000
-0.032,0.002
-0.034,0.003
-0.033,0.002
-0.034,0.002
-0.036,0.002
-0.034,0.001
-0.034,0.002
-0.036,0.002
-0.035,0.001
-0.036,0.002
-0.036,0.003
-0.036,0.003
-0.035,0.003
-0.037,0.002
-0.036,0.002
-0.036,0.001
-0.036,0.003
-0.035,0.004
-0.035,0.003
-0.035,0.003
-0.035,0.003
-0.035,0.001
-0.034,-0.000
-0.033,0.002
-0.033,0.001
-0.033,0.002
-0.033,0.003
-0.033,0.002
-0.032,0.003
-0.032,0.003
-0.032,0.003
-0.034,0.002
-0.033,0.001
-0.033,-0.001
-0.033,-0.000
-0.032,-0.001
-0.031,-0.002
-0.030,-0.001
-0.030,-0.003
-0.029,-0.003
-0.029,-0.002
-0.028,-0.002
-0.027,-0.002
-0.028,0.000
-0.026,0.000
-0.026,-0.001
-0.025,-0.001
-0.025,-0.002
-0.025,-0.003
-0.025,-0.002
-0.024,-0.003
-0.024,-0.004
-0.024,-0.002
-0.023,-0.002
-0.021,-0.001
-0.021,0.002
-0.020,0.003
-0.019,0.003
-0.020,0.004
-0.019,0.003
-0.018,0.003
-0.019,0.004
-0.018,0.003
-0.019,0.003
-0.018,0.005
-0.018,0.004
-0.018,0.004
-0.018,0.006
-0.017,0.006
-0.016,0.007
-0.016,0.007
-0.015,0.007
-0.014,0.007
-0.015,0.006
-0.013,0.005
-0.013,0.005
-0.012,0.002
-0.012,0.000
-0.011,-0.001
-0.010,-0.003
-0.008,-0.004
-0.008,-0.003
-0.007,-0.003
-0.005,-0.003
-0.007,-0.001
-0.005,-0.001
-0.004,0.001
-0.006,0.003
-0.005,0.002
-0.005,0.003
-0.007,0.004
-0.006,0.002
-0.004,0.001
-0.006,0.003
-0.004,0.002
-0.003,0.002
-0.004,0.003
-0.003,0.002
-0.002,0.002
-0.002,0.003
-0.001,0.002
0.001,0.001
-0.001,0.001
0.000,-0.001
0.001,-0.003
0.000,-0.003
0.002,-0.004
0.002,-0.003
0.001,-0.002
0.002,-0.001
0.004,0.001
0.002,0.002
0.003,0.002
0.004,0.001
0.002,0.001
0.004,-0.003
0.004,-0.004
0.003,-0.005
0.006,-0.006
0.006,-0.005
0.005,-0.005
0.006,-0.005
0.007,-0.003
0.004,-0.003
0.007,-0.004
0.005,-0.003
0.005,-0.003
0.006,-0.005
0.004,-0.005
0.005,-0.004
0.007,-0.005
0.006,-0.004
0.005,-0.004
0.008,-0.004
0.006,-0.004
0.007,-0.005
0.008,-0.005
0.006,-0.003
0.007,-0.005
0.008,-0.004
0.005,-0.003
0.006,-0.004
0.008,-0.004
0.004,-0.006
0.006,-0.009
0.007,-0.008
0.005,-0.009
0.007,-0.011
0.008,-0.011
0.006,-0.011
0.008,-0.011
0.010,-0.010
0.007,-0.009
0.009,-0.009
0.010,-0.008
0.008,-0.007
0.010,-0.008
0.011,-0.007
0.010,-0.008
0.011,-0.009
0.010,-0.008
0.010,-0.008
0.010,-0.008
0.010,-0.007
0.009,-0.008
0.012,-0.008
0.011,-0.009
0.010,-0.011
0.012,-0.011
0.012,-0.011
0.012,-0.012
0.013,-0.010
0.013,-0.010
0.014,-0.011
0.015,-0.011
0.015,-0.012
0.015,-0.013
0.015,-0.012
0.014,-0.011
0.014,-0.010
0.015,-0.009
0.016,-0.008
0.015,-0.008
0.017,-0.007
0.017,-0.007
0.016,-0.005
0.018,-0.005
0.019,-0.006
0.019,-0.005
0.020,-0.006
0.019,-0.007
0.018,-0.006
0.019,-0.006
0.020,-0.006
0.019,-0.005
0.020,-0.005
0.020,-0.005
0.020,-0.004
0.021,-0.005
0.021,-0.006
0.021,-0.005
0.023,-0.005
0.022,-0.005
0.021,-0.005
0.023,-0.005
0.023,-0.006
0.021,-0.005
0.023,-0.005
0.023,-0.005
0.023,-0.005
0.025,-0.007
0.025,-0.007
0.024,-0.007
0.027,-0.008
0.025,-0.008
0.025,-0.007
0.027,-0.006
0.026,-0.006
0.026,-0.006
0.028,-0.005
0.027,-0.006
0.028,-0.007
0.030,-0.008
0.029,-0.007
0.029,-0.008
0.032,-0.008
0.030,-0.007
0.030,-0.009
0.032,-0.010
0.030,-0.010
0.030,-0.011
0.032,-0.012
0.031,-0.011
0.031,-0.012
0.033,-0.013
0.032,-0.013
0.032,-0.012
0.034,-0.012
0.033,-0.010
0.032,-0.009
0.034,-0.009
0.032,-0.007
0.032,-0.006
0.035,-0.005
0.034,-0.005
0.035,-0.006
0.037,-0.006
0.036,-0.004
0.037,-0.004
0.038,-0.003
0.036,-0.002
0.037,-0.003
0.039,-0.004
0.037,-0.003
0.039,-0.003
0.040,-0.003
0.038,-0.001
0.039,-0.002
0.040,-0.000
0.039,0.000
0.041,-0.001
0.042,-0.001
0.040,-0.003
0.041,-0.004
0.041,-0.005
0.039,-0.006
0.042,-0.006
0.041,-0.006
0.040,-0.006
0.042,-0.005
0.041,-0.003
0.040,-0.003
0.042,-0.003
0.041,-0.002
0.040,-0.003
0.043,-0.003
0.041,-0.004
0.041,-0.007
0.043,-0.007
0.041,-0.007
0.041,-0.009
0.043,-0.008
0.041,-0.007
0.041,-0.008
0.042,-0.007
0.041,-0.006
0.042,-0.007
0.044,-0.006
0.042,-0.006
0.042,-0.007
0.044,-0.005
0.042,-0.006
0.042,-0.007
0.044,-0.006
0.043,-0.008
0.042,-0.010
0.044,-0.009
0.043,-0.010
0.043,-0.011
0.043,-0.011
0.043,-0.012
0.044,-0.012
0.043,-0.009
0.043,-0.010
0.044,-0.008
0.045,-0.006
0.044,-0.006
0.046,-0.006
0.047,-0.005
0.047,-0.006
0.047,-0.008
0.047,-0.008
0.047,-0.009
0.047,-0.009
0.048,-0.007
0.048,-0.007
0.049,-0.007
0.049,-0.005
0.049,-0.005
0.049,-0.005
0.049,-0.005
0.049,-0.006
0.050,-0.007
0.052,-0.007
0.052,-0.007
0.053,-0.006
0.053,-0.006
0.053,-0.004
0.054,-0.003
0.053,-0.003
0.053,-0.004
0.054,-0.004
0.053,-0.004
0.055,-0.005
0.054,-0.005
0.053,-0.004
0.055,-0.005
0.054,-0.005
0.054,-0.006
0.056,-0.005
0.056,-0.005
0.057,-0.005
0.057,-0.006
0.057,-0.006
0.059,-0.007
0.057,-0.008
0.058,-0.008
0.059,-0.009
0.058,-0.008
0.058,-0.008
0.059,-0.007
0.059,-0.007
0.059,-0.007
0.062,-0.005
0.061,-0.003
0.062,-0.003
0.063,-0.001
0.062,-0.000
0.063,-0.002
0.064,-0.002
0.063,-0.003
0.064,-0.005
0.064,-0.004
0.064,-0.005
0.065,-0.003
0.065,-0.002
0.065,-0.002
0.067,-0.000
0.066,0.000
0.067,-0.001
0.067,-0.001
0.068,0.001
0.069,-0.001
0.069,0.000
0.069,0.003
0.071,0.003
0.071,0.004
0.071,0.003
0.072,0.001
0.071,0.002
0.073,-0.000
0.074,-0.001
0.073,-0.001
0.075,-0.002
0.077,-0.003
0.076,-0.002
0.078,-0.003
0.080,-0.001
0.079,-0.000
0.081,0.001
0.082,0.001
0.080,0.002
0.082,0.001
0.083,0.000
0.081,0.000
0.082,-0.002
0.084,-0.001
0.084,0.001
0.085,0.001
0.086,0.001
0.086,0.004
0.089,0.005
0.090,0.005
0.089,0.004
0.091,0.004
0.093,0.003
0.092,0.002
0.094,0.000
0.094,-0.001
0.094,-0.000
0.095,-0.002
0.096,-0.004
0.094,-0.003
0.098,-0.004
0.099,-0.005
0.098,-0.005
0.099,-0.006
0.100,-0.003
0.101,-0.002
0.103,-0.004
0.102,-0.005
0.101,-0.004
0.104,-0.006
0.104,-0.006
0.103,-0.006
0.105,-0.008
0.105,-0.006
0.105,-0.007
0.107,-0.007
0.106,-0.007
0.107,-0.006
0.110,-0.008
0.109,-0.008
0.106,-0.009
0.108,-0.009
0.107,-0.007
0.108,-0.008
0.109,-0.007
0.106,-0.007
0.108,-0.005
0.110,-0.005
0.107,-0.005
0.107,-0.005
0.109,-0.005
0.106,-0.004
0.107,-0.005
0.108,-0.004
0.104,-0.004
0.107,-0.005
0.108,-0.004
0.105,-0.005
0.106,-0.006
0.107,-0.005
0.104,-0.004
0.106,-0.006
0.107,-0.005
0.105,-0.004
0.107,-0.005
0.107,-0.005
0.104,-0.006
0.104,-0.005
0.106,-0.005
0.103,-0.007
0.104,-0.007
0.103,-0.006
0.102,-0.005
0.103,-0.004
0.102,-0.004
0.100,-0.006
0.101,-0.005
0.101,-0.004
0.099,-0.005
0.100,-0.005
0.099,-0.004
0.099,-0.004
0.100,-0.003
0.098,-0.002
0.098,-0.002
0.099,-0.000
0.099,-0.000
0.098,-0.002
0.098,-0.000
0.099,0.002
0.097,0.003
0.098,0.004
0.097,0.004
0.099,0.004
0.100,0.005
0.101,0.003
0.099,0.001
0.100,0.001
0.101,-0.001
0.099,-0.002
0.101,-0.001
0.101,-0.001
0.099,0.001
0.100,0.003
0.099,0.004
0.099,0.005
0.101,0.006
0.101,0.006
0.101,0.008
0.101,0.006
0.101,0.007
0.101,0.007
0.102,0.008
0.103,0.008
0.101,0.008
0.103,0.009
0.103,0.007
0.102,0.006
0.104,0.005
0.103,0.005
0.104,0.006
0.106,0.006
0.105,0.008
0.105,0.009
0.107,0.010
0.107,0.011
0.106,0.010
0.108,0.011
0.108,0.012
0.108,0.012
0.109,0.011
0.107,0.011
0.108,0.010
0.110,0.009
0.110,0.010
0.109,0.009
0.112,0.011
0.111,0.012
0.111,0.014
0.114,0.015
0.113,0.017
0.113,0.017
0.115,0.016
0.114,0.018
0.114,0.017
0.117,0.017
0.115,0.016
0.115,0.016
0.117,0.015
0.117,0.013
0.116,0.013
0.118,0.013
0.118,0.014
0.118,0.017
0.121,0.019
0.119,0.021
0.119,0.022
0.121,0.022
0.119,0.022
0.119,0.021
0.121,0.018
0.119,0.017
0.119,0.014
0.121,0.013
0.120,0.012
0.120,0.011
0.122,0.011
0.120,0.011
0.121,0.012
0.123,0.013
0.120,0.015
0.120,0.015
0.121,0.016
0.118,0.016
0.118,0.015
0.119,0.016
0.116,0.017
0.118,0.016
0.117,0.017
0.116,0.017
0.118,0.017
0.118,0.017
0.117,0.018
0.118,0.018
0.118,0.020
0.117,0.019
0.118,0.019
0.118,0.020
0.117,0.019
0.120,0.019
0.118,0.021
0.118,0.020
0.121,0.019
0.118,0.020
0.118,0.017
0.120,0.017
0.117,0.016
0.116,0.013
0.117,0.014
0.116,0.014
0.115,0.013
0.116,0.014
0.115,0.015
0.115,0.015
0.116,0.017
0.115,0.016
0.115,0.016
0.116,0.018
0.116,0.019
0.115,0.018
0.116,0.018
0.114,0.019
0.115,0.018
0.115,0.018
0.114,0.016
0.114,0.016
0.114,0.017
0.113,0.017
0.113,0.018
0.114,0.021
0.113,0.022
0.113,0.022
0.114,0.024
0.114,0.024
0.114,0.025
0.115,0.027
0.114,0.026
0.115,0.026
0.114,0.025
0.113,0.023
0.113,0.023
0.113,0.022
0.112,0.021
0.112,0.020
0.113,0.021
0.112,0.021
0.112,0.019
0.112,0.021
0.112,0.021
0.113,0.022
0.112,0.023
0.112,0.022
0.112,0.022
0.110,0.023
0.111,0.021
0.110,0.020
0.109,0.021
0.110,0.021
0.110,0.021
0.110,0.021
0.109,0.021
0.110,0.023
0.109,0.023
0.110,0.024
0.110,0.026
0.109,0.029
0.110,0.029
0.109,0.031
0.109,0.032
0.109,0.032
0.109,0.033
0.109,0.033
0.110,0.032
0.111,0.031
0.111,0.030
0.112,0.030
0.112,0.030
0.113,0.029
0.113,0.029
0.114,0.029
0.115,0.028
0.114,0.029
0.114,0.030
0.115,0.032
0.114,0.034
0.114,0.034
0.115,0.035
0.115,0.035
0.115,0.035
0.117,0.035
0.116,0.035
0.117,0.035
0.118,0.034
0.118,0.034
0.118,0.034
0.120,0.035
0.120,0.035
0.122,0.035
0.122,0.035
0.124,0.034
0.126,0.034
0.126,0.034
0.128,0.033
0.129,0.032
0.130,0.034
0.130,0.034
0.131,0.035
0.132,0.036
0.132,0.036
0.133,0.036
0.132,0.036
0.133,0.036
0.134,0.036
0.134,0.035
0.135,0.036
0.134,0.036
0.135,0.036
0.135,0.036
0.134,0.037
0.135,0.036
0.136,0.035
0.135,0.035
0.136,0.034
0.138,0.032
0.136,0.033
0.138,0.032
0.138,0.032
0.137,0.035
0.137,0.034
0.138,0.034
0.136,0.036
0.137,0.035
0.139,0.036
0.136,0.037
0.137,0.036
0.138,0.036
0.136,0.038
0.137,0.036
0.137,0.037
0.135,0.039
0.134,0.038
0.135,0.037
0.134,0.037
0.134,0.036
0.135,0.036
0.134,0.038
0.133,0.037
0.134,0.040
0.132,0.041
0.131,0.041
0.131,0.043
0.129,0.043
0.130,0.042
0.128,0.041
0.128,0.041
0.128,0.040
0.128,0.039
0.127,0.038
0.128,0.036
0.127,0.035
0.126,0.036
0.126,0.036
0.124,0.038
0.121,0.041
0.122,0.041
0.120,0.044
0.119,0.045
0.119,0.043
0.118,0.045
0.118,0.045
0.118,0.044
0.117,0.045
0.116,0.045
0.118,0.045
0.115,0.046
0.115,0.047
0.115,0.046
0.113,0.046
0.113,0.045
0.114,0.043
0.112,0.043
0.112,0.043
0.113,0.044
0.110,0.045
0.110,0.045
0.110,0.046
0.107,0.046
0.109,0.046
0.108,0.047
0.107,0.048
0.108,0.047
0.108,0.048
0.106,0.047
0.107,0.047
0.108,0.048
0.106,0.048
0.108,0.048
0.108,0.049
0.106,0.050
0.109,0.049
0.108,0.050
0.108,0.051
0.109,0.051
0.109,0.053
0.107,0.053
0.109,0.053
0.107,0.053
0.106,0.053
0.107,0.053
0.106,0.052
0.106,0.053
0.107,0.053
0.107,0.052
0.106,0.052
0.108,0.054
0.109,0.053
0.108,0.053
0.110,0.055
0.111,0.054
0.111,0.053
0.111,0.054
0.111,0.054
0.111,0.054
0.111,0.056
0.111,0.056
0.110,0.056
0.111,0.057
0.112,0.056
0.111,0.056
0.113,0.056
0.114,0.055
0.114,0.054
0.116,0.055
0.118,0.055
0.117,0.056
0.118,0.056
0.119,0.057
0.118,0.059
0.119,0.058
0.119,0.058
0.117,0.059
0.118,0.059
0.118,0.058
0.117,0.058
0.118,0.057
0.117,0.058
0.116,0.058
0.117,0.058
0.115,0.058
0.114,0.058
0.116,0.057
0.115,0.056
0.115,0.055
0.117,0.056
0.115,0.056
0.114,0.057
0.115,0.058
0.113,0.059
0.111,0.060
0.112,0.059
0.109,0.061
0.109,0.060
0.110,0.059
0.108,0.060
0.108,0.059
0.111,0.058
0.108,0.057
0.107,0.056
0.109,0.056
0.106,0.055
0.106,0.055
0.107,0.056
0.104,0.058
0.103,0.059
0.105,0.059
0.103,0.061
0.102,0.062
0.104,0.060
0.102,0.060
0.101,0.059
0.102,0.057
0.100,0.057
0.099,0.056
0.101,0.056
0.099,0.056
0.099,0.057
0.099,0.059
0.097,0.060
0.097,0.061
0.098,0.062
0.095,0.062
0.095,0.060
0.097,0.059
0.094,0.058
0.095,0.056
0.096,0.056
0.095,0.055
0.097,0.055
0.098,0.056
0.096,0.056
0.097,0.056
0.096,0.058
0.094,0.056
0.094,0.057
0.093,0.058
0.091,0.057
0.092,0.057
0.092,0.058
0.091,0.057
0.092,0.057
0.091,0.059
0.091,0.060
0.092,0.062
0.090,0.063
0.090,0.063
0.092,0.065
0.089,0.065
0.088,0.063
0.089,0.064
0.087,0.063
0.088,0.060
0.088,0.061
0.087,0.062
0.088,0.060
0.089,0.062
0.087,0.062
0.086,0.062
0.087,0.064
0.084,0.065
0.085,0.065
0.085,0.067
0.083,0.068
0.084,0.067
0.083,0.070
0.082,0.070
0.082,0.070
0.082,0.071
0.080,0.070
0.081,0.070
0.081,0.069
0.080,0.068
0.080,0.067
0.080,0.068
0.080,0.066
0.078,0.066
0.080,0.066
0.079,0.066
0.079,0.066
0.080,0.066
0.079,0.066
0.078,0.067
0.079,0.069
0.079,0.069
0.079,0.071
0.080,0.071
0.080,0.071
0.078,0.071
0.079,0.070
0.079,0.069
0.077,0.070
0.078,0.071
0.077,0.072
0.076,0.073
0.077,0.074
0.077,0.073
0.076,0.074
0.077,0.072
0.076,0.071
0.076,0.070
0.076,0.069
0.075,0.070
0.075,0.070
0.076,0.071
0.075,0.072
0.075,0.074
0.077,0.075
0.075,0.076
0.074,0.076
0.075,0.076
0.073,0.076
0.073,0.075
0.073,0.075
0.072,0.075
0.073,0.074
0.076,0.073
0.074,0.072
0.075,0.072
0.076,0.071
0.074,0.071
0.075,0.071
0.075,0.071
0.075,0.071
0.074,0.072
0.075,0.073
0.073,0.073
0.074,0.073
0.074,0.075
0.072,0.074
0.073,0.075
0.072,0.076
0.071,0.076
0.072,0.077
0.072,0.077
0.071,0.076
0.072,0.076
0.071,0.077
0.069,0.075
0.070,0.074
0.068,0.075
0.069,0.073
0.069,0.072
0.068,0.072
0.068,0.071
0.068,0.071
0.068,0.071
0.066,0.070
0.067,0.070
0.066,0.071
0.066,0.070
0.066,0.070
0.065,0.069
0.065,0.069
0.065,0.070
0.065,0.071
0.064,0.071
0.065,0.071
0.066,0.071
0.065,0.071
0.066,0.071
0.066,0.072
0.066,0.071
0.066,0.071
0.066,0.071
0.066,0.071
0.067,0.072
0.067,0.072
0.067,0.071
0.067,0.071
0.065,0.070
0.065,0.068
0.065,0.069
0.064,0.070
0.063,0.069
0.064,0.071
0.063,0.072
0.063,0.071
0.064,0.071
0.062,0.071
0.062,0.069
0.062,0.070
0.060,0.069
0.061,0.067
0.062,0.070
0.061,0.070
0.061,0.070
0.062,0.071
0.060,0.069
0.062,0.068
0.061,0.068
0.060,0.067
0.061,0.066
0.061,0.067
0.061,0.066
0.061,0.065
0.061,0.068
0.060,0.066
0.061,0.065
0.060,0.067
0.059,0.066
0.060,0.068
0.058,0.070
0.059,0.069
0.058,0.070
0.056,0.071
0.056,0.069
0.057,0.068
0.055,0.068
0.056,0.067
0.055,0.067
0.054,0.067
0.055,0.067
0.054,0.067
0.053,0.068
0.053,0.069
0.053,0.071
0.052,0.071
0.052,0.070
0.052,0.069
0.052,0.069
0.052,0.068
0.052,0.069
0.052,0.068
0.053,0.067
0.051,0.068
0.051,0.068
0.050,0.068
0.049,0.069
0.048,0.069
0.048,0.069
0.046,0.070
0.046,0.071
0.046,0.070
0.045,0.070
0.045,0.069
0.046,0.067
0.045,0.068
0.045,0.069
0.046,0.069
0.046,0.071
0.046,0.072
0.046,0.072
0.046,0.073
0.045,0.074
0.045,0.073
0.045,0.073
0.044,0.073
0.044,0.072
0.045,0.071
0.044,0.070
0.045,0.069
0.045,0.069
0.046,0.069
0.044,0.067
0.045,0.067
0.045,0.067
0.045,0.065
0.046,0.064
0.046,0.064
0.046,0.062
0.047,0.061
0.048,0.063
0.048,0.063
0.048,0.064
0.047,0.065
0.048,0.065
0.047,0.066
0.048,0.067
0.047,0.067
0.047,0.067
0.047,0.067
0.046,0.066
0.046,0.065
0.046,0.063
0.046,0.063
0.045,0.063
0.046,0.062
0.047,0.061
0.045,0.062
0.047,0.062
0.048,0.061
0.045,0.062
0.046,0.061
0.047,0.060
0.046,0.061
0.046,0.060
0.046,0.060
0.045,0.062
0.045,0.061
0.046,0.061
0.044,0.062
0.045,0.061
0.045,0.060
0.044,0.061
0.045,0.060
0.046,0.059
0.045,0.060
0.044,0.060
0.044,0.059
0.043,0.060
0.044,0.059
0.044,0.058
0.042,0.060
0.043,0.060
0.043,0.060
0.040,0.061
0.041,0.059
0.041,0.059
0.040,0.060
0.041,0.058
0.041,0.058
0.039,0.061
0.040,0.059
0.040,0.060
0.038,0.061
0.040,0.059
0.038,0.058
0.036,0.058
0.037,0.057
0.036,0.057
0.035,0.057
0.036,0.056
0.036,0.057
0.036,0.057
0.037,0.056
0.036,0.057
0.035,0.057
0.036,0.056
0.034,0.057
0.034,0.056
0.036,0.057
0.033,0.059
0.033,0.059
0.035,0.060
0.032,0.061
0.032,0.058
0.033,0.056
0.030,0.055
0.031,0.052
0.033,0.052
0.029,0.052
0.030,0.052
0.031,0.053
0.028,0.055
0.029,0.054
0.029,0.056
0.026,0.056
0.028,0.054
0.028,0.054
0.026,0.052
0.028,0.051
0.028,0.053
0.025,0.052
0.026,0.054
0.025,0.055
0.023,0.055
0.024,0.056
0.023,0.056
0.020,0.055
0.021,0.055
0.020,0.054
0.018,0.053
0.020,0.054
0.018,0.053
0.018,0.053
0.018,0.054
0.015,0.054
0.014,0.054
0.015,0.057
0.015,0.058
0.013,0.057
0.013,0.058
0.012,0.058
0.011,0.057
0.011,0.057
0.009,0.057
0.009,0.058
0.010,0.059
0.008,0.060
0.006,0.060
0.005,0.061
0.005,0.060
0.003,0.060
0.001,0.060
0.002,0.058
0.001,0.058
0.001,0.057
-0.000,0.055
-0.003,0.055
-0.002,0.056
-0.003,0.056
-0.006,0.056
-0.005,0.057
-0.006,0.056
-0.007,0.057
-0.005,0.056
-0.007,0.056
-0.009,0.056
-0.007,0.057
-0.009,0.058
-0.011,0.058
-0.010,0.061
-0.013,0.061
-0.013,0.061
-0.013,0.060
-0.015,0.061
-0.015,0.061
-0.014,0.061
-0.016,0.061
-0.018,0.059
-0.017,0.060
-0.017,0.059
-0.017,0.058
-0.016,0.057
-0.019,0.058
-0.018,0.059
-0.017,0.058
-0.018,0.058
-0.020,0.057
-0.018,0.058
-0.018,0.058
-0.020,0.058
-0.018,0.056
-0.018,0.056
-0.018,0.055
-0.016,0.053
-0.017,0.054
-0.017,0.054
-0.015,0.055
-0.015,0.055
-0.016,0.054
-0.015,0.054
-0.016,0.055
-0.016,0.056
-0.014,0.054
-0.016,0.054
-0.015,0.053
-0.013,0.053
-0.014,0.053
-0.014,0.052
-0.012,0.054
-0.011,0.053
-0.011,0.053
-0.008,0.052
-0.011,0.053
-0.010,0.054
-0.009,0.055
-0.010,0.052
-0.010,0.051
-0.009,0.051
-0.009,0.049
-0.009,0.047
-0.009,0.045
-0.011,0.047
-0.009,0.047
-0.009,0.049
-0.011,0.051
-0.010,0.052
-0.010,0.055
-0.011,0.055
-0.010,0.053
-0.011,0.054
-0.011,0.054
-0.009,0.052
-0.009,0.050
-0.010,0.048
-0.008,0.047
-0.007,0.047
-0.009,0.045
-0.010,0.045
-0.010,0.047
-0.011,0.048
-0.010,0.049
-0.011,0.049
-0.013,0.049
-0.010,0.050
-0.011,0.050
-0.011,0.047
-0.011,0.047
-0.009,0.046
-0.010,0.044
-0.009,0.044
-0.010,0.044
-0.011,0.041
-0.008,0.041
-0.009,0.041
-0.009,0.038
-0.009,0.040
-0.011,0.042
-0.011,0.043
-0.012,0.046
-0.014,0.048
-0.014,0.047
-0.013,0.048
-0.015,0.047
-0.013,0.044
-0.015,0.044
-0.015,0.043
-0.014,0.041
-0.015,0.042
-0.017,0.042
-0.017,0.041
-0.018,0.042
-0.019,0.040
-0.019,0.041
-0.019,0.043
-0.018,0.043
-0.019,0.045
-0.020,0.046
-0.019,0.045
-0.020,0.046
-0.019,0.045
-0.020,0.044
-0.021,0.045
-0.021,0.044
-0.020,0.043
-0.021,0.043
-0.021,0.043
-0.020,0.043
-0.022,0.043
-0.022,0.044
-0.023,0.044
-0.024,0.046
-0.024,0.046
-0.025,0.046
-0.026,0.046
-0.025,0.045
-0.025,0.044
-0.027,0.042
-0.026,0.040
-0.027,0.040
-0.027,0.038
-0.027,0.037
-0.028,0.037
-0.028,0.036
-0.027,0.035
-0.028,0.035
-0.029,0.035
-0.028,0.036
-0.029,0.036
-0.029,0.036
-0.029,0.036
-0.030,0.036
-0.030,0.037
-0.030,0.038
-0.029,0.039
-0.028,0.039
-0.028,0.040
-0.027,0.039
-0.026,0.039
-0.026,0.039
-0.027,0.037
-0.026,0.037
-0.026,0.036
-0.026,0.036
-0.026,0.036
-0.027,0.037
-0.027,0.037
-0.027,0.037
-0.026,0.038
-0.027,0.038
-0.026,0.038
-0.026,0.039
-0.027,0.037
-0.026,0.036
-0.026,0.035
-0.026,0.033
-0.026,0.030
-0.025,0.030
-0.026,0.028
-0.025,0.027
-0.025,0.028
-0.027,0.028
-0.026,0.028
-0.026,0.028
-0.027,0.028
-0.026,0.029
-0.026,0.032
-0.026,0.033
-0.025,0.035
-0.025,0.037
-0.025,0.037
-0.024,0.036
-0.025,0.035
-0.024,0.033
-0.023,0.032
-0.025,0.033
-0.024,0.031
-0.023,0.034
-0.024,0.036
-0.024,0.036
-0.023,0.036
-0.024,0.037
-0.023,0.036
-0.022,0.036
-0.023,0.036
-0.022,0.034
-0.022,0.034
-0.023,0.034
-0.023,0.031
-0.023,0.033
-0.023,0.033
-0.022,0.032
-0.021,0.033
-0.022,0.033
-0.021,0.032
-0.020,0.034
-0.020,0.034
-0.019,0.033
-0.019,0.035
-0.020,0.036
-0.018,0.036
-0.020,0.037
-0.020,0.036
-0.020,0.036
-0.020,0.036
-0.021,0.036
-0.020,0.035
-0.020,0.037
-0.020,0.035
-0.018,0.036
-0.020,0.036
-0.019,0.034
-0.018,0.034
-0.020,0.033
-0.019,0.030
-0.018,0.030
-0.020,0.032
-0.018,0.030
-0.018,0.031
-0.019,0.031
-0.019,0.029
-0.018,0.029
-0.020,0.029
-0.019,0.029
-0.018,0.029
-0.020,0.029
-0.019,0.028
-0.019,0.027
-0.021,0.026
-0.021,0.024
-0.021,0.024
-0.022,0.024
-0.022,0.024
-0.024,0.024
-0.025,0.024
-0.024,0.024
-0.026,0.024
-0.026,0.025
-0.026,0.024
-0.028,0.023
-0.027,0.022
-0.028,0.020
-0.029,0.020
-0.029,0.020
-0.029,0.020
-0.030,0.021
-0.031,0.022
-0.031,0.022
-0.032,0.023
-0.032,0.024
-0.033,0.024
-0.033,0.024
-0.034,0.024
-0.033,0.023
-0.035,0.021
-0.034,0.019
-0.035,0.017
-0.037,0.016
-0.037,0.016
-0.039,0.015
-0.039,0.015
-0.040,0.016
-0.041,0.017
-0.041,0.018
-0.042,0.018
-0.042,0.018
-0.042,0.017
-0.042,0.017
-0.043,0.016
-0.043,0.016
-0.043,0.017
-0.042,0.018
-0.043,0.018
-0.043,0.020
-0.043,0.021
-0.044,0.021
-0.044,0.021
-0.044,0.020
-0.045,0.019
-0.044,0.017
-0.045,0.017
-0.045,0.017
-0.044,0.018
-0.044,0.018
-0.045,0.018
-0.043,0.018
-0.042,0.018
-0.043,0.018
-0.043,0.018
-0.043,0.018
-0.044,0.020
-0.043,0.020
-0.042,0.021
-0.044,0.022
-0.042,0.022
-0.042,0.021
-0.043,0.022
-0.041,0.021
-0.041,0.021
-0.041,0.022
-0.040,0.022
-0.039,0.021
-0.040,0.021
-0.039,0.020
-0.037,0.019
-0.038,0.019
-0.036,0.018
-0.035,0.015
-0.036,0.016
-0.035,0.016
-0.033,0.016
-0.034,0.018
-0.033,0.018
-0.033,0.017
-0.034,0.018
-0.032,0.016
-0.031,0.015
-0.030,0.015
-0.028,0.014
-0.028,0.015
-0.027,0.017
-0.027,0.017
-0.025,0.017
-0.027,0.018
-0.025,0.017
-0.024,0.015
-0.025,0.016
-0.022,0.015
-0.022,0.015
-0.022,0.016
-0.020,0.014
-0.020,0.014
-0.021,0.013
-0.019,0.011
-0.018,0.011
-0.020,0.013
-0.016,0.012
-0.016,0.013
-0.018,0.014
-0.015,0.012
-0.015,0.015
-0.016,0.015
-0.014,0.014
-0.014,0.014
-0.016,0.013
-0.013,0.013
-0.015,0.013
-0.016,0.013
-0.014,0.013
-0.016,0.015
-0.017,0.015
-0.014,0.014
-0.016,0.015
-0.015,0.012
-0.013,0.011
-0.015,0.010
-0.013,0.010
-0.012,0.009
-0.014,0.010
-0.013,0.010
-0.011,0.012
-0.013,0.013
-0.013,0.012
-0.011,0.013
-0.014,0.011
-0.014,0.009
-0.013,0.009
-0.016,0.008
-0.015,0.007
-0.014,0.007
-0.016,0.006
-0.015,0.006
-0.013,0.005
-0.016,0.005
-0.015,0.004
-0.015,0.004
-0.017,0.003
-0.015,0.002
-0.015,0.003
-0.016,0.004
-0.016,0.004
-0.017,0.005
-0.018,0.005
-0.018,0.006
-0.019,0.005
-0.021,0.004
-0.020,0.005
-0.021,0.005
-0.023,0.006
-0.023,0.006
-0.024,0.007
-0.025,0.007
-0.025,0.007
-0.026,0.007
-0.028,0.006
-0.027,0.006
-0.028,0.004
-0.030,0.003
-0.030,0.004
-0.031,0.003
-0.032,0.002
-0.033,0.004
-0.034,0.005
-0.035,0.004
-0.035,0.005
-0.036,0.005
-0.037,0.003
-0.035,0.004
-0.037,0.002
-0.037,0.002
-0.035,0.004
-0.037,0.003
-0.037,0.002
-0.036,0.005
-0.038,0.005
-0.038,0.004
-0.035,0.006
-0.037,0.006
-0.035,0.006
-0.036,0.008
-0.037,0.007
-0.037,0.006
-0.036,0.005
-0.036,0.004
-0.038,0.002
-0.036,0.002
-0.036,0.001
-0.037,0.001
-0.034,0.002
-0.034,0.001
-0.033,0.001
-0.032,0.002
-0.032,0.002
-0.033,0.004
-0.031,0.004
-0.032,0.005
-0.032,0.006
-0.031,0.004
-0.031,0.004
-0.032,0.002
-0.029,0.002
-0.029,0.003
-0.029,0.002
-0.028,0.003
-0.029,0.004
-0.029,0.004
-0.026,0.003
-0.026,0.003
-0.026,0.002
-0.025,0.001
-0.026,0.002
-0.025,0.001
-0.023,0.002
-0.024,0.002
-0.023,0.001
-0.021,0.002
-0.023,0.002
-0.023,0.001
-0.022,0.001
-0.023,0.001
-0.021,0.001
-0.020,0.002
-0.021,0.003
-0.019,0.003
-0.017,0.005
-0.018,0.004
-0.017,0.002
-0.016,0.001
-0.018,0.000
-0.017,-0.002
-0.017,-0.003
-0.017,-0.004
-0.016,-0.005
-0.016,-0.002
-0.016,-0.003
-0.014,-0.002
-0.014,-0.001
-0.013,-0.004
-0.012,-0.004
-0.012,-0.003
-0.011,-0.005
-0.010,-0.006
-0.011,-0.005
-0.010,-0.007
-0.010,-0.007
-0.010,-0.005
-0.010,-0.006
-0.009,-0.005
-0.009,-0.006
-0.009,-0.007
-0.007,-0.008
-0.007,-0.008
-0.006,-0.008
-0.005,-0.007
-0.004,-0.007
-0.003,-0.007
-0.003,-0.006
-0.003,-0.006
-0.002,-0.007
-0.002,-0.006
-0.002,-0.006
-0.002,-0.008
-0.002,-0.007
-0.002,-0.007
-0.002,-0.010
-0.001,-0.009
-0.001,-0.011
0.000,-0.011
0.001,-0.011
0.000,-0.009
0.002,-0.009
0.001,-0.005
0.001,-0.003
0.002,-0.003
0.002,0.000
0.002,0.000
0.003,-0.001
0.003,0.000
0.003,0.000
0.004,-0.001
0.004,0.001
0.004,-0.000
0.004,-0.001
0.002,0.002
0.004,0.001
0.004,0.000
0.002,0.000
0.004,-0.001
0.007,0.000
0.005,0.000
0.007,-0.002
0.009,-0.001
0.007,-0.001
0.009,-0.004
0.009,-0.004
0.008,-0.004
0.009,-0.007
0.010,-0.005
0.008,-0.005
0.010,-0.005
0.010,-0.003
0.007,-0.002
0.009,-0.002
0.010,-0.002
0.008,-0.003
0.010,-0.004
0.010,-0.004
0.010,-0.005
0.011,-0.006
0.011,-0.007
0.011,-0.007
0.011,-0.008
0.011,-0.007
0.011,-0.005
0.011,-0.007
0.010,-0.006
0.010,-0.006
0.011,-0.006
0.010,-0.006
0.011,-0.006
0.012,-0.005
0.012,-0.006
0.013,-0.006
0.014,-0.006
0.014,-0.005
0.015,-0.006
0.014,-0.007
0.014,-0.007
0.015,-0.007
0.016,-0.007
0.015,-0.008
0.015,-0.008
0.016,-0.006
0.015,-0.006
0.016,-0.004
0.016,-0.003
0.016,-0.003
0.017,-0.002
0.017,-0.002
0.018,-0.003
0.018,-0.004
0.018,-0.005
0.018,-0.006
0.019,-0.006
0.019,-0.006
0.020,-0.005
0.020,-0.005
0.021,-0.004
0.022,-0.004
0.022,-0.003
0.022,-0.004
0.022,-0.004
0.022,-0.003
0.022,-0.006
0.021,-0.006
0.021,-0.007
0.021,-0.008
0.021,-0.008
0.022,-0.008
0.022,-0.007
0.022,-0.006
0.023,-0.007
0.024,-0.007
0.022,-0.006
0.024,-0.007
0.023,-0.006
0.022,-0.006
0.023,-0.006
0.024,-0.005
0.023,-0.005
0.025,-0.005
0.026,-0.005
0.024,-0.006
0.026,-0.006
0.027,-0.007
0.025,-0.006
0.026,-0.006
0.027,-0.007
0.025,-0.007
0.026,-0.007
0.026,-0.008
0.026,-0.008
0.026,-0.007
0.027,-0.007
0.026,-0.005
0.027,-0.007
0.027,-0.008
0.027,-0.009
0.028,-0.009
0.029,-0.010
0.028,-0.009
0.029,-0.011
0.030,-0.013
0.029,-0.011
0.030,-0.013
0.031,-0.011
0.032,-0.010
0.032,-0.009
0.033,-0.010
0.033,-0.011
0.034,-0.011
0.035,-0.013
0.035,-0.011
0.036,-0.011
0.037,-0.010
0.036,-0.009
0.036,-0.009
0.036,-0.010
0.036,-0.009
0.036,-0.009
0.036,-0.010
0.037,-0.008
0.038,-0.008
0.038,-0.008
0.037,-0.007
0.037,-0.008
0.038,-0.007
0.036,-0.007
0.037,-0.006
0.038,-0.006
0.038,-0.006
0.040,-0.007
0.040,-0.007
0.041,-0.006
0.042,-0.007
0.043,-0.007
0.042,-0.006
0.043,-0.009
0.042,-0.007
0.041,-0.007
0.041,-0.008
0.040,-0.007
0.040,-0.006
0.041,-0.008
0.040,-0.007
0.040,-0.008
0.041,-0.008
0.040,-0.008
0.039,-0.009
0.042,-0.008
0.040,-0.007
0.041,-0.007
0.043,-0.007
0.040,-0.006
0.043,-0.007
0.042,-0.007
0.040,-0.006
0.042,-0.008
0.042,-0.008
0.040,-0.008
0.041,-0.009
0.043,-0.009
0.040,-0.009
0.042,-0.011
0.042,-0.010
0.040,-0.009
0.042,-0.011
0.042,-0.010
0.040,-0.010
0.043,-0.010
0.043,-0.010
0.042,-0.009
0.045,-0.010
0.045,-0.008
0.043,-0.007
0.044,-0.008
0.044,-0.006
0.043,-0.006
0.044,-0.006
0.044,-0.007
0.043,-0.010
0.045,-0.011
0.044,-0.014
0.044,-0.015
0.045,-0.015
0.046,-0.014
0.047,-0.013
0.048,-0.011
0.049,-0.009
0.050,-0.007
0.051,-0.004
0.051,-0.004
0.050,-0.004
0.052,-0.005
0.050,-0.007
0.050,-0.010
0.050,-0.011
0.050,-0.013
0.049,-0.015
0.051,-0.013
0.052,-0.013
0.052,-0.011
0.054,-0.010
0.054,-0.008
0.054,-0.005
0.055,-0.004
0.055,-0.003
0.054,-0.002
0.056,-0.002
0.056,-0.004
0.054,-0.003
0.056,-0.005
0.056,-0.007
0.056,-0.005
0.057,-0.006
0.057,-0.006
0.057,-0.003
0.058,-0.002
0.059,-0.002
0.058,-0.002
0.060,-0.003
0.060,-0.004
0.060,-0.004
0.061,-0.006
0.060,-0.006
0.059,-0.006
0.060,-0.006
0.060,-0.005
0.059,-0.003
0.062,-0.002
0.061,-0.001
0.062,0.001
0.064,0.002
0.063,0.002
0.064,0.001
0.066,-0.000
0.065,-0.001
0.065,-0.004
0.068,-0.004
0.067,-0.003
0.067,-0.002
0.069,-0.003
0.069,-0.002
0.070,-0.001
0.071,-0.003
0.071,-0.003
0.071,-0.003
0.074,-0.004
0.072,-0.006
0.072,-0.006
0.075,-0.007
0.074,-0.006
0.075,-0.005
0.077,-0.006
0.078,-0.004
0.079,-0.003
0.080,-0.003
0.079,-0.002
0.079,-0.003
0.083,-0.003
0.081,-0.005
0.082,-0.006
0.083,-0.006
0.083,-0.004
0.083,-0.003
0.084,-0.003
0.084,-0.002
0.085,-0.001
0.088,-0.001
0.087,-0.002
0.088,-0.003
0.090,-0.002
0.089,-0.002
0.093,-0.003
0.094,-0.005
0.093,-0.004
0.095,-0.004
0.098,-0.003
0.097,-0.002
0.098,-0.002
0.102,-0.001
0.100,-0.000
0.102,-0.001
0.101,-0.002
0.100,-0.002
0.103,-0.002
0.104,-0.001
0.101,-0.002
0.103,-0.002
0.104,-0.000
0.104,-0.001
0.106,-0.002
0.105,-0.002
0.106,-0.001
0.109,-0.001
0.107,-0.000
0.107,-0.002
0.109,-0.002
0.109,-0.002
0.108,-0.004
0.109,-0.003
0.107,-0.001
0.108,-0.002
0.109,-0.001
0.107,-0.002
0.107,-0.003
0.109,-0.001
0.107,-0.000
0.107,-0.003
0.109,-0.001
0.107,-0.001
0.108,-0.002
0.109,-0.000
0.106,-0.002
0.107,-0.000
0.108,0.001
0.108,0.000
0.107,-0.000
0.107,0.001
0.105,0.001
0.105,0.001
0.105,0.000
0.104,-0.002
0.105,-0.001
0.106,-0.002
0.105,-0.003
0.104,-0.003
0.104,-0.005
0.104,-0.006
0.103,-0.006
0.102,-0.007
0.101,-0.007
0.101,-0.006
0.101,-0.007
0.100,-0.008
0.098,-0.007
0.101,-0.006
0.100,-0.007
0.098,-0.007
0.099,-0.008
0.098,-0.009
0.098,-0.009
0.100,-0.010
0.097,-0.011
0.097,-0.009
0.099,-0.007
0.098,-0.005
0.098,-0.003
0.099,-0.002
0.097,0.001
0.096,0.001
0.098,-0.001
0.097,0.000
0.097,-0.001
0.100,-0.000
0.098,0.001
0.097,0.001
0.098,0.003
0.097,0.004
0.097,0.002
0.099,0.003
0.097,0.004
0.097,0.002
0.099,0.002
0.098,0.002
0.098,0.000
0.099,0.002
0.098,0.002
0.099,0.002
0.097,0.003
0.097,0.002
0.099,0.001
0.098,0.002
0.097,0.002
0.099,0.002
0.099,0.002
0.100,0.000
0.102,-0.000
0.101,0.001
0.102,0.000
0.103,0.002
0.103,0.003
0.102,0.002
0.104,0.004
0.105,0.006
0.104,0.005
0.106,0.005
0.105,0.007
0.106,0.007
0.107,0.008
0.107,0.008
0.107,0.009
0.110,0.011
0.110,0.011
0.110,0.010
0.111,0.012
0.110,0.013
0.111,0.013
0.111,0.014
0.110,0.015
0.110,0.014
0.110,0.014
0.110,0.012
0.111,0.011
0.111,0.010
0.110,0.011
0.112,0.010
0.112,0.010
0.113,0.011
0.114,0.009
0.114,0.010
0.115,0.009
0.116,0.007
0.116,0.008
0.115,0.007
0.117,0.006
0.117,0.008
0.117,0.009
0.119,0.010
0.118,0.012
0.119,0.013
0.119,0.013
0.119,0.014
0.120,0.012
0.123,0.012
0.120,0.012
0.121,0.010
0.123,0.011
0.121,0.014
0.123,0.011
0.123,0.013
0.122,0.014
0.124,0.012
0.123,0.013
0.121,0.015
0.123,0.014
0.122,0.016
0.119,0.015
0.122,0.013
0.123,0.013
0.120,0.012
0.121,0.011
0.121,0.012
0.119,0.013
0.121,0.012
0.120,0.014
0.119,0.014
0.120,0.014
0.119,0.014
0.119,0.013
0.120,0.014
0.119,0.015
0.120,0.016
0.120,0.017
0.119,0.017
0.120,0.017
0.121,0.017
0.120,0.016
0.120,0.016
0.120,0.016
0.119,0.017
0.119,0.018
0.119,0.019
0.118,0.020
0.120,0.020
0.120,0.021
0.120,0.021
0.120,0.023
0.120,0.023
0.119,0.023
0.120,0.024
0.119,0.024
0.118,0.024
0.117,0.024
0.117,0.023
0.117,0.022
0.116,0.022
0.116,0.022
0.115,0.021
0.116,0.021
0.115,0.020
0.115,0.019
0.115,0.021
0.114,0.020
0.115,0.019
0.114,0.020
0.116,0.020
0.115,0.021
0.116,0.023
0.115,0.023
0.115,0.024
0.115,0.025
0.114,0.024
0.114,0.023
0.114,0.024
0.115,0.022
0.114,0.021
0.115,0.021
0.116,0.019
0.114,0.019
0.115,0.018
0.115,0.018
0.114,0.019
0.114,0.021
0.114,0.023
0.113,0.024
0.114,0.025
0.115,0.025
0.113,0.025
0.114,0.024
0.114,0.023
0.113,0.024
0.113,0.023
0.113,0.023
0.112,0.023
0.112,0.024
0.111,0.023
0.109,0.025
0.110,0.025
0.110,0.024
0.110,0.025
0.111,0.025
0.111,0.024
0.111,0.025
0.112,0.027
0.113,0.028
0.112,0.030
0.113,0.030
0.113,0.030
0.113,0.032
0.114,0.032
0.115,0.031
0.114,0.032
0.116,0.031
0.117,0.029
0.117,0.030
0.118,0.029
0.118,0.029
0.118,0.030
0.119,0.029
0.119,0.029
0.118,0.031
0.119,0.030
0.120,0.031
0.118,0.033
0.121,0.033
0.121,0.034
0.120,0.035
0.123,0.034
0.123,0.035
0.123,0.036
0.125,0.035
0.125,0.036
0.126,0.036
0.129,0.035
0.129,0.036
0.129,0.034
0.132,0.034
0.130,0.035
0.130,0.034
0.132,0.034
0.131,0.036
0.132,0.036
0.134,0.036
0.132,0.037
0.133,0.038
0.136,0.037
0.133,0.038
0.135,0.038
0.137,0.039
0.135,0.039
0.135,0.038
0.136,0.037
0.135,0.038
0.136,0.037
0.137,0.036
0.136,0.036
0.138,0.036
0.139,0.036
0.137,0.036
0.139,0.037
0.140,0.037
0.138,0.037
0.140,0.038
0.140,0.039
0.140,0.039
0.141,0.039
0.141,0.038
0.140,0.038
0.141,0.037
0.140,0.037
0.138,0.038
0.139,0.038
0.138,0.040
0.136,0.040
0.137,0.041
0.137,0.043
0.135,0.043
0.138,0.044
0.137,0.045
0.136,0.044
0.138,0.044
0.137,0.045
0.134,0.045
0.136,0.045
0.134,0.045
0.131,0.045
0.133,0.045
0.132,0.045
0.131,0.046
0.132,0.045
0.131,0.047
0.130,0.047
0.131,0.047
0.129,0.048
0.128,0.049
0.130,0.049
0.127,0.049
0.126,0.049
0.126,0.049
0.124,0.050
0.123,0.049
0.125,0.050
0.123,0.050
0.124,0.049
0.124,0.050
0.122,0.049
0.122,0.048
0.123,0.048
0.120,0.049
0.121,0.048
0.121,0.049
0.117,0.049
0.118,0.048
0.118,0.049
0.116,0.049
0.117,0.050
0.118,0.051
0.115,0.051
0.116,0.051
0.118,0.052
0.115,0.052
0.115,0.051
0.116,0.052
0.114,0.051
0.114,0.049
0.114,0.049
0.112,0.049
0.112,0.050
0.113,0.049
0.110,0.051
0.110,0.051
0.112,0.053
0.110,0.052
0.110,0.053
0.112,0.055
0.111,0.055
0.110,0.055
0.112,0.056
0.111,0.056
0.110,0.056
0.111,0.055
0.109,0.056
0.109,0.056
0.110,0.055
0.109,0.055
0.109,0.057
0.110,0.056
0.111,0.057
0.111,0.058
0.112,0.056
0.112,0.058
0.112,0.059
0.114,0.060
0.112,0.061
0.112,0.062
0.114,0.062
0.112,0.064
0.113,0.064
0.114,0.064
0.113,0.065
0.114,0.064
0.115,0.063
0.114,0.064
0.115,0.063
0.115,0.062
0.113,0.062
0.115,0.062
0.115,0.062
0.113,0.062
0.115,0.061
0.116,0.061
0.115,0.060
0.117,0.060
0.118,0.059
0.117,0.058
0.120,0.058
0.119,0.058
0.118,0.058
0.121,0.059
0.118,0.060
0.117,0.058
0.119,0.057
0.118,0.058
0.117,0.056
0.118,0.058
0.116,0.061
0.115,0.061
0.117,0.063
0.114,0.064
0.114,0.064
0.114,0.064
0.112,0.063
0.111,0.061
0.112,0.061
0.111,0.060
0.110,0.058
0.112,0.057
0.110,0.057
0.109,0.057
0.109,0.057
0.106,0.058
0.105,0.058
0.106,0.059
0.105,0.059
0.105,0.058
0.107,0.060
0.105,0.059
0.106,0.059
0.107,0.060
0.105,0.061
0.106,0.062
0.106,0.065
0.104,0.067
0.104,0.067
0.106,0.069
0.103,0.069
0.103,0.069
0.103,0.071
0.101,0.071
0.101,0.070
0.101,0.070
0.099,0.069
0.100,0.066
0.099,0.067
0.099,0.064
0.099,0.064
0.097,0.064
0.097,0.062
0.098,0.062
0.096,0.064
0.096,0.064
0.097,0.066
0.095,0.068
0.096,0.067
0.096,0.067
0.093,0.067
0.095,0.065
0.095,0.067
0.093,0.067
0.093,0.066
0.093,0.068
0.091,0.069
0.092,0.068
0.091,0.068
0.091,0.069
0.091,0.067
0.089,0.067
0.089,0.068
0.089,0.068
0.088,0.068
0.087,0.068
0.087,0.069
0.086,0.069
0.086,0.069
0.086,0.070
0.086,0.070
0.087,0.071
0.087,0.072
0.088,0.074
0.087,0.075
0.087,0.077
0.087,0.076
0.087,0.078
0.086,0.078
0.086,0.077
0.087,0.077
0.085,0.075
0.085,0.074
0.085,0.073
0.084,0.074
0.084,0.073
0.084,0.074
0.083,0.075
0.084,0.074
0.083,0.075
0.083,0.075
0.083,0.076
0.082,0.076
0.081,0.077
0.082,0.076
0.081,0.077
0.081,0.076
0.081,0.075
0.082,0.076
0.081,0.074
0.081,0.075
0.080,0.074
0.080,0.074
0.079,0.075
0.079,0.073
0.078,0.073
0.078,0.073
0.078,0.071
0.078,0.069
0.077,0.069
0.079,0.068
0.079,0.068
0.079,0.068
0.080,0.068
0.080,0.069
0.080,0.071
0.080,0.072
0.080,0.074
0.078,0.076
0.079,0.079
0.078,0.079
0.078,0.081
0.078,0.082
0.078,0.081
0.076,0.080
0.076,0.078
0.076,0.077
0.074,0.076
0.075,0.075
0.075,0.074
0.073,0.075
0.074,0.074
0.075,0.074
0.074,0.075
0.075,0.075
0.075,0.075
0.074,0.078
0.075,0.077
0.075,0.077
0.073,0.078
0.075,0.076
0.075,0.077
0.074,0.077
0.075,0.074
0.075,0.074
0.075,0.074
0.076,0.072
0.075,0.072
0.073,0.072
0.075,0.072
0.073,0.073
0.072,0.073
0.075,0.073
0.073,0.075
0.072,0.074
0.074,0.075
0.071,0.076
0.071,0.075
0.074,0.076
0.071,0.075
0.071,0.074
0.073,0.072
0.070,0.072
0.070,0.069
0.071,0.069
0.069,0.070
0.069,0.068
0.070,0.070
0.068,0.070
0.069,0.071
0.070,0.070
0.067,0.071
0.068,0.070
0.068,0.070
0.066,0.069
0.066,0.070
0.069,0.071
0.066,0.071
0.066,0.071
0.066,0.072
0.064,0.073
0.065,0.073
0.064,0.072
0.063,0.074
0.063,0.075
0.065,0.076
0.062,0.075
0.062,0.076
0.063,0.076
0.060,0.076
0.062,0.076
0.062,0.075
0.061,0.075
0.062,0.074
0.062,0.074
0.061,0.074
0.062,0.075
0.060,0.075
0.058,0.075
0.060,0.075
0.060,0.075
0.058,0.076
0.061,0.078
0.061,0.080
0.060,0.079
0.060,0.078
0.060,0.077
0.058,0.076
0.060,0.075
0.060,0.075
0.058,0.075
0.060,0.075
0.060,0.075
0.060,0.075
0.061,0.074
0.061,0.074
0.061,0.072
0.061,0.072
0.060,0.073
0.059,0.073
0.061,0.075
0.058,0.075
0.058,0.074
0.059,0.075
0.058,0.075
0.057,0.072
0.058,0.073
0.056,0.072
0.055,0.071
0.056,0.071
0.053,0.070
0.054,0.069
0.054,0.071
0.053,0.071
0.054,0.071
0.055,0.072
0.053,0.071
0.053,0.069
0.053,0.070
0.052,0.069
0.052,0.069
0.052,0.071
0.052,0.070
0.051,0.071
0.052,0.073
0.051,0.074
0.050,0.075
0.050,0.076
0.049,0.076
0.049,0.077
0.049,0.076
0.048,0.077
0.048,0.077
0.049,0.077
0.048,0.076
0.048,0.076
0.050,0.075
0.049,0.073
0.049,0.075
0.051,0.075
0.049,0.075
0.049,0.075
0.050,0.074
0.048,0.074
0.047,0.075
0.048,0.075
0.046,0.076
0.047,0.078
0.049,0.078
0.048,0.080
0.047,0.081
0.049,0.081
0.049,0.080
0.048,0.079
0.049,0.078
0.049,0.078
0.048,0.076
0.050,0.075
0.048,0.074
0.049,0.074
0.050,0.074
0.049,0.076
0.049,0.076
0.050,0.077
0.049,0.079
0.048,0.080
0.050,0.080
0.049,0.080
0.049,0.080
0.051,0.078
0.048,0.079
0.049,0.078
0.050,0.078
0.047,0.077
0.048,0.075
0.050,0.074
0.047,0.073
0.047,0.071
0.049,0.071
0.046,0.073
0.047,0.072
0.048,0.073
0.046,0.075
0.047,0.074
0.048,0.075
0.045,0.076
0.045,0.075
0.047,0.076
0.043,0.076
0.044,0.075
0.044,0.075
0.042,0.075
0.043,0.072
0.043,0.073
0.040,0.074
0.041,0.073
0.041,0.074
0.038,0.075
0.039,0.074
0.039,0.074
0.037,0.073
0.039,0.073
0.039,0.073
0.037,0.072
0.040,0.072
0.038,0.072
0.037,0.071
0.039,0.072
0.037,0.072
0.036,0.071
0.037,0.071
0.035,0.071
0.035,0.070
0.036,0.070
0.033,0.069
0.033,0.067
0.035,0.069
0.033,0.067
0.033,0.064
0.034,0.065
0.032,0.063
0.032,0.061
0.033,0.062
0.032,0.062
0.033,0.062
0.033,0.065
0.032,0.067
0.032,0.067
0.034,0.069
0.032,0.070
0.033,0.069
0.033,0.070
0.032,0.070
0.032,0.069
0.033,0.070
0.032,0.069
0.031,0.068
0.031,0.068
0.030,0.065
0.029,0.065
0.030,0.064
0.028,0.062
0.028,0.062
0.028,0.063
0.028,0.063
0.026,0.063
0.027,0.063
0.027,0.062
0.028,0.062
0.028,0.062
0.026,0.060
0.025,0.062
0.025,0.063
0.024,0.062
0.022,0.063
0.023,0.063
0.021,0.063
0.020,0.063
0.021,0.063
0.018,0.063
0.017,0.062
0.017,0.063
0.017,0.064
0.014,0.063
0.015,0.063
0.013,0.064
0.013,0.062
0.014,0.062
0.012,0.063
0.011,0.062
0.011,0.062
0.010,0.062
0.008,0.060
0.009,0.061
0.007,0.060
0.005,0.060
0.004,0.061
0.001,0.059
0.002,0.059
0.000,0.058
-0.002,0.058
-0.002,0.058
-0.003,0.060
-0.003,0.060
-0.004,0.060
-0.005,0.060
-0.005,0.060
-0.005,0.061
-0.008,0.060
-0.009,0.059
-0.008,0.059
-0.009,0.058
-0.010,0.056
-0.011,0.055
-0.012,0.056
-0.012,0.054
-0.011,0.055
-0.013,0.056
-0.012,0.055
-0.013,0.057
-0.013,0.058
-0.014,0.058
-0.015,0.059
-0.015,0.060
-0.016,0.060
-0.016,0.060
-0.017,0.061
-0.018,0.060
-0.018,0.060
-0.016,0.059
-0.015,0.058
-0.016,0.058
-0.016,0.058
-0.017,0.058
-0.017,0.058
-0.017,0.058
-0.016,0.058
-0.016,0.059
-0.016,0.059
-0.016,0.059
-0.017,0.057
-0.017,0.058
-0.016,0.056
-0.016,0.055
-0.017,0.056
-0.016,0.055
-0.015,0.056
-0.016,0.055
-0.015,0.055
-0.014,0.057
-0.015,0.060
-0.016,0.059
-0.016,0.061
-0.016,0.061
-0.014,0.060
-0.014,0.062
-0.014,0.061
-0.014,0.061
-0.014,0.061
-0.014,0.059
-0.013,0.058
-0.013,0.060
-0.014,0.059
-0.012,0.059
-0.014,0.062
-0.014,0.060
-0.013,0.061
-0.015,0.062
-0.013,0.060
-0.014,0.060
-0.016,0.060
-0.014,0.059
-0.012,0.057
-0.014,0.058
-0.013,0.057
-0.012,0.058
-0.013,0.057
-0.011,0.056
-0.011,0.055
-0.010,0.056
-0.009,0.056
-0.010,0.056
-0.011,0.057
-0.011,0.055
-0.010,0.055
-0.010,0.055
-0.010,0.053
-0.011,0.054
-0.011,0.053
-0.010,0.052
-0.010,0.050
-0.012,0.049
-0.008,0.049
-0.009,0.049
-0.011,0.049
-0.010,0.049
-0.010,0.050
-0.010,0.049
-0.009,0.050
-0.010,0.051
-0.010,0.053
-0.008,0.053
-0.009,0.053
-0.009,0.053
-0.007,0.050
-0.011,0.050
-0.009,0.049
-0.010,0.048
-0.011,0.047
-0.010,0.048
-0.010,0.049
-0.010,0.048
-0.013,0.049
-0.012,0.048
-0.013,0.049
-0.013,0.048
-0.013,0.047
-0.015,0.048
-0.015,0.047
-0.016,0.047
-0.017,0.045
-0.017,0.043
-0.018,0.042
-0.019,0.040
-0.018,0.040
-0.019,0.039
-0.020,0.038
-0.018,0.038
-0.020,0.039
-0.021,0.039
-0.021,0.039
-0.022,0.040
-0.024,0.041
-0.023,0.042
-0.024,0.042
-0.025,0.043
-0.024,0.043
-0.025,0.043
-0.024,0.043
-0.024,0.043
-0.025,0.043
-0.027,0.043
-0.026,0.045
-0.027,0.045
-0.029,0.045
-0.028,0.045
-0.028,0.043
-0.028,0.043
-0.028,0.043
-0.028,0.042
-0.028,0.042
-0.029,0.043
-0.029,0.041
-0.030,0.041
-0.030,0.041
-0.030,0.041
-0.031,0.043
-0.030,0.043
-0.030,0.043
-0.030,0.044
-0.029,0.043
-0.029,0.042
-0.029,0.042
-0.028,0.040
-0.028,0.039
-0.030,0.039
-0.028,0.038
-0.028,0.037
-0.030,0.037
-0.029,0.037
-0.028,0.037
-0.030,0.039
-0.029,0.038
-0.028,0.038
-0.029,0.039
-0.028,0.037
-0.027,0.036
-0.029,0.036
-0.026,0.034
-0.025,0.035
-0.027,0.036
-0.024,0.035
-0.024,0.035
-0.026,0.036
-0.023,0.035
-0.024,0.036
-0.025,0.036
-0.023,0.034
-0.024,0.036
-0.025,0.035
-0.022,0.033
-0.024,0.034
-0.025,0.034
-0.022,0.033
-0.023,0.034
-0.024,0.034
-0.022,0.032
-0.023,0.033
-0.025,0.031
-0.023,0.030
-0.025,0.030
-0.026,0.030
-0.023,0.030
-0.025,0.030
-0.025,0.030
-0.022,0.030
-0.025,0.031
-0.024,0.030
-0.022,0.029
-0.025,0.029
-0.024,0.028
-0.022,0.029
-0.026,0.029
-0.024,0.028
-0.021,0.028
-0.024,0.029
-0.022,0.028
-0.019,0.029
-0.021,0.028
-0.020,0.028
-0.019,0.030
-0.021,0.030
-0.020,0.029
-0.020,0.029
-0.023,0.030
-0.022,0.029
-0.022,0.028
-0.024,0.027
-0.023,0.025
-0.023,0.026
-0.023,0.026
-0.022,0.028
-0.021,0.030
-0.021,0.030
-0.020,0.031
-0.019,0.031
-0.020,0.031
-0.019,0.031
-0.020,0.031
-0.020,0.030
-0.020,0.032
-0.021,0.032
-0.023,0.031
-0.021,0.033
-0.021,0.034
-0.022,0.033
-0.020,0.034
-0.020,0.033
-0.020,0.031
-0.019,0.031
-0.020,0.030
-0.020,0.029
-0.021,0.030
-0.021,0.029
-0.023,0.029
-0.022,0.030
-0.023,0.028
-0.024,0.029
-0.023,0.029
-0.022,0.028
-0.023,0.027
-0.022,0.027
-0.023,0.024
-0.024,0.023
-0.024,0.022
-0.024,0.021
-0.026,0.020
-0.026,0.020
-0.026,0.020
-0.028,0.020
-0.029,0.021
-0.029,0.021
-0.031,0.023
-0.029,0.023
-0.029,0.023
-0.031,0.024
-0.030,0.025
-0.031,0.025
-0.033,0.025
-0.033,0.024
-0.033,0.022
-0.036,0.021
-0.034,0.020
-0.035,0.019
-0.037,0.020
-0.036,0.020
-0.038,0.022
-0.040,0.023
-0.038,0.024
-0.040,0.025
-0.042,0.023
-0.040,0.023
-0.043,0.023
-0.043,0.023
-0.042,0.022
-0.044,0.023
-0.044,0.024
-0.043,0.024
-0.045,0.025
-0.047,0.025
-0.044,0.026
-0.046,0.025
-0.046,0.025
-0.043,0.023
-0.045,0.023
-0.045,0.023
-0.044,0.021
-0.045,0.022
-0.046,0.022
-0.045,0.022
-0.046,0.021
-0.048,0.021
-0.046,0.020
-0.048,0.021
-0.048,0.022
-0.046,0.021
-0.047,0.022
-0.047,0.021
-0.046,0.020
-0.046,0.020
-0.047,0.020
-0.045,0.019
-0.045,0.019
-0.044,0.019
-0.042,0.019
-0.043,0.019
-0.042,0.017
-0.041,0.017
-0.043,0.018
-0.043,0.019
-0.041,0.020
-0.042,0.021
-0.041,0.021
-0.038,0.021
-0.040,0.023
-0.037,0.022
-0.036,0.022
-0.037,0.023
-0.036,0.022
-0.035,0.022
-0.036,0.023
-0.034,0.021
-0.033,0.021
-0.035,0.020
-0.032,0.018
-0.030,0.017
-0.031,0.017
-0.028,0.016
-0.028,0.018
-0.028,0.016
-0.026,0.016
-0.027,0.016
-0.027,0.014
-0.026,0.015
-0.027,0.014
-0.027,0.012
-0.025,0.012
-0.026,0.013
-0.026,0.012
-0.024,0.014
-0.025,0.015
-0.024,0.015
-0.022,0.017
-0.023,0.018
-0.022,0.017
-0.020,0.017
-0.021,0.017
-0.020,0.014
-0.018,0.014
-0.019,0.013
-0.018,0.013
-0.016,0.015
-0.017,0.014
-0.016,0.014
-0.016,0.014
-0.016,0.013
-0.016,0.013
-0.015,0.013
-0.015,0.013
-0.015,0.012
-0.014,0.014
-0.015,0.013
-0.014,0.011
-0.014,0.012
-0.015,0.010
-0.014,0.010
-0.014,0.010
-0.014,0.010
-0.014,0.010
-0.014,0.011
-0.015,0.010
-0.015,0.010
-0.013,0.011
-0.015,0.010
-0.013,0.009
-0.013,0.009
-0.013,0.007
-0.014,0.005
-0.014,0.005
-0.014,0.004
-0.014,0.003
-0.014,0.005
-0.016,0.006
-0.015,0.007
-0.014,0.007
-0.016,0.008
-0.016,0.007
-0.016,0.006
-0.016,0.006
-0.017,0.006
-0.017,0.006
-0.018,0.005
-0.018,0.005
-0.020,0.006
-0.022,0.005
-0.022,0.005
-0.023,0.004
-0.023,0.003
-0.025,0.002
-0.024,0.002
-0.025,0.001
-0.025,0.001
-0.026,0.000
-0.027,-0.000
-0.028,-0.000
-0.028,-0.001
-0.029,-0.001
-0.029,0.000
-0.029,0.001
-0.030,0.001
-0.031,0.004
-0.031,0.005
-0.032,0.004
-0.032,0.005
-0.033,0.005
-0.033,0.005
-0.033,0.005
-0.035,0.005
-0.036,0.004
-0.036,0.004
-0.036,0.004
-0.037,0.002
-0.037,0.002
-0.037,0.002
-0.037,0.003
-0.035,0.004
-0.036,0.005
-0.036,0.006
-0.035,0.005
-0.035,0.005
-0.036,0.004
-0.034,0.003
-0.034,0.002
-0.034,0.002
-0.034,0.002
-0.033,0.003
-0.034,0.002
-0.033,0.002
-0.033,0.002
-0.033,0.002
-0.033,0.003
-0.032,0.004
-0.032,0.004
-0.030,0.004
-0.031,0.004
-0.029,0.003
-0.028,0.003
-0.028,0.004
-0.028,0.003
-0.029,0.003
-0.028,0.004
-0.029,0.002
-0.028,0.002
-0.028,0.002
-0.027,0.000
-0.026,0.000
-0.027,0.000
-0.025,-0.002
-0.025,0.000
-0.025,0.000
-0.024,-0.000
-0.023,0.001
-0.024,0.000
-0.022,0.000
-0.023,0.000
-0.023,0.001
-0.022,-0.000
-0.023,0.001
-0.023,0.001
-0.022,0.000
-0.023,0.002
-0.022,-0.001
-0.021,-0.002
-0.023,-0.001
-0.021,-0.005
-0.021,-0.005
-0.023,-0.003
-0.021,-0.004
-0.020,-0.003
-0.022,-0.001
-0.020,-0.001
-0.019,0.001
-0.020,0.003
-0.019,0.002
-0.018,0.001
-0.019,0.002
-0.018,0.000
-0.018,-0.001
-0.018,0.000
-0.016,-0.001
-0.016,-0.002
-0.015,-0.002
-0.013,-0.004
-0.011,-0.004
-0.011,-0.003
-0.010,-0.004
-0.011,-0.004
-0.012,-0.004
-0.010,-0.005
-0.011,-0.005
-0.011,-0.005
-0.008,-0.006
-0.007,-0.006
-0.007,-0.006
-0.005,-0.006
-0.005,-0.005
-0.007,-0.004
-0.005,-0.004
-0.006,-0.002
-0.006,-0.001
-0.004,-0.001
-0.006,0.001
-0.005,0.001
-0.004,0.000
-0.005,0.001
-0.004,0.000
-0.002,0.000
-0.002,0.000
-0.002,0.000
-0.001,-0.000
-0.001,0.001
-0.000,0.000
0.002,-0.000
0.001,-0.001
0.002,0.000
0.003,0.001
0.001,-0.000
0.002,0.000
0.003,0.000
0.002,0.000
0.004,-0.001
0.005,-0.001
0.003,-0.001
0.005,-0.003
0.006,-0.002
0.004,-0.003
0.006,-0.003
0.007,-0.002
0.005,-0.003
0.006,-0.004
0.006,-0.006
0.004,-0.007
0.006,-0.009
0.006,-0.008
0.005,-0.008
0.007,-0.008
0.008,-0.006
0.007,-0.006
0.009,-0.005
0.010,-0.004
0.008,-0.004
0.010,-0.003
0.009,-0.003
0.008,-0.004
0.008,-0.004
0.008,-0.005
0.007,-0.005
0.008,-0.004
0.009,-0.005
0.008,-0.004
0.010,-0.002
0.010,-0.002
0.010,-0.001
0.011,0.001
0.011,-0.001
0.011,-0.001
0.011,-0.002
0.012,-0.004
0.011,-0.004
0.011,-0.005
0.011,-0.006
0.011,-0.007
0.012,-0.007
0.011,-0.008
0.010,-0.007
0.010,-0.006
0.012,-0.006
0.010,-0.003
0.011,-0.003
0.011,-0.003
0.010,-0.003
0.012,-0.004
0.012,-0.005
0.011,-0.004
0.013,-0.006
0.014,-0.007
0.012,-0.006
0.014,-0.007
0.014,-0.006
0.012,-0.005
0.014,-0.007
0.013,-0.006
0.012,-0.007
0.015,-0.007
0.013,-0.007
0.013,-0.008
0.015,-0.009
0.014,-0.008
0.014,-0.008
0.017,-0.007
0.015,-0.005
0.016,-0.004
0.019,-0.003
0.018,-0.002
0.019,-0.002
0.021,-0.002
0.019,-0.002
0.018,-0.003
0.021,-0.003
0.019,-0.003
0.019,-0.003
0.021,-0.003
0.020,-0.004
0.019,-0.004
0.021,-0.004
0.019,-0.005
0.019,-0.005
0.022,-0.006
0.019,-0.005
0.020,-0.005
0.022,-0.004
0.021,-0.003
0.022,-0.003
0.022,-0.003
0.021,-0.004
0.022,-0.006
0.023,-0.005
0.023,-0.005
0.024,-0.005
0.025,-0.005
0.024,-0.005
0.026,-0.005
0.028,-0.005
0.027,-0.006
0.029,-0.006
0.031,-0.004
0.029,-0.003
0.032,-0.002
0.032,-0.001
0.030,0.000
0.033,-0.001
0.032,-0.003
0.031,-0.003
0.033,-0.003
0.033,-0.002
0.032,-0.003
0.032,-0.003
0.033,-0.003
0.031,-0.003
0.034,-0.002
0.034,-0.001
0.033,-0.001
0.036,0.001
0.035,0.003
0.036,0.002
0.037,0.003
0.036,0.003
0.036,0.001
0.039,0.002
0.037,0.002
0.038,-0.001
0.039,-0.001
0.038,-0.002
0.039,-0.005
0.040,-0.005
0.039,-0.007
0.040,-0.009
0.041,-0.008
0.040,-0.009
0.041,-0.009
0.043,-0.007
0.041,-0.008
0.042,-0.009
0.043,-0.008
0.043,-0.008
0.044,-0.008
0.044,-0.006
0.044,-0.007
0.044,-0.006
0.044,-0.006
0.042,-0.007
0.042,-0.007
0.042,-0.008
0.042,-0.010
0.042,-0.010
0.043,-0.009
0.043,-0.009
0.042,-0.009
0.043,-0.007
0.042,-0.006
0.041,-0.003
0.042,-0.002
0.041,-0.000
0.041,0.001
0.042,0.002
0.041,0.000
0.041,-0.000
0.042,-0.001
0.042,-0.003
0.042,-0.003
0.043,-0.004
0.042,-0.005
0.043,-0.005
0.043,-0.005
0.043,-0.005
0.043,-0.007
0.044,-0.006
0.043,-0.006
0.043,-0.005
0.044,-0.005
0.043,-0.004
0.043,-0.004
0.044,-0.004
0.045,-0.005
0.045,-0.006
0.048,-0.006
0.047,-0.007
0.047,-0.006
0.049,-0.006
0.047,-0.006
0.047,-0.006
0.048,-0.006
0.048,-0.005
0.048,-0.005
0.048,-0.005
0.048,-0.005
0.048,-0.004
0.049,-0.004
0.048,-0.005
0.050,-0.005
0.050,-0.004
0.051,-0.005
0.053,-0.004
0.053,-0.004
0.054,-0.005
0.053,-0.004
0.054,-0.002
0.054,-0.002
0.055,-0.001
0.055,-0.001
0.054,-0.001
0.055,-0.000
0.055,0.000
0.054,-0.000
0.054,-0.001
0.055,-0.001
0.054,-0.002
0.055,-0.004
0.055,-0.006
0.056,-0.005
0.056,-0.007
0.057,-0.007
0.056,-0.008
0.057,-0.009
0.057,-0.008
0.056,-0.009
0.055,-0.010
0.057,-0.010
0.057,-0.009
0.058,-0.009
0.058,-0.008
0.057,-0.007
0.058,-0.008
0.058,-0.007
0.057,-0.008
0.058,-0.007
0.059,-0.008
0.058,-0.009
0.060,-0.009
0.060,-0.009
0.060,-0.009
0.061,-0.008
0.061,-0.007
0.062,-0.008
0.062,-0.007
0.062,-0.005
0.062,-0.006
0.064,-0.003
0.063,-0.003
0.064,-0.003
0.066,-0.001
0.066,-0.000
0.067,-0.002
0.069,-0.003
0.069,-0.003
0.071,-0.004
0.072,-0.003
0.072,-0.002
0.074,-0.002
0.075,0.002
0.073,0.003
0.075,0.002
0.075,0.002
0.075,0.001
0.075,-0.001
0.076,-0.002
0.075,-0.003
0.076,-0.004
0.078,-0.005
0.078,-0.005
0.082,-0.005
0.082,-0.003
0.082,-0.002
0.084,-0.003
0.085,-0.001
0.086,0.000
0.087,-0.000
0.088,0.001
0.086,0.000
0.088,0.000
0.089,0.001
0.089,-0.001
0.090,-0.002
0.090,-0.001
0.091,-0.001
0.092,-0.001
0.094,0.000
0.094,-0.002
0.096,-0.001
0.096,-0.001
0.096,-0.002
0.096,-0.001
0.095,0.000
0.098,0.001
0.098,0.001
0.097,0.001
0.097,-0.000
0.097,0.001
0.097,0.000
0.098,-0.003
0.098,-0.003
0.098,-0.003
0.100,-0.003
0.099,-0.001
0.100,-0.001
0.101,-0.002
0.102,-0.001
0.102,-0.001
0.102,-0.003
0.102,-0.000
0.102,-0.001
0.104,-0.000
0.103,0.001
0.106,0.003
0.104,0.005
0.105,0.005
0.106,0.004
0.105,0.003
0.106,0.002
0.107,0.001
0.107,-0.000
0.105,-0.001
0.106,-0.001
0.105,-0.000
0.105,-0.002
0.107,0.000
0.105,0.001
0.105,0.002
0.106,0.002
0.105,0.002
0.105,0.001
0.107,0.002
0.105,0.003
0.105,0.003
0.105,0.005
0.104,0.004
0.104,0.005
0.105,0.005
0.102,0.005
0.102,0.005
0.102,0.006
0.101,0.006
0.102,0.004
0.101,0.005
0.101,0.004
0.102,0.005
0.100,0.004
0.101,0.002
0.102,0.001
0.102,-0.000
0.102,-0.002
0.102,-0.002
0.100,0.001
0.101,0.001
0.101,0.003
0.100,0.003
0.101,0.003
0.100,0.006
0.101,0.005
0.100,0.004
0.098,0.005
0.098,0.004
0.099,0.004
0.097,0.005
0.096,0.003
0.098,0.003
0.097,0.004
0.098,0.002
0.099,0.003
0.096,0.004
0.097,0.005
0.098,0.005
0.095,0.006
0.095,0.004
0.096,0.004
0.094,0.006
0.096,0.006
0.095,0.005
0.094,0.006
0.096,0.006
0.098,0.006
0.096,0.004
0.097,0.004
0.099,0.003
0.098,0.004
0.099,0.002
0.099,0.003
0.098,0.006
0.100,0.006
0.099,0.006
0.098,0.007
0.099,0.008
0.100,0.009
0.098,0.010
0.100,0.011
0.100,0.012
0.100,0.012
0.101,0.010
0.101,0.010
0.101,0.010
0.103,0.010
0.102,0.012
0.101,0.014
0.103,0.013
0.103,0.014
0.103,0.013
0.105,0.011
0.104,0.010
0.105,0.009
0.106,0.006
0.106,0.005
0.106,0.005
0.107,0.005
0.106,0.006
0.106,0.006
0.108,0.006
0.107,0.007
0.109,0.006
0.111,0.006
0.111,0.007
0.112,0.008
0.113,0.010
0.112,0.011
0.113,0.012
0.114,0.012
0.112,0.013
0.114,0.013
0.115,0.014
0.113,0.015
0.116,0.014
0.116,0.016
0.115,0.017
0.117,0.017
0.117,0.018
0.116,0.018
0.119,0.018
0.120,0.019
0.119,0.019
0.121,0.018
0.120,0.019
0.117,0.019
0.119,0.020
0.117,0.021
0.117,0.020
0.119,0.021
0.118,0.019
0.118,0.019
0.119,0.019
0.118,0.019
0.117,0.019
0.118,0.019
0.117,0.020
0.116,0.018
0.117,0.018
0.117,0.016
0.116,0.016
0.117,0.016
0.117,0.015
0.116,0.016
0.118,0.016
0.118,0.015
0.116,0.015
0.117,0.016
0.117,0.015
0.114,0.016
0.116,0.017
0.116,0.017
0.116,0.017
0.117,0.017
0.116,0.017
0.115,0.018
0.116,0.018
0.115,0.018
0.114,0.017
0.116,0.017
0.116,0.017
0.116,0.016
0.118,0.017
0.116,0.017
0.116,0.016
0.117,0.018
0.116,0.019
0.115,0.019
0.117,0.020
0.114,0.021
0.114,0.021
0.116,0.022
0.114,0.022
0.113,0.022
0.115,0.022
0.114,0.022
0.114,0.021
0.115,0.021
0.114,0.020
0.113,0.021
0.115,0.021
0.113,0.022
0.113,0.023
0.115,0.023
0.115,0.024
0.114,0.024
0.116,0.025
0.114,0.025
0.113,0.025
0.114,0.025
0.112,0.025
0.112,0.024
0.114,0.023
0.113,0.024
0.113,0.024
0.115,0.025
0.114,0.026
0.114,0.026
0.116,0.029
0.114,0.030
0.115,0.030
0.116,0.029
0.114,0.030
0.114,0.030
0.114,0.031
0.111,0.032
0.112,0.031
0.113,0.032
0.110,0.032
0.112,0.032
0.112,0.033
0.111,0.031
0.113,0.031
0.111,0.030
0.111,0.029
0.112,0.028
0.110,0.029
0.110,0.028
0.111,0.030
0.110,0.032
0.109,0.031
0.112,0.032
0.111,0.032
0.111,0.030
0.112,0.030
0.112,0.030
0.113,0.029
0.114,0.029
0.114,0.030
0.115,0.028
0.117,0.031
0.115,0.032
0.116,0.030
0.117,0.031
0.116,0.032
0.116,0.029
0.117,0.030
0.117,0.030
0.118,0.029
0.119,0.031
0.118,0.030
0.118,0.031
0.119,0.032
0.118,0.032
0.119,0.031
0.120,0.032
0.121,0.032
0.122,0.031
0.123,0.032
0.125,0.031
0.126,0.031
0.127,0.032
0.127,0.033
0.128,0.033
0.129,0.034
0.129,0.034
0.130,0.034
0.132,0.034
0.131,0.034
0.132,0.034
0.133,0.035
0.132,0.035
0.133,0.034
0.134,0.035
0.133,0.036
0.134,0.035
0.134,0.036
0.133,0.036
0.134,0.035
0.134,0.036
0.133,0.036
0.135,0.037
0.135,0.039
0.135,0.039
0.134,0.039
0.135,0.041
0.135,0.041
0.135,0.041
0.136,0.040
0.136,0.039
0.136,0.038
0.137,0.038
0.137,0.038
0.137,0.038
0.137,0.039
0.138,0.039
0.137,0.040
0.136,0.040
0.136,0.041
0.136,0.043
0.136,0.044
0.135,0.043
0.136,0.045
0.135,0.045
0.135,0.044
0.134,0.043
0.134,0.043
0.133,0.041
0.132,0.042
0.132,0.043
0.131,0.043
0.132,0.043
0.130,0.043
0.130,0.043
0.130,0.043
0.129,0.043
0.127,0.042
0.127,0.043
0.127,0.045
0.126,0.045
0.125,0.047
0.125,0.048
0.124,0.047
0.125,0.047
0.124,0.048
0.122,0.047
0.121,0.048
0.121,0.048
0.120,0.048
0.118,0.049
0.118,0.048
0.117,0.048
0.117,0.048
0.115,0.047
0.114,0.046
0.115,0.045
0.115,0.044
0.114,0.043
0.114,0.043
0.114,0.042
0.112,0.042
0.113,0.043
0.112,0.044
0.112,0.045
0.112,0.045
0.111,0.049
0.110,0.050
0.111,0.051
0.110,0.053
0.109,0.054
0.110,0.055
0.110,0.056
0.108,0.056
0.109,0.057
0.110,0.058
0.108,0.055
0.108,0.055
0.108,0.055
0.107,0.054
0.109,0.054
0.108,0.055
0.108,0.054
0.109,0.054
0.108,0.054
0.108,0.053
0.109,0.053
0.108,0.054
0.108,0.052
0.109,0.052
0.108,0.053
0.108,0.053
0.110,0.054
0.107,0.056
0.109,0.055
0.110,0.057
0.109,0.058
0.109,0.058
0.111,0.059
0.111,0.059
0.112,0.058
0.114,0.060
0.112,0.059
0.115,0.059
0.114,0.060
0.114,0.061
0.115,0.061
0.115,0.064
0.114,0.062
0.114,0.061
0.114,0.062
0.114,0.059
0.115,0.058
0.114,0.059
0.115,0.057
0.116,0.058
0.114,0.062
0.114,0.060
0.115,0.062
0.114,0.064
0.114,0.062
0.116,0.062
0.116,0.062
0.116,0.061
0.118,0.061
0.116,0.063
0.117,0.062
0.117,0.064
0.116,0.064
0.117,0.063
0.117,0.065
0.117,0.064
0.117,0.064
0.117,0.063
0.115,0.062
0.115,0.061
0.114,0.060
0.114,0.059
0.115,0.058
0.114,0.059
0.115,0.061
0.115,0.062
0.115,0.063
0.115,0.064
0.115,0.065
0.113,0.066
0.114,0.067
0.114,0.068
0.111,0.070
0.112,0.069
0.110,0.070
0.109,0.069
0.109,0.067
0.109,0.066
0.108,0.066
0.108,0.066
0.108,0.065
0.107,0.066
0.108,0.065
0.108,0.063
0.106,0.063
0.107,0.062
0.107,0.062
0.106,0.062
0.106,0.062
0.106,0.063
0.105,0.064
0.105,0.066
0.103,0.068
0.103,0.069
0.101,0.069
0.101,0.068
0.100,0.068
0.099,0.067
0.099,0.067
0.098,0.067
0.100,0.067
0.098,0.066
0.099,0.066
0.099,0.066
0.098,0.066
0.097,0.067
0.097,0.067
0.098,0.066
0.097,0.066
0.097,0.065
0.097,0.064
0.095,0.065
0.095,0.064
0.094,0.064
0.094,0.066
0.094,0.066
0.093,0.066
0.092,0.067
0.093,0.067
0.093,0.067
0.092,0.067
0.092,0.067
0.093,0.067
0.092,0.068
0.091,0.067
0.091,0.067
0.090,0.069
0.090,0.069
0.091,0.070
0.090,0.071
0.091,0.071
0.091,0.070
0.091,0.070
0.089,0.070
0.090,0.069
0.089,0.069
0.086,0.069
0.086,0.067
0.085,0.067
0.085,0.067
0.085,0.066
0.085,0.067
0.085,0.068
0.085,0.068
0.085,0.071
0.084,0.071
0.085,0.072
0.084,0.073
0.084,0.074
0.084,0.074
0.083,0.076
0.083,0.076
0.082,0.077
0.082,0.078
0.082,0.076
0.082,0.075
0.081,0.075
0.081,0.073
0.081,0.072
0.079,0.073
0.080,0.072
0.080,0.073
0.079,0.074
0.080,0.072
0.080,0.073
0.080,0.074
0.080,0.073
0.079,0.073
0.078,0.073
0.080,0.071
0.079,0.072
0.079,0.073
0.079,0.074
0.078,0.077
0.078,0.077
0.078,0.076
0.077,0.077
0.077,0.075
0.078,0.075
0.075,0.075
0.077,0.074
0.077,0.075
0.075,0.076
0.076,0.075
0.076,0.077
0.075,0.078
0.075,0.077
0.075,0.078
0.073,0.078
0.074,0.078
0.074,0.077
0.073,0.078
0.075,0.077
0.074,0.076
0.073,0.076
0.075,0.076
0.075,0.078
0.073,0.079
0.074,0.080
0.073,0.080
0.072,0.079
0.074,0.078
0.072,0.076
0.071,0.077
0.071,0.077
0.069,0.078
0.068,0.078
0.068,0.079
0.068,0.079
0.066,0.078
0.066,0.080
0.066,0.079
0.065,0.079
0.066,0.078
0.066,0.077
0.065,0.077
0.067,0.078
0.065,0.079
0.065,0.078
0.066,0.078
0.066,0.077
0.066,0.076
0.066,0.076
0.065,0.076
0.065,0.076
0.065,0.075
0.064,0.075
0.063,0.075
0.064,0.075
0.064,0.076
0.063,0.078
0.065,0.079
0.064,0.080
0.064,0.081
0.065,0.081
0.065,0.080
0.064,0.079
0.065,0.078
0.065,0.076
0.064,0.076
0.066,0.076
0.064,0.076
0.063,0.076
0.063,0.077
0.062,0.078
0.062,0.079
0.062,0.081
0.061,0.081
0.061,0.080
0.062,0.081
0.060,0.081
0.060,0.081
0.061,0.081
0.059,0.082
0.059,0.081
0.060,0.079
0.059,0.077
0.060,0.076
0.062,0.077
0.061,0.076
0.060,0.077
0.062,0.077
0.059,0.077
0.059,0.076
0.060,0.076
0.058,0.078
0.058,0.078
0.059,0.078
0.057,0.078
0.056,0.078
0.058,0.076
0.055,0.076
0.054,0.077
0.056,0.077
0.054,0.078
0.054,0.078
0.054,0.077
0.054,0.078
0.054,0.077
0.055,0.077
0.054,0.078
0.055,0.078
0.056,0.077
0.054,0.077
0.055,0.076
0.055,0.076
0.053,0.076
0.053,0.075
0.055,0.075
0.052,0.075
0.053,0.075
0.055,0.075
0.052,0.077
0.055,0.077
0.054,0.078
0.052,0.078
0.053,0.078
0.054,0.079
0.051,0.078
0.052,0.077
0.052,0.078
0.049,0.077
0.050,0.075
0.049,0.075
0.048,0.075
0.050,0.073
0.050,0.073
0.049,0.072
0.050,0.072
0.049,0.073
0.048,0.071
0.050,0.073
0.047,0.074
0.047,0.073
0.048,0.075
0.045,0.076
0.046,0.074
0.046,0.075
0.044,0.076
0.044,0.074
0.046,0.075
0.043,0.075
0.043,0.074
0.045,0.076
0.043,0.076
0.044,0.075
0.045,0.077
0.043,0.077
0.044,0.074
0.045,0.075
0.044,0.074
0.045,0.072
0.046,0.072
0.044,0.071
0.045,0.071
0.046,0.071
0.044,0.070
0.045,0.069
0.045,0.070
0.044,0.070
0.045,0.069
0.046,0.071
0.044,0.071
0.044,0.071
0.044,0.072
0.043,0.071
0.044,0.072
0.044,0.073
0.044,0.072
0.042,0.074
0.043,0.074
0.042,0.073
0.043,0.075
0.042,0.075
0.042,0.075
0.042,0.077
0.041,0.078
0.041,0.078
0.041,0.078
0.043,0.076
0.042,0.073
0.041,0.072
0.043,0.071
0.042,0.071
0.041,0.071
0.042,0.070
0.041,0.071
0.040,0.071
0.041,0.071
0.040,0.072
0.039,0.072
0.039,0.071
0.037,0.072
0.037,0.071
0.038,0.071
0.037,0.071
0.037,0.071
0.038,0.071
0.036,0.071
0.036,0.071
0.038,0.071
0.036,0.072
0.036,0.073
0.037,0.073
0.034,0.075
0.035,0.075
0.033,0.075
0.032,0.074
0.032,0.074
0.033,0.073
0.031,0.072
0.032,0.071
0.032,0.068
0.031,0.068
0.031,0.068
0.031,0.069
0.030,0.069
0.031,0.069
0.031,0.070
0.031,0.070
0.032,0.070
0.031,0.069
0.030,0.070
0.031,0.070
0.030,0.071
0.029,0.071
0.031,0.073
0.031,0.074
0.030,0.073
0.032,0.073
0.031,0.072
0.030,0.070
0.032,0.069
0.030,0.068
0.029,0.066
0.030,0.064
0.029,0.063
0.027,0.061
0.028,0.061
0.028,0.062
0.026,0.062
0.026,0.062
0.025,0.064
0.024,0.064
0.024,0.063
0.023,0.063
0.022,0.063
0.022,0.063
0.021,0.063
0.019,0.061
0.020,0.061
0.018,0.061
0.018,0.061
0.018,0.062
0.016,0.060
0.016,0.061
0.017,0.061
0.014,0.061
0.013,0.062
0.015,0.064
0.013,0.064
0.013,0.063
0.013,0.062
0.010,0.062
0.011,0.062
0.010,0.063
0.008,0.063
0.008,0.061
0.009,0.062
0.006,0.062
0.006,0.062
0.005,0.065
0.003,0.065
0.002,0.063
0.002,0.062
0.001,0.061
-0.001,0.059
-0.000,0.061
-0.003,0.059
-0.003,0.058
-0.003,0.059
-0.004,0.059
-0.003,0.058
-0.005,0.060
-0.007,0.059
-0.007,0.058
-0.006,0.059
-0.008,0.058
-0.009,0.057
-0.009,0.057
-0.011,0.056
-0.010,0.056
-0.011,0.057
-0.013,0.056
-0.012,0.056
-0.012,0.059
-0.015,0.059
-0.015,0.059
-0.015,0.061
-0.015,0.060
-0.014,0.061
-0.016,0.060
-0.017,0.059
-0.016,0.059
-0.017,0.058
-0.016,0.056
-0.016,0.057
-0.016,0.059
-0.015,0.057
-0.015,0.058
-0.015,0.057
-0.015,0.055
-0.015,0.056
-0.016,0.056
-0.018,0.056
-0.018,0.058
-0.018,0.058
-0.018,0.056
-0.017,0.059
-0.018,0.060
-0.017,0.061
-0.017,0.063
-0.018,0.062
-0.016,0.062
-0.016,0.062
-0.014,0.061
-0.016,0.061
-0.016,0.060
-0.016,0.060
-0.015,0.057
-0.015,0.057
-0.014,0.057
-0.013,0.058
-0.014,0.058
-0.012,0.059
-0.014,0.060
-0.013,0.061
-0.013,0.061
-0.014,0.061
-0.013,0.063
-0.013,0.060
-0.013,0.061
-0.012,0.059
-0.011,0.058
-0.011,0.058
-0.010,0.058
-0.008,0.057
-0.007,0.055
-0.007,0.056
-0.006,0.056
-0.006,0.058
-0.007,0.059
-0.008,0.060
-0.008,0.061
-0.007,0.062
-0.007,0.063
-0.007,0.062
-0.007,0.061
-0.008,0.061
-0.008,0.059
-0.006,0.057
-0.006,0.056
-0.007,0.055
-0.006,0.055
-0.006,0.056
-0.007,0.056
-0.006,0.058
-0.006,0.059
-0.007,0.059
-0.007,0.060
-0.008,0.059
-0.008,0.059
-0.006,0.057
-0.008,0.058
-0.007,0.058
-0.007,0.059
-0.007,0.060
-0.006,0.060
-0.006,0.059
-0.005,0.058
-0.006,0.058
-0.007,0.058
-0.008,0.058
-0.008,0.056
-0.009,0.057
-0.009,0.057
-0.009,0.055
-0.010,0.056
-0.011,0.054
-0.010,0.055
-0.012,0.056
-0.013,0.054
-0.012,0.054
-0.013,0.055
-0.014,0.054
-0.014,0.053
-0.015,0.055
-0.015,0.053
-0.015,0.054
-0.017,0.054
-0.019,0.052
-0.019,0.052
-0.021,0.052
-0.021,0.049
-0.022,0.048
-0.022,0.049
-0.023,0.048
-0.022,0.048
-0.023,0.049
-0.024,0.047
-0.023,0.048
-0.025,0.049
-0.026,0.049
-0.026,0.050
-0.026,0.052
-0.026,0.050
-0.027,0.050
-0.027,0.051
-0.026,0.048
-0.027,0.047
-0.028,0.047
-0.029,0.044
-0.029,0.044
-0.031,0.043
-0.030,0.041
-0.031,0.041
-0.030,0.041
-0.029,0.041
-0.029,0.043
-0.029,0.042
-0.028,0.041
-0.028,0.043
-0.028,0.043
-0.026,0.042
-0.028,0.044
-0.028,0.044
-0.028,0.044
-0.029,0.046
-0.029,0.044
-0.028,0.042
-0.030,0.042
-0.029,0.039
-0.028,0.039
-0.030,0.039
-0.028,0.038
-0.028,0.039
-0.029,0.040
-0.028,0.039
-0.028,0.039
-0.029,0.040
-0.027,0.037
-0.027,0.038
-0.028,0.038
-0.026,0.038
-0.026,0.038
-0.027,0.038
-0.025,0.038
-0.024,0.039
-0.026,0.041
-0.024,0.041
-0.024,0.044
-0.026,0.044
-0.024,0.043
-0.024,0.042
-0.026,0.041
-0.024,0.039
-0.025,0.040
-0.024,0.039
-0.023,0.039
-0.023,0.040
-0.023,0.041
-0.023,0.042
-0.022,0.043
-0.023,0.043
-0.022,0.046
-0.023,0.046
-0.023,0.045
-0.023,0.045
-0.023,0.044
-0.022,0.042
-0.023,0.042
-0.022,0.039
-0.022,0.039
-0.022,0.039
-0.022,0.039
-0.022,0.039
-0.022,0.039
-0.023,0.038
-0.022,0.039
-0.022,0.040
-0.023,0.039
-0.023,0.041
-0.024,0.041
-0.024,0.040
-0.026,0.041
-0.025,0.041
-0.024,0.039
-0.025,0.039
-0.025,0.038
-0.025,0.037
-0.025,0.038
-0.026,0.037
-0.025,0.038
-0.025,0.040
-0.025,0.039
-0.026,0.037
-0.027,0.039
-0.026,0.037
-0.026,0.036
-0.026,0.038
-0.025,0.037
-0.024,0.037
-0.025,0.038
-0.024,0.038
-0.023,0.038
-0.024,0.041
-0.023,0.040
-0.024,0.041
-0.024,0.042
-0.024,0.039
-0.023,0.040
-0.024,0.040
-0.022,0.038
-0.023,0.039
-0.023,0.040
-0.022,0.039
-0.024,0.040
-0.024,0.041
-0.023,0.039
-0.025,0.039
-0.024,0.037
-0.022,0.034
-0.024,0.032
-0.023,0.032
-0.020,0.031
-0.023,0.030
-0.022,0.029
-0.021,0.029
-0.024,0.031
-0.023,0.029
-0.023,0.029
-0.026,0.029
-0.026,0.026
-0.026,0.027
-0.029,0.027
-0.029,0.026
-0.029,0.027
-0.031,0.028
-0.030,0.028
-0.031,0.030
-0.032,0.032
-0.032,0.032
-0.032,0.033
-0.033,0.033
-0.033,0.031
-0.033,0.031
-0.035,0.030
-0.033,0.028
-0.035,0.029
-0.036,0.030
-0.035,0.030
-0.036,0.031
-0.037,0.032
-0.037,0.033
-0.038,0.033
-0.040,0.033
-0.038,0.034
-0.039,0.034
-0.041,0.034
-0.040,0.033
-0.041,0.033
-0.042,0.030
-0.041,0.030
-0.042,0.030
-0.042,0.029
-0.042,0.028
-0.043,0.026
-0.045,0.025
-0.043,0.024
-0.045,0.023
-0.046,0.022
-0.046,0.021
-0.046,0.019
-0.047,0.017
-0.045,0.017
-0.045,0.018
-0.047,0.019
-0.045,0.019
-0.046,0.019
-0.046,0.021
-0.045,0.021
-0.045,0.022
-0.046,0.023
-0.044,0.023
-0.045,0.024
-0.046,0.026
-0.045,0.026
-0.046,0.026
-0.046,0.026
-0.045,0.026
-0.046,0.026
-0.046,0.025
-0.044,0.025
-0.045,0.025
-0.045,0.024
-0.042,0.025
-0.043,0.024
-0.042,0.024
-0.041,0.024
-0.041,0.023
-0.041,0.024
-0.039,0.023
-0.040,0.023
-0.039,0.023
-0.037,0.023
-0.039,0.021
-0.038,0.022
-0.036,0.023
-0.037,0.023
-0.037,0.023
-0.035,0.023
-0.034,0.022
-0.033,0.023
-0.031,0.023
-0.032,0.023
-0.032,0.024
-0.030,0.023
-0.030,0.023
-0.031,0.023
-0.029,0.022
-0.028,0.022
-0.029,0.021
-0.028,0.020
-0.028,0.021
-0.027,0.022
-0.025,0.022
-0.025,0.023
-0.024,0.023
-0.022,0.023
-0.023,0.023
-0.022,0.021
-0.021,0.020
-0.022,0.021
-0.021,0.020
-0.020,0.020
-0.020,0.021
-0.020,0.020
-0.019,0.018
-0.020,0.017
-0.019,0.015
-0.018,0.014
-0.021,0.015
-0.019,0.016
-0.018,0.016
-0.020,0.016
-0.019,0.016
-0.017,0.016
-0.020,0.016
-0.016,0.015
-0.016,0.015
-0.017,0.016
-0.015,0.015
-0.013,0.016
-0.015,0.016
-0.014,0.015
-0.014,0.016
-0.016,0.015
-0.014,0.013
-0.015,0.014
-0.017,0.013
-0.016,0.012
-0.016,0.013
-0.017,0.012
-0.015,0.011
-0.016,0.011
-0.019,0.009
-0.017,0.008
-0.018,0.007
-0.020,0.007
-0.018,0.006
-0.020,0.009
-0.021,0.010
-0.018,0.011
-0.020,0.011
-0.020,0.011
-0.017,0.010
-0.021,0.010
-0.021,0.008
-0.019,0.007
-0.021,0.008
-0.021,0.006
-0.020,0.006
-0.023,0.006
-0.024,0.006
-0.022,0.006
-0.026,0.006
-0.026,0.006
-0.025,0.007
-0.029,0.007
-0.029,0.006
-0.027,0.007
-0.030,0.006
-0.031,0.004
-0.029,0.006
-0.032,0.006
-0.033,0.004
-0.033,0.005
-0.037,0.005
-0.036,0.003
-0.036,0.003
-0.039,0.003
-0.039,0.002
-0.038,0.004
-0.040,0.004
-0.040,0.005
-0.040,0.006
-0.042,0.006
-0.042,0.006
-0.042,0.005
-0.044,0.004
-0.044,0.004
-0.043,0.004
-0.043,0.003
-0.044,0.004
-0.042,0.003
-0.043,0.003
-0.041,0.003
-0.041,0.002
-0.041,0.003
-0.039,0.004
-0.039,0.004
-0.040,0.003
-0.038,0.004
-0.038,0.004
-0.038,0.002
-0.038,0.003
-0.037,0.002
-0.038,0.003
-0.038,0.003
-0.038,0.004
-0.038,0.003
-0.038,0.003
-0.037,0.001
-0.038,-0.000
-0.037,-0.000
-0.036,-0.003
-0.038,-0.003
-0.037,-0.003
-0.036,-0.003
-0.036,-0.003
-0.035,-0.004
-0.034,-0.003
-0.034,-0.003
-0.033,-0.003
-0.031,-0.003
-0.032,-0.003
-0.030,-0.002
-0.029,-0.001
-0.029,-0.001
-0.028,-0.001
-0.028,-0.001
-0.028,-0.002
-0.027,-0.001
-0.027,-0.002
-0.027,-0.002
-0.025,-0.002
-0.025,-0.003
-0.026,-0.003
-0.023,-0.003
-0.023,-0.002
-0.022,-0.002
-0.020,-0.002
-0.020,-0.002
-0.021,-0.002
-0.018,-0.002
-0.020,-0.003
-0.020,-0.003
-0.018,-0.003
-0.020,-0.002
-0.018,-0.002
-0.016,-0.001
-0.017,-0.001
-0.016,-0.000
-0.013,0.000
-0.014,0.000
-0.013,0.000
-0.011,-0.000
-0.012,-0.001
-0.013,0.000
-0.012,-0.001
-0.012,-0.001
-0.012,-0.001
-0.011,-0.002
-0.011,-0.002
-0.013,-0.001
-0.010,-0.002
-0.010,-0.001
-0.010,-0.000
-0.007,-0.001
-0.008,0.000
-0.007,0.000
-0.004,0.001
-0.006,0.000
-0.005,0.001
-0.003,0.000
-0.005,0.001
-0.004,0.002
-0.003,0.003
-0.005,0.005
-0.004,0.004
-0.003,0.004
-0.005,0.005
-0.005,0.004
-0.002,0.004
-0.005,0.004
-0.003,0.003
-0.002,0.003
-0.004,0.004
-0.003,0.004
-0.002,0.004
-0.004,0.005
-0.003,0.004
-0.000,0.005
-0.001,0.004
-0.000,0.002
0.002,0.002
-0.000,0.002
0.002,0.001
0.003,0.001
0.000,0.002
0.002,0.001
0.003,0.002
0.002,0.000
0.003,-0.001
0.004,-0.001
0.003,-0.003
0.004,-0.002
0.004,-0.001
0.003,0.000
0.004,0.001
0.004,0.002
0.003,0.000
0.004,0.001
0.005,0.001
0.005,-0.001
0.008,-0.000
0.006,-0.000
0.008,-0.002
0.009,-0.001
0.007,-0.002
0.007,-0.003
0.007,-0.002
0.006,-0.001
0.006,-0.002
0.008,-0.000
0.006,-0.001
0.007,-0.003
0.009,-0.002
0.007,-0.002
0.009,-0.004
0.010,-0.003
0.009,-0.002
0.010,-0.004
0.011,-0.002
0.010,-0.003
0.011,-0.003
0.011,-0.002
0.010,-0.003
0.011,-0.005
0.011,-0.004
0.010,-0.005
0.011,-0.005
0.011,-0.004
0.012,-0.005
0.010,-0.004
0.011,-0.004
0.012,-0.004
0.012,-0.004
0.013,-0.005
0.014,-0.007
0.014,-0.008
0.015,-0.007
0.015,-0.009
0.015,-0.007
0.015,-0.006
0.014,-0.007
0.014,-0.006
0.014,-0.006
0.013,-0.007
0.013,-0.007
0.015,-0.007
0.015,-0.008
0.015,-0.009
0.017,-0.009
0.017,-0.010
0.017,-0.011
0.018,-0.011
0.016,-0.012
0.016,-0.014
0.018,-0.015
0.017,-0.014
0.017,-0.015
0.019,-0.014
0.018,-0.014
0.018,-0.014
0.020,-0.014
0.019,-0.014
0.020,-0.014
0.021,-0.013
0.021,-0.012
0.020,-0.013
0.020,-0.011
0.021,-0.011
0.021,-0.011
0.021,-0.011
0.021,-0.012
0.022,-0.013
0.022,-0.013
0.021,-0.015
0.022,-0.014
0.022,-0.013
0.022,-0.013
0.022,-0.013
0.023,-0.010
0.023,-0.010
0.023,-0.010
0.023,-0.009
0.023,-0.010
0.024,-0.010
0.023,-0.010
0.023,-0.011
0.024,-0.012
0.025,-0.012
0.025,-0.013
0.027,-0.011
0.027,-0.010
0.027,-0.010
0.029,-0.011
0.029,-0.011
0.029,-0.011
0.029,-0.013
0.030,-0.012
0.029,-0.013
0.030,-0.012
0.029,-0.010
0.029,-0.011
0.030,-0.011
0.030,-0.009
0.030,-0.009
0.031,-0.009
0.031,-0.006
0.032,-0.006
0.033,-0.006
0.034,-0.005
0.034,-0.005
0.036,-0.004
0.036,-0.003
0.036,-0.003
0.036,-0.003
0.036,-0.003
0.037,-0.004
0.036,-0.004
0.036,-0.004
0.036,-0.004
0.038,-0.004
0.038,-0.005
0.039,-0.006
0.040,-0.006
0.040,-0.005
0.042,-0.005
0.042,-0.005
0.042,-0.003
0.042,-0.004
0.042,-0.003
0.040,-0.002
0.041,-0.003
0.041,-0.002
0.041,-0.003
0.042,-0.004
0.041,-0.005
0.042,-0.006
0.043,-0.009
0.041,-0.008
0.042,-0.009
0.043,-0.009
0.041,-0.008
0.041,-0.008
0.043,-0.008
0.041,-0.007
0.043,-0.008
0.044,-0.008
0.042,-0.008
0.044,-0.010
0.044,-0.009
0.042,-0.007
0.043,-0.010
0.044,-0.009
0.042,-0.009
0.044,-0.011
0.044,-0.010
0.042,-0.010
0.044,-0.012
0.043,-0.011
0.041,-0.010
0.044,-0.011
0.042,-0.010
0.041,-0.009
0.043,-0.009
0.042,-0.009
0.041,-0.009
0.043,-0.008
0.044,-0.008
0.043,-0.008
0.045,-0.009
0.044,-0.009
0.044,-0.010
0.046,-0.008
0.044,-0.009
0.045,-0.008
0.048,-0.006
0.046,-0.007
0.047,-0.007
0.048,-0.008
0.048,-0.010
0.047,-0.010
0.048,-0.011
0.049,-0.010
0.048,-0.010
0.049,-0.009
0.050,-0.010
0.049,-0.009
0.050,-0.009
0.050,-0.010
0.050,-0.009
0.050,-0.011
0.051,-0.011
0.050,-0.010
0.051,-0.008
0.052,-0.008
0.051,-0.005
0.052,-0.005
0.051,-0.005
0.051,-0.004
0.052,-0.006
0.052,-0.006
0.051,-0.006
0.053,-0.007
0.054,-0.009
0.053,-0.009
0.055,-0.010
0.055,-0.010
0.055,-0.009
0.056,-0.009
0.055,-0.008
0.056,-0.007
0.057,-0.006
0.056,-0.006
0.056,-0.006
0.058,-0.005
0.056,-0.004
0.056,-0.003
0.057,-0.002
0.055,-0.002
0.057,-0.002
0.058,-0.001
0.058,0.000
0.058,0.001
0.061,0.000
0.060,-0.001
0.060,0.001
0.063,-0.000
0.062,0.000
0.061,0.000
0.064,-0.001
0.063,-0.002
0.063,-0.002
0.065,-0.002
0.064,-0.000
0.064,0.001
0.066,0.000
0.066,0.001
0.068,0.002
0.071,0.001
0.069,0.003
0.071,0.003
0.072,0.003
0.071,0.003
0.072,0.002
0.075,0.001
0.073,0.001
0.075,-0.001
0.076,-0.002
0.075,0.000
0.079,-0.001
0.080,0.000
0.078,0.001
0.081,0.000
0.082,0.001
0.081,0.002
0.083,-0.000
0.086,0.001
0.084,0.002
0.087,0.001
0.087,0.003
0.086,0.003
0.091,0.003
0.090,0.006
0.089,0.005
0.092,0.006
0.091,0.007
0.090,0.006
0.094,0.006
0.091,0.004
0.092,0.002
0.095,0.002
0.093,0.004
0.095,0.002
0.098,0.002
0.097,0.004
0.097,0.002
0.101,0.003
0.097,0.004
0.099,0.002
0.102,0.001
0.101,-0.000
0.102,-0.001
0.103,-0.001
0.101,-0.000
0.102,-0.001
0.104,0.001
0.101,0.002
0.102,0.003
0.104,0.005
0.101,0.007
0.101,0.007
0.102,0.008
0.103,0.008
0.104,0.009
0.105,0.010
0.104,0.009
0.105,0.009
0.108,0.008
0.105,0.005
0.107,0.003
0.109,0.004
0.107,0.002
0.107,0.003
0.106,0.003
0.106,0.004
0.107,0.005
0.107,0.004
0.105,0.002
0.107,0.002
0.108,0.002
0.107,-0.000
0.109,-0.000
0.108,-0.000
0.107,-0.001
0.106,-0.002
0.107,-0.003
0.106,-0.004
0.106,-0.002
0.106,-0.002
0.105,-0.001
0.104,0.001
0.105,0.004
0.105,0.004
0.106,0.004
0.108,0.004
0.106,0.003
0.108,0.005
0.107,0.004
0.106,0.005
0.106,0.005
0.105,0.005
0.105,0.004
0.104,0.004
0.103,0.004
0.102,0.003
0.105,0.004
0.103,0.004
0.103,0.006
0.103,0.009
0.100,0.009
0.101,0.009
0.102,0.008
0.100,0.006
0.101,0.004
0.101,0.006
0.100,0.006
0.100,0.003
0.102,0.004
0.101,0.004
0.100,0.003
0.100,0.003
0.099,0.004
0.099,0.005
0.099,0.004
0.099,0.004
0.098,0.004
0.100,0.006
0.097,0.005
0.098,0.005
0.099,0.006
0.099,0.005
0.099,0.006
0.100,0.005
0.099,0.005
0.099,0.006
0.100,0.007
0.100,0.007
0.101,0.007
0.101,0.008
0.100,0.009
0.100,0.008
0.101,0.007
0.101,0.008
0.102,0.008
0.103,0.008
0.103,0.009
0.102,0.010
0.105,0.010
0.104,0.010
0.104,0.011
0.105,0.012
0.105,0.013
0.105,0.011
0.107,0.012
0.107,0.011
0.107,0.011
0.109,0.011
0.107,0.014
0.108,0.015
0.108,0.016
0.108,0.018
0.108,0.018
0.110,0.018
0.108,0.019
0.108,0.019
0.111,0.018
0.110,0.018
0.111,0.017
0.112,0.015
0.111,0.014
0.112,0.012
0.113,0.012
0.112,0.013
0.114,0.013
0.114,0.014
0.113,0.014
0.115,0.015
0.115,0.015
0.115,0.016
0.117,0.016
0.117,0.017
0.117,0.015
0.119,0.014
0.119,0.014
0.119,0.013
0.120,0.012
0.119,0.012
0.119,0.010
0.121,0.011
0.119,0.012
0.119,0.010
0.120,0.011
0.119,0.012
0.119,0.012
0.120,0.013
0.119,0.013
0.119,0.013
0.121,0.015
0.119,0.015
0.118,0.015
0.119,0.017
0.118,0.017
0.118,0.015
0.118,0.016
0.117,0.017
0.116,0.015
0.117,0.016
0.115,0.015
0.116,0.016
0.117,0.017
0.116,0.016
0.117,0.015
0.117,0.015
0.116,0.014
0.117,0.015
0.117,0.017
0.117,0.019
0.116,0.021
0.117,0.023
0.116,0.024
0.117,0.023
0.116,0.024
0.116,0.023
0.116,0.021
0.115,0.021
0.115,0.020
0.116,0.019
0.115,0.019
0.114,0.018
0.116,0.019
0.116,0.019
0.115,0.019
0.116,0.019
0.118,0.022
0.117,0.022
0.117,0.022
0.118,0.023
0.118,0.023
0.119,0.022
0.119,0.023
0.117,0.020
0.118,0.019
0.117,0.021
0.118,0.020
0.117,0.021
0.117,0.023
0.117,0.023
0.116,0.024
0.116,0.025
0.116,0.026
0.116,0.026
0.114,0.027
0.114,0.026
0.115,0.026
0.114,0.025
0.115,0.022
0.114,0.023
0.114,0.022
0.115,0.021
0.115,0.020
0.115,0.020
0.115,0.021
0.115,0.021
0.114,0.021
0.115,0.022
0.115,0.022
0.115,0.023
0.114,0.023
0.114,0.023
0.114,0.023
0.114,0.024
0.113,0.025
0.115,0.026
0.114,0.027
0.114,0.028
0.115,0.030
0.114,0.031
0.114,0.030
0.115,0.031
0.114,0.031
0.114,0.030
0.113,0.031
0.113,0.032
0.113,0.032
0.114,0.033
0.113,0.033
0.113,0.032
0.113,0.033
0.112,0.032
0.112,0.032
0.111,0.035
0.111,0.034
0.111,0.035
0.110,0.037
0.111,0.036
0.111,0.036
0.113,0.037
0.112,0.036
0.113,0.036
0.114,0.037
0.115,0.037
0.115,0.037
0.115,0.038
0.116,0.037
0.115,0.038
0.115,0.038
0.117,0.038
0.117,0.039
0.118,0.038
0.119,0.038
0.118,0.039
0.120,0.040
0.121,0.039
0.120,0.040
0.121,0.040
0.124,0.039
0.123,0.040
0.125,0.037
0.127,0.038
0.125,0.038
0.127,0.037
0.128,0.036
0.127,0.038
0.129,0.036
0.130,0.036
0.128,0.038
0.131,0.036
0.132,0.036
0.131,0.036
0.133,0.036
0.134,0.036
0.134,0.037
0.136,0.037
0.136,0.037
0.135,0.040
0.137,0.038
0.137,0.037
0.135,0.038
0.137,0.036
0.138,0.036
0.136,0.036
0.137,0.035
0.137,0.036
0.136,0.036
0.137,0.035
0.137,0.035
0.135,0.036
0.137,0.035
0.137,0.035
0.136,0.035
0.138,0.036
0.138,0.036
0.136,0.038
0.139,0.039
0.138,0.040
0.137,0.040
0.138,0.039
0.138,0.039
0.137,0.039
0.138,0.039
0.138,0.040
0.137,0.040
0.138,0.040
0.136,0.040
0.134,0.040
0.135,0.040
0.133,0.041
0.131,0.042
0.132,0.041
0.131,0.042
0.130,0.041
0.132,0.042
0.131,0.042
0.130,0.043
0.130,0.043
0.128,0.043
0.128,0.043
0.128,0.041
0.126,0.040
0.126,0.039
0.126,0.039
0.124,0.037
0.123,0.037
0.124,0.037
0.122,0.038
0.122,0.039
0.123,0.039
0.121,0.040
0.121,0.042
0.122,0.042
0.120,0.041
0.120,0.040
0.121,0.041
0.118,0.041
0.119,0.041
0.118,0.043
0.116,0.044
0.116,0.045
0.115,0.045
0.114,0.047
0.113,0.046
0.112,0.046
0.111,0.046
0.112,0.047
0.113,0.048
0.111,0.048
0.112,0.049
0.112,0.049
0.112,0.049
0.112,0.049
0.113,0.049
0.112,0.048
0.113,0.049
0.113,0.047
0.111,0.047
0.112,0.047
0.112,0.045
0.111,0.045
0.111,0.045
0.111,0.045
0.111,0.045
0.111,0.047
0.112,0.047
0.111,0.047
0.112,0.048
0.112,0.046
0.111,0.047
0.111,0.049
0.112,0.049
0.110,0.050
0.110,0.051
0.111,0.051
0.110,0.053
0.111,0.054
0.112,0.054
0.111,0.056
0.112,0.056
0.112,0.057
0.112,0.058
0.114,0.058
0.115,0.057
0.113,0.058
0.115,0.058
0.116,0.058
0.114,0.060
0.116,0.058
0.116,0.057
0.114,0.057
0.116,0.054
0.117,0.054
0.114,0.053
0.117,0.053
0.116,0.053
0.114,0.052
0.117,0.052
0.115,0.054
0.114,0.054
0.117,0.055
0.117,0.058
0.116,0.058
0.119,0.059
0.116,0.060
0.116,0.058
0.120,0.058
0.117,0.059
0.118,0.058
0.121,0.056
0.118,0.056
0.118,0.054
0.118,0.052
0.116,0.053
0.115,0.053
0.117,0.054
0.114,0.056
0.113,0.058
0.115,0.060
0.112,0.061
0.112,0.060
0.114,0.060
0.112,0.060
0.112,0.058
0.114,0.057
0.112,0.056
0.111,0.054
0.112,0.052
0.109,0.053
0.110,0.054
0.110,0.054
0.109,0.055
0.108,0.056
0.110,0.056
0.108,0.057
0.108,0.057
0.109,0.056
0.106,0.056
0.106,0.056
0.106,0.056
0.104,0.057
0.104,0.056
0.105,0.058
0.102,0.057
0.104,0.057
0.103,0.058
0.101,0.058
0.102,0.059
0.102,0.061
0.100,0.062
0.101,0.063
0.101,0.065
0.098,0.064
0.099,0.064
0.098,0.064
0.097,0.063
0.099,0.063
0.098,0.064
0.097,0.065
0.098,0.065
0.098,0.066
0.096,0.065
0.097,0.065
0.096,0.064
0.095,0.063
0.097,0.064
0.095,0.064
0.094,0.063
0.095,0.063
0.093,0.064
0.093,0.062
0.093,0.063
0.091,0.064
0.091,0.062
0.092,0.064
0.090,0.063
0.090,0.062
0.091,0.064
0.088,0.065
0.089,0.064
0.088,0.067
0.086,0.067
0.087,0.067
0.088,0.067
0.086,0.066
0.086,0.066
0.086,0.066
0.084,0.064
0.085,0.064
0.084,0.066
0.084,0.066
0.082,0.067
0.083,0.067
0.083,0.067
0.082,0.067
0.082,0.067
0.081,0.067
0.081,0.069
0.082,0.070
0.080,0.071
0.081,0.071
0.082,0.071
0.081,0.069
0.080,0.068
0.080,0.067
0.080,0.066
0.078,0.066
0.078,0.065
0.078,0.066
0.077,0.068
0.078,0.067
0.077,0.066
0.077,0.065
0.078,0.064
0.076,0.063
0.076,0.064
0.078,0.064
0.076,0.065
0.076,0.066
0.078,0.066
0.077,0.068
0.077,0.068
0.078,0.067
0.077,0.067
0.077,0.068
0.079,0.068
0.077,0.070
0.077,0.070
0.078,0.070
0.076,0.071
0.076,0.071
0.076,0.071
0.075,0.070
0.075,0.071
0.075,0.070
0.074,0.069
0.074,0.070
0.075,0.069
0.074,0.069
0.076,0.069
0.075,0.071
0.075,0.071
0.075,0.073
0.074,0.075
0.073,0.076
0.074,0.076
0.073,0.075
0.073,0.075
0.075,0.074
0.073,0.074
0.073,0.072
0.075,0.071
0.073,0.071
0.073,0.068
0.074,0.068
0.073,0.068
0.073,0.068
0.074,0.069
0.073,0.070
0.073,0.070
0.075,0.071
0.073,0.072
0.073,0.071
0.075,0.072
0.073,0.071
0.072,0.070
0.074,0.070
0.072,0.069
0.072,0.068
0.074,0.069
0.071,0.070
0.071,0.070
0.072,0.073
0.071,0.074
0.070,0.074
0.071,0.075
0.071,0.076
0.070,0.074
0.071,0.075
0.070,0.075
0.071,0.074
0.071,0.074
0.071,0.074
0.070,0.074
0.072,0.075
0.070,0.074
0.070,0.073
0.070,0.074
0.067,0.075
0.068,0.074
0.067,0.076
0.066,0.077
0.067,0.079
0.067,0.081
0.065,0.080
0.066,0.080
0.067,0.081
0.065,0.080
0.066,0.079
0.066,0.078
0.065,0.077
0.066,0.074
0.066,0.074
0.064,0.073
0.064,0.074
0.065,0.074
0.063,0.074
0.063,0.075
0.063,0.076
0.062,0.075
0.062,0.075
0.062,0.076
0.062,0.076
0.062,0.076
0.063,0.076
0.061,0.075
0.062,0.076
0.063,0.076
0.062,0.077
0.063,0.079
0.063,0.080
0.062,0.079
0.062,0.078
0.062,0.078
0.062,0.076
0.062,0.077
0.061,0.078
0.062,0.078
0.062,0.079
0.062,0.078
0.062,0.077
0.062,0.078
0.063,0.078
0.062,0.077
0.062,0.078
0.061,0.078
0.060,0.075
0.061,0.076
0.059,0.075
0.059,0.075
0.059,0.076
0.059,0.077
0.058,0.078
0.058,0.080
0.058,0.079
0.058,0.080
0.058,0.080
0.058,0.079
0.058,0.079
0.057,0.079
0.057,0.079
0.056,0.079
0.055,0.078
0.056,0.077
0.054,0.077
0.054,0.077
0.054,0.077
0.052,0.078
0.053,0.078
0.053,0.079
0.052,0.079
0.051,0.079
0.052,0.080
0.050,0.079
0.050,0.079
0.050,0.080
0.049,0.079
0.050,0.078
0.049,0.077
0.048,0.078
0.050,0.079
0.050,0.080
0.049,0.079
0.050,0.081
0.049,0.081
0.049,0.079
0.051,0.078
0.049,0.078
0.050,0.077
0.051,0.077
0.050,0.078
0.051,0.076
0.051,0.075
0.051,0.075
0.051,0.072
0.052,0.073
0.051,0.073
0.052,0.071
0.052,0.071
0.051,0.070
0.052,0.067
0.052,0.066
0.050,0.065
0.052,0.064
0.053,0.065
0.051,0.065
0.051,0.065
0.051,0.068
0.049,0.067
0.050,0.067
0.049,0.067
0.049,0.064
0.050,0.062
0.049,0.062
0.049,0.060
0.050,0.061
0.049,0.062
0.049,0.062
0.050,0.063
0.049,0.065
0.050,0.063
0.051,0.064
0.049,0.067
0.050,0.066
0.049,0.067
0.048,0.067
0.047,0.064
0.047,0.064
0.045,0.064
0.045,0.062
0.045,0.062
0.043,0.062
0.044,0.060
0.042,0.060
0.042,0.061
0.043,0.062
0.043,0.062
0.041,0.063
0.042,0.064
0.042,0.064
0.042,0.065
0.042,0.064
0.040,0.064
0.040,0.063
0.039,0.062
0.039,0.062
0.039,0.061
0.038,0.062
0.038,0.062
0.038,0.062
0.038,0.063
0.037,0.062
0.036,0.062
0.036,0.060
0.035,0.061
0.035,0.061
0.035,0.060
0.035,0.061
0.035,0.061
0.035,0.061
0.035,0.061
0.035,0.062
0.036,0.062
0.036,0.063
0.036,0.064
0.036,0.064
0.036,0.065
0.036,0.066
0.036,0.065
0.036,0.066
0.035,0.066
0.035,0.065
0.033,0.065
0.034,0.065
0.034,0.065
0.032,0.066
0.033,0.065
0.033,0.067
0.032,0.067
0.033,0.065
0.033,0.064
0.031,0.064
0.032,0.062
0.031,0.061
0.029,0.062
0.029,0.062
0.028,0.063
0.026,0.064
0.026,0.063
0.026,0.064
0.024,0.062
0.026,0.061
0.026,0.059
0.024,0.059
0.023,0.058
0.022,0.058
0.021,0.059
0.022,0.060
0.021,0.059
0.019,0.060
0.019,0.061
0.018,0.060
0.017,0.060
0.017,0.060
0.017,0.058
0.017,0.058
0.018,0.056
0.016,0.055
0.016,0.055
0.015,0.055
0.014,0.054
0.014,0.056
0.012,0.059
0.011,0.059
0.010,0.062
0.009,0.061
0.008,0.061
0.008,0.061
0.008,0.059
0.007,0.058
0.006,0.059
0.005,0.059
0.007,0.057
0.004,0.060
0.004,0.060
0.003,0.059
0.001,0.060
0.001,0.059
0.001,0.058
0.000,0.060
0.001,0.059
-0.001,0.059
-0.003,0.062
-0.003,0.059
-0.004,0.059
-0.005,0.060
-0.005,0.057
-0.005,0.057
-0.007,0.059
-0.007,0.059
-0.007,0.059
-0.009,0.060
-0.009,0.057
-0.010,0.060
-0.012,0.061
-0.011,0.059
-0.010,0.060
-0.012,0.059
-0.010,0.058
-0.010,0.058
-0.013,0.059
-0.010,0.058
-0.011,0.058
-0.012,0.057
-0.010,0.056
-0.014,0.057
-0.014,0.057
-0.013,0.056
-0.016,0.057
-0.016,0.057
-0.013,0.057
-0.015,0.058
-0.014,0.056
-0.013,0.057
-0.017,0.057
-0.012,0.053
-0.012,0.054
-0.015,0.053
-0.014,0.052
-0.013,0.053
-0.015,0.053
-0.014,0.051
-0.011,0.053
-0.014,0.054
-0.011,0.053
-0.012,0.056
-0.015,0.055
-0.012,0.054
-0.011,0.055
-0.014,0.053
-0.012,0.050
-0.012,0.049
-0.014,0.047
-0.011,0.045
-0.012,0.045
-0.012,0.045
-0.010,0.046
-0.011,0.047
-0.011,0.048
-0.008,0.049
-0.008,0.049
-0.008,0.050
-0.005,0.050
-0.007,0.050
-0.006,0.050
-0.004,0.048
-0.006,0.048
-0.004,0.046
-0.005,0.047
-0.005,0.046
-0.007,0.045
-0.005,0.046
-0.004,0.046
-0.006,0.046
-0.003,0.046
-0.005,0.045
-0.006,0.046
-0.006,0.046
-0.005,0.044
-0.007,0.044
-0.006,0.043
-0.007,0.043
-0.008,0.044
-0.006,0.044
-0.008,0.043
-0.006,0.045
-0.006,0.045
-0.007,0.046
-0.008,0.048
-0.007,0.047
-0.006,0.047
-0.007,0.046
-0.007,0.044
-0.009,0.043
-0.009,0.044
-0.009,0.044
-0.010,0.043
-0.010,0.042
-0.010,0.042
-0.010,0.042
-0.011,0.041
-0.011,0.039
-0.012,0.037
-0.011,0.037
-0.011,0.036
-0.012,0.036
-0.013,0.037
-0.012,0.038
-0.014,0.039
-0.015,0.040
-0.013,0.042
-0.015,0.042
-0.015,0.043
-0.014,0.043
-0.016,0.044
-0.015,0.044
-0.014,0.044
-0.015,0.044
-0.016,0.045
-0.014,0.044
-0.017,0.044
-0.017,0.043
-0.017,0.041
-0.019,0.039
-0.019,0.038
-0.020,0.037
-0.021,0.038
-0.022,0.039
-0.022,0.039
-0.022,0.040
-0.023,0.043
-0.022,0.041
-0.024,0.041
-0.024,0.042
-0.024,0.041
-0.026,0.042
-0.026,0.042
-0.026,0.042
-0.028,0.043
-0.027,0.046
-0.027,0.046
-0.028,0.047
-0.028,0.047
-0.026,0.047
-0.028,0.047
-0.028,0.046
-0.028,0.045
-0.031,0.044
-0.031,0.043
-0.030,0.041
-0.032,0.042
-0.030,0.042
-0.029,0.040
-0.032,0.043
-0.029,0.042
-0.028,0.043
-0.031,0.044
-0.029,0.044
-0.028,0.046
-0.030,0.046
-0.027,0.046
-0.026,0.046
-0.028,0.046
-0.026,0.043
-0.025,0.043
-0.028,0.043
-0.026,0.042
-0.025,0.043
-0.027,0.043
-0.025,0.043
-0.025,0.044
-0.027,0.043
-0.024,0.043
-0.025,0.044
-0.025,0.043
-0.022,0.043
-0.024,0.044
-0.024,0.042
-0.022,0.042
-0.023,0.042
-0.023,0.040
-0.020,0.042
-0.023,0.043
-0.023,0.042
-0.020,0.043
-0.023,0.045
-0.022,0.044
-0.020,0.045
-0.023,0.045
-0.022,0.044
-0.019,0.044
-0.023,0.044
-0.022,0.043
-0.020,0.045
-0.023,0.045
-0.023,0.043
-0.022,0.042
-0.024,0.041
-0.024,0.037
-0.022,0.036
-0.024,0.035
-0.023,0.035
-0.022,0.036
-0.025,0.037
-0.024,0.038
-0.022,0.039
-0.025,0.037
-0.024,0.037
-0.024,0.037
-0.026,0.036
-0.026,0.037
-0.025,0.036
-0.026,0.035
-0.026,0.034
-0.025,0.033
-0.026,0.032
-0.025,0.031
-0.024,0.032
-0.025,0.031
-0.025,0.032
-0.023,0.034
-0.024,0.032
-0.023,0.034
-0.022,0.032
-0.023,0.030
-0.023,0.030
-0.022,0.028
-0.023,0.026
-0.023,0.026
-0.022,0.027
-0.023,0.027
-0.022,0.028
-0.021,0.028
-0.022,0.027
-0.022,0.027
-0.022,0.025
-0.022,0.025
-0.022,0.025
-0.021,0.025
-0.022,0.025
-0.022,0.027
-0.020,0.026
-0.022,0.026
-0.021,0.027
-0.020,0.026
-0.021,0.026
-0.021,0.025
-0.020,0.026
-0.022,0.026
-0.022,0.027
-0.022,0.026
-0.023,0.027
-0.023,0.025
-0.023,0.024
-0.024,0.024
-0.023,0.023
-0.022,0.022
-0.025,0.021
-0.025,0.020
-0.024,0.020
-0.027,0.020
-0.026,0.019
-0.026,0.018
-0.028,0.018
-0.028,0.017
-0.029,0.016
-0.030,0.015
-0.029,0.014
-0.029,0.013
-0.031,0.013
-0.031,0.013
-0.031,0.013
-0.033,0.014
-0.031,0.014
-0.033,0.015
-0.033,0.015
-0.032,0.015
-0.034,0.015
-0.036,0.015
-0.035,0.017
-0.038,0.017
-0.039,0.016
-0.037,0.017
-0.041,0.017
-0.041,0.016
-0.040,0.016
-0.043,0.017
-0.044,0.017
-0.042,0.018
-0.045,0.018
-0.045,0.017
-0.043,0.018
-0.045,0.017
-0.046,0.017
-0.045,0.017
-0.047,0.018
-0.048,0.017
-0.047,0.019
-0.049,0.021
-0.049,0.020
-0.048,0.023
-0.050,0.024
-0.048,0.023
-0.048,0.023
-0.048,0.022
-0.047,0.021
-0.046,0.020
-0.047,0.019
-0.047,0.017
-0.045,0.017
-0.048,0.018
-0.046,0.016
-0.045,0.017
-0.048,0.016
-0.046,0.014
-0.045,0.014
-0.047,0.013
-0.046,0.013
-0.044,0.015
-0.045,0.015
-0.043,0.015
-0.042,0.016
-0.043,0.016
-0.041,0.017
-0.040,0.016
-0.041,0.016
-0.039,0.015
-0.039,0.015
-0.040,0.014
-0.039,0.015
-0.038,0.015
-0.038,0.013
-0.036,0.014
-0.036,0.014
-0.035,0.013
-0.035,0.012
-0.035,0.011
-0.034,0.010
-0.033,0.010
-0.033,0.010
-0.032,0.009
-0.031,0.011
-0.031,0.011
-0.031,0.011
-0.029,0.014
-0.030,0.015
-0.028,0.014
-0.028,0.015
-0.028,0.015
-0.027,0.012
-0.026,0.014
-0.026,0.013
-0.025,0.012
-0.024,0.013
-0.023,0.011
-0.023,0.011
-0.022,0.012
-0.021,0.013
-0.022,0.014
-0.021,0.016
-0.020,0.015
-0.020,0.015
-0.019,0.015
-0.017,0.013
-0.017,0.013
-0.016,0.014
-0.016,0.013
-0.016,0.015
-0.015,0.015
-0.014,0.016
-0.015,0.017
-0.013,0.017
-0.013,0.018
-0.013,0.018
-0.013,0.017
-0.013,0.016
-0.014,0.016
-0.013,0.015
-0.013,0.013
-0.013,0.011
-0.013,0.011
-0.013,0.011
-0.015,0.010
-0.014,0.011
-0.015,0.012
-0.016,0.012
-0.016,0.012
-0.016,0.014
-0.017,0.014
-0.016,0.015
-0.017,0.016
-0.018,0.015
-0.016,0.016
-0.017,0.016
-0.016,0.015
-0.016,0.013
-0.016,0.013
-0.016,0.012
-0.016,0.011
-0.016,0.010
-0.016,0.009
-0.016,0.010
-0.018,0.009
-0.018,0.008
-0.018,0.009
-0.019,0.008
-0.020,0.006
-0.021,0.007
-0.022,0.006
-0.022,0.006
-0.023,0.008
-0.024,0.007
-0.023,0.007
-0.024,0.006
-0.025,0.004
-0.024,0.004
-0.026,0.005
-0.027,0.002
-0.027,0.003
-0.029,0.005
-0.030,0.004
-0.031,0.005
-0.032,0.006
-0.033,0.005
-0.032,0.006
-0.033,0.007
-0.034,0.005
-0.034,0.004
-0.034,0.006
-0.034,0.005
-0.035,0.006
-0.035,0.007
-0.036,0.007
-0.035,0.007
-0.036,0.006
-0.036,0.004
-0.036,0.004
-0.036,0.005
-0.037,0.004
-0.037,0.005
-0.038,0.007
-0.038,0.006
-0.037,0.008
-0.037,0.009
-0.036,0.007
-0.036,0.007
-0.036,0.006
-0.035,0.004
-0.035,0.004
-0.036,0.004
-0.035,0.003
-0.035,0.004
-0.034,0.003
-0.034,0.002
-0.034,0.002
-0.034,0.002
-0.032,0.002
-0.033,0.004
-0.032,0.004
-0.031,0.004
-0.032,0.007
-0.030,0.007
-0.029,0.007
-0.031,0.009
-0.029,0.007
-0.028,0.007
-0.030,0.008
-0.028,0.006
-0.027,0.006
-0.030,0.006
-0.027,0.005
-0.027,0.004
-0.029,0.005
-0.026,0.003
-0.025,0.002
-0.027,0.002
-0.024,0.000
-0.024,-0.001
-0.026,0.000
-0.023,-0.002
-0.023,-0.001
-0.024,0.000
-0.022,-0.000
-0.021,0.001
-0.023,0.000
-0.022,-0.001
-0.021,-0.002
-0.022,-0.002
-0.018,-0.003
-0.018,-0.003
-0.019,-0.004
-0.015,-0.004
-0.014,-0.003
-0.015,-0.003
-0.014,-0.003
-0.014,-0.003
-0.014,-0.002
-0.013,-0.003
-0.013,-0.003
-0.014,-0.003
-0.012,-0.004
-0.012,-0.003
-0.011,-0.002
-0.010,-0.001
-0.010,-0.001
-0.010,-0.002
-0.009,-0.001
-0.009,-0.002
-0.009,-0.002
-0.007,-0.002
-0.007,-0.002
-0.005,-0.002
-0.004,-0.002
-0.004,-0.002
-0.004,-0.003
-0.004,-0.003
-0.004,-0.004
-0.003,-0.003
-0.004,-0.003
-0.005,-0.003
-0.003,-0.003
-0.003,-0.004
-0.003,-0.005
-0.003,-0.004
-0.002,-0.003
-0.002,-0.003
-0.002,-0.002
-0.001,-0.001
-0.002,-0.003
-0.001,-0.003
-0.002,-0.005
-0.002,-0.007
-0.001,-0.006
-0.001,-0.007
0.000,-0.008
0.000,-0.008
0.001,-0.008
0.001,-0.008
0.003,-0.008
0.002,-0.009
0.002,-0.010
0.003,-0.009
0.004,-0.010
0.005,-0.011
0.003,-0.010
0.004,-0.012
0.004,-0.012
0.004,-0.012
0.003,-0.012
0.003,-0.012
0.004,-0.011
0.004,-0.012
0.005,-0.011
0.005,-0.010
0.006,-0.010
0.007,-0.010
0.006,-0.008
0.007,-0.009
0.006,-0.008
0.006,-0.007
0.006,-0.009
0.006,-0.010
0.005,-0.010
0.006,-0.012
0.005,-0.012
0.004,-0.012
0.006,-0.011
0.006,-0.009
0.007,-0.008
0.007,-0.008
0.007,-0.005
0.008,-0.005
0.009,-0.006
0.008,-0.006
0.007,-0.007
0.009,-0.008
0.008,-0.007
0.009,-0.008
0.009,-0.008
0.008,-0.006
0.010,-0.007
0.011,-0.006
0.010,-0.004
0.011,-0.006
0.013,-0.006
0.012,-0.004
0.014,-0.006
0.015,-0.006
0.014,-0.004
0.015,-0.005
0.016,-0.005
0.014,-0.004
0.016,-0.006
0.017,-0.005
0.015,-0.006
0.017,-0.007
0.018,-0.007
0.018,-0.007
0.020,-0.008
0.020,-0.009
0.019,-0.009
0.020,-0.011
0.021,-0.011
0.020,-0.011
0.021,-0.012
0.020,-0.013
0.018,-0.011
0.020,-0.010
0.020,-0.009
0.019,-0.008
0.021,-0.007
0.022,-0.007
0.021,-0.007
0.021,-0.009
0.021,-0.009
0.021,-0.010
0.022,-0.012
0.021,-0.012
0.022,-0.011
0.023,-0.012
0.023,-0.011
0.023,-0.011
0.025,-0.011
0.024,-0.012
0.023,-0.011
0.025,-0.012
0.024,-0.011
0.024,-0.012
0.024,-0.012
0.024,-0.011
0.025,-0.010
0.026,-0.010
0.026,-0.009
0.027,-0.008
0.028,-0.007
0.028,-0.008
0.028,-0.008
0.029,-0.008
0.027,-0.007
0.028,-0.008
0.029,-0.007
0.029,-0.007
0.029,-0.007
0.030,-0.008
0.030,-0.009
0.030,-0.008
0.031,-0.009
0.031,-0.011
0.031,-0.010
0.031,-0.011
0.032,-0.011
0.031,-0.011
0.031,-0.011
0.031,-0.010
0.033,-0.010
0.032,-0.012
0.032,-0.012
0.033,-0.012
0.033,-0.013
0.034,-0.012
0.034,-0.012
0.034,-0.011
0.034,-0.011
0.034,-0.011
0.035,-0.010
0.035,-0.009
0.036,-0.008
0.036,-0.006
0.035,-0.005
0.036,-0.004
0.037,-0.005
0.036,-0.006
0.038,-0.009
0.038,-0.010
0.037,-0.010
0.040,-0.011
0.039,-0.010
0.037,-0.008
0.039,-0.008
0.039,-0.007
0.038,-0.007
0.039,-0.008
0.040,-0.010
0.039,-0.010
0.040,-0.010
0.041,-0.011
0.040,-0.011
0.041,-0.011
0.040,-0.012
0.040,-0.009
0.040,-0.008
0.039,-0.007
0.038,-0.006
0.039,-0.005
0.040,-0.006
0.039,-0.006
0.041,-0.006
0.042,-0.008
0.041,-0.007
0.043,-0.008
0.043,-0.008
0.041,-0.007
0.041,-0.009
0.042,-0.010
0.039,-0.008
0.041,-0.009
0.041,-0.010
0.039,-0.009
0.041,-0.010
0.041,-0.009
0.041,-0.009
0.043,-0.011
0.043,-0.010
0.043,-0.010
0.045,-0.010
0.044,-0.009
0.042,-0.009
0.045,-0.010
0.043,-0.011
0.042,-0.012
0.045,-0.014
0.043,-0.013
0.044,-0.015
0.045,-0.015
0.042,-0.016
0.043,-0.016
0.046,-0.016
0.042,-0.015
0.043,-0.016
0.046,-0.016
0.044,-0.016
0.045,-0.017
0.046,-0.017
0.045,-0.016
0.046,-0.016
0.049,-0.016
0.047,-0.015
0.049,-0.014
0.050,-0.014
0.049,-0.013
0.050,-0.012
0.050,-0.012
0.049,-0.011
0.050,-0.011
0.050,-0.010
0.050,-0.011
0.050,-0.010
0.051,-0.010
0.050,-0.011
0.053,-0.011
0.053,-0.012
0.053,-0.013
0.054,-0.013
0.056,-0.013
0.055,-0.015
0.056,-0.016
0.057,-0.016
0.055,-0.017
0.057,-0.016
0.056,-0.016
0.055,-0.014
0.057,-0.013
0.057,-0.012
0.056,-0.011
0.058,-0.011
0.058,-0.010
0.056,-0.011
0.058,-0.010
0.058,-0.008
0.057,-0.008
0.059,-0.008
0.059,-0.008
0.060,-0.009
0.062,-0.009
0.062,-0.010
0.062,-0.011
0.064,-0.010
0.064,-0.011
0.063,-0.011
0.064,-0.010
0.063,-0.010
0.064,-0.011
0.065,-0.009
0.064,-0.009
0.066,-0.009
0.067,-0.006
0.066,-0.007
0.067,-0.008
0.068,-0.007
0.066,-0.007
0.065,-0.009
0.067,-0.010
0.065,-0.012
0.067,-0.015
0.068,-0.014
0.070,-0.016
0.070,-0.016
0.072,-0.016
0.072,-0.017
0.073,-0.016
0.074,-0.016
0.074,-0.014
0.074,-0.012
0.075,-0.011
0.075,-0.011
0.075,-0.011
0.077,-0.010
0.077,-0.011
0.076,-0.012
0.078,-0.012
0.077,-0.012
0.079,-0.014
0.080,-0.015
0.081,-0.014
0.081,-0.013
0.084,-0.011
0.084,-0.009
0.084,-0.011
0.086,-0.011
0.086,-0.011
0.088,-0.011
0.088,-0.011
0.088,-0.010
0.088,-0.009
0.090,-0.008
0.091,-0.009
0.091,-0.008
0.092,-0.005
0.092,-0.006
0.093,-0.006
0.094,-0.006
0.096,-0.007
0.096,-0.005
0.097,-0.004
0.097,-0.005
0.098,-0.005
0.100,-0.004
0.099,-0.005
0.102,-0.005
0.101,-0.005
0.101,-0.003
0.103,-0.003
0.104,-0.003
0.104,-0.003
0.104,-0.003
0.106,-0.001
0.105,-0.001
0.106,-0.002
0.106,-0.001
0.107,0.001
0.107,0.000
0.106,-0.000
0.105,0.000
0.106,-0.004
0.108,-0.003
0.108,-0.006
0.107,-0.007
0.107,-0.005
0.107,-0.004
0.108,-0.003
0.108,-0.003
0.108,-0.002
0.110,-0.003
0.110,-0.001
0.110,-0.002
0.111,-0.003
0.111,-0.002
0.111,-0.003
0.113,-0.003
0.111,-0.003
0.110,-0.004
0.109,-0.004
0.109,-0.004
0.109,-0.006
0.109,-0.006
0.108,-0.005
0.109,-0.005
0.108,-0.005
0.107,-0.006
0.108,-0.006
0.106,-0.006
0.106,-0.008
0.106,-0.009
0.104,-0.007
0.105,-0.007
0.106,-0.008
0.104,-0.005
0.104,-0.007
0.105,-0.006
0.102,-0.005
0.104,-0.007
0.103,-0.006
0.102,-0.004
0.103,-0.005
0.102,-0.004
0.099,0.000
0.100,-0.003
0.101,-0.001
0.099,-0.001
0.100,-0.003
0.100,-0.003
0.099,-0.004
0.100,-0.006
0.100,-0.008
0.098,-0.008
0.100,-0.009
0.100,-0.008
0.097,-0.007
0.100,-0.008
0.099,-0.007
0.099,-0.007
0.100,-0.007
0.099,-0.007
0.098,-0.005
0.099,-0.005
0.098,-0.005
0.097,-0.005
0.099,-0.006
0.098,-0.003
0.098,-0.002
0.099,-0.001
0.097,-0.000
0.098,-0.000
0.100,0.001
0.099,0.000
0.098,-0.001
0.099,-0.000
0.099,0.001
0.100,-0.001
0.101,-0.001
0.100,-0.001
0.101,0.000
0.102,0.000
0.102,-0.000
0.102,0.000
0.104,-0.000
0.104,0.000
0.104,0.002
0.106,0.003
0.106,0.006
0.107,0.007
0.108,0.008
0.106,0.007
0.108,0.007
0.109,0.007
0.108,0.008
0.109,0.009
0.109,0.010
0.109,0.010
0.110,0.011
0.110,0.012
0.109,0.012
0.111,0.011
0.112,0.011
0.110,0.010
0.114,0.009
0.113,0.007
0.112,0.005
0.114,0.005
0.114,0.004
0.113,0.004
0.114,0.006
0.114,0.007
0.114,0.007
0.115,0.008
0.116,0.008
0.116,0.007
0.118,0.008
0.118,0.009
0.117,0.009
0.119,0.009
0.119,0.010
0.118,0.010
0.118,0.010
0.118,0.010
0.117,0.011
0.118,0.011
0.119,0.012
0.119,0.014
0.121,0.014
0.121,0.014
0.120,0.015
0.121,0.014
0.121,0.012
0.119,0.011
0.120,0.011
0.120,0.010
0.119,0.010
0.120,0.010
0.120,0.009
0.120,0.010
0.119,0.011
0.119,0.010
0.117,0.010
0.117,0.010
0.117,0.008
0.116,0.008
0.116,0.007
0.116,0.007
0.116,0.008
0.117,0.008
0.117,0.008
0.117,0.009
0.118,0.009
0.117,0.008
0.116,0.008
0.117,0.008
0.117,0.008
0.116,0.009
0.117,0.008
0.117,0.007
0.115,0.008
0.117,0.007
0.116,0.007
0.114,0.010
0.115,0.010
0.114,0.010
0.113,0.011
0.114,0.011
0.115,0.011
0.114,0.011
0.115,0.010
0.115,0.010
0.114,0.011
0.115,0.011
0.114,0.012
0.113,0.015
0.114,0.014
0.114,0.015
0.113,0.017
0.114,0.017
0.114,0.017
0.113,0.019
0.116,0.017
0.116,0.017
0.115,0.018
0.116,0.016
0.116,0.017
0.115,0.019
0.115,0.019
0.115,0.021
0.114,0.022
0.117,0.022
0.115,0.022
0.115,0.022
0.117,0.021
0.115,0.022
0.115,0.021
0.117,0.020
0.114,0.020
0.114,0.019
0.116,0.019
0.113,0.019
0.114,0.019
0.116,0.020
0.113,0.021
0.114,0.019
0.114,0.019
0.113,0.019
0.113,0.018
0.114,0.018
0.111,0.019
0.112,0.018
0.113,0.019
0.109,0.019
0.111,0.019
0.111,0.021
0.110,0.022
0.112,0.022
0.113,0.024
0.112,0.024
0.113,0.022
0.114,0.022
0.111,0.021
0.113,0.020
0.114,0.020
0.111,0.019
0.113,0.020
0.113,0.021
0.112,0.021
0.114,0.022
0.114,0.023
0.113,0.024
0.114,0.026
0.114,0.027
0.114,0.027
0.115,0.029
0.114,0.031
0.114,0.030
0.115,0.030
0.115,0.029
0.115,0.027
0.117,0.026
0.116,0.026
0.116,0.027
0.118,0.027
0.117,0.027
0.118,0.026
0.120,0.027
0.121,0.027
0.120,0.028
0.122,0.029
0.122,0.030
0.122,0.031
0.123,0.031
0.122,0.032
0.123,0.033
0.124,0.033
0.125,0.032
0.125,0.032
0.127,0.031
0.128,0.030
0.127,0.031
0.129,0.032
0.129,0.032
0.129,0.034
0.130,0.035
0.130,0.036
0.130,0.037
0.132,0.038
0.133,0.037
0.132,0.038
0.135,0.038
0.135,0.038
0.135,0.037
0.137,0.036
0.135,0.036
0.135,0.035
0.137,0.035
0.138,0.035
0.138,0.034
0.140,0.033
0.138,0.032
0.138,0.033
0.140,0.033
0.138,0.034
0.138,0.034
0.138,0.033
0.138,0.033
0.137,0.034
0.140,0.034
0.139,0.034
0.138,0.036
0.140,0.035
0.139,0.036
0.137,0.036
0.139,0.035
0.138,0.035
0.136,0.035
0.138,0.035
0.137,0.036
0.135,0.037
0.137,0.038
0.134,0.040
0.134,0.041
0.135,0.041
0.132,0.042
0.132,0.041
0.133,0.041
0.131,0.040
0.129,0.040
0.131,0.041
0.128,0.042
0.127,0.041
0.129,0.040
0.126,0.041
0.126,0.039
0.127,0.039
0.123,0.039
0.124,0.038
0.124,0.038
0.121,0.040
0.123,0.039
0.123,0.039
0.120,0.040
0.121,0.039
0.120,0.039
0.119,0.041
0.119,0.039
0.119,0.040
0.116,0.040
0.117,0.040
0.117,0.041
0.114,0.040
0.116,0.041
0.115,0.041
0.114,0.040
0.115,0.039
0.115,0.040
0.114,0.038
0.116,0.038
0.114,0.039
0.113,0.038
0.114,0.039
0.112,0.039
0.112,0.039
0.113,0.040
0.111,0.042
0.111,0.041
0.110,0.043
0.109,0.043
0.109,0.042
0.111,0.045
0.109,0.045
0.110,0.045
0.111,0.047
0.109,0.047
0.110,0.045
0.111,0.046
0.109,0.045
0.110,0.042
0.111,0.042
0.110,0.041
0.110,0.040
0.110,0.040
0.109,0.040
0.109,0.041
0.108,0.042
0.108,0.042
0.108,0.042
0.109,0.044
0.109,0.043
0.109,0.044
0.110,0.045
0.111,0.045
0.111,0.047
0.112,0.047
0.113,0.049
0.113,0.049
0.113,0.051
0.113,0.051
0.113,0.050
0.113,0.051
0.112,0.051
0.112,0.052
0.114,0.053
0.114,0.054
0.114,0.054
0.115,0.055
0.117,0.055
0.117,0.053
0.118,0.053
0.119,0.053
0.119,0.053
0.120,0.053
0.118,0.054
0.119,0.055
0.119,0.055
0.119,0.056
0.118,0.056
0.118,0.057
0.119,0.057
0.119,0.056
0.118,0.057
0.118,0.057
0.119,0.057
0.118,0.057
0.118,0.056
0.118,0.056
0.117,0.055
0.118,0.054
0.117,0.055
0.118,0.054
0.117,0.054
0.117,0.054
0.117,0.055
0.116,0.055
0.117,0.054
0.117,0.055
0.117,0.056
0.117,0.056
0.118,0.057
0.117,0.059
0.116,0.059
0.116,0.060
0.115,0.061
0.115,0.060
0.115,0.062
0.114,0.062
0.114,0.060
0.114,0.061
0.112,0.059
0.112,0.058
0.110,0.059
0.109,0.058
0.109,0.058
0.108,0.060
0.108,0.060
0.107,0.061
0.106,0.063
0.106,0.063
0.105,0.064
0.104,0.065
0.104,0.065
0.103,0.064
0.101,0.065
0.103,0.065
0.102,0.067
0.101,0.068
0.102,0.068
0.101,0.069
0.101,0.069
0.101,0.068
0.100,0.069
0.101,0.067
0.102,0.066
0.100,0.066
0.100,0.065
0.101,0.065
0.099,0.065
0.099,0.063
0.099,0.063
0.097,0.063
0.098,0.063
0.097,0.063
0.096,0.066
0.095,0.066
0.096,0.065
0.093,0.066
0.094,0.064
0.094,0.062
0.091,0.061
0.092,0.058
0.092,0.057
0.090,0.057
0.090,0.056
0.090,0.056
0.088,0.057
0.090,0.058
0.090,0.059
0.088,0.060
0.089,0.060
0.088,0.062
0.087,0.064
0.088,0.063
0.087,0.063
0.085,0.063
0.086,0.062
0.085,0.060
0.083,0.058
0.085,0.056
0.083,0.055
0.081,0.056
0.083,0.055
0.081,0.057
0.080,0.058
0.082,0.058
0.082,0.061
0.081,0.062
0.083,0.062
0.082,0.063
0.081,0.064
0.083,0.062
0.081,0.062
0.079,0.061
0.081,0.060
0.078,0.060
0.077,0.061
0.080,0.062
0.076,0.063
0.078,0.063
0.079,0.062
0.077,0.062
0.079,0.061
0.080,0.061
0.077,0.062
0.077,0.062
0.079,0.063
0.076,0.064
0.076,0.064
0.078,0.066
0.074,0.066
0.076,0.067
0.077,0.068
0.075,0.068
0.076,0.068
0.076,0.068
0.074,0.067
0.075,0.066
0.076,0.065
0.074,0.065
0.076,0.065
0.077,0.066
0.077,0.067
0.078,0.067
0.079,0.069
0.077,0.069
0.077,0.069
0.077,0.070
0.076,0.071
0.076,0.073
0.077,0.073
0.076,0.074
0.076,0.074
0.075,0.073
0.075,0.072
0.074,0.072
0.074,0.071
0.073,0.070
0.074,0.073
0.074,0.073
0.073,0.074
0.074,0.075
0.075,0.075
0.074,0.076
0.074,0.076
0.074,0.075
0.074,0.074
0.074,0.075
0.074,0.073
0.072,0.073
0.073,0.074
0.073,0.073
0.072,0.072
0.073,0.071
0.072,0.071
0.071,0.071
0.072,0.071
0.073,0.069
0.071,0.072
0.072,0.073
0.073,0.073
0.071,0.074
0.072,0.075
0.072,0.075
0.070,0.074
0.070,0.074
0.071,0.073
0.068,0.072
0.068,0.071
0.069,0.070
0.067,0.070
0.069,0.070
0.070,0.071
0.069,0.071
0.070,0.072
0.069,0.072
0.068,0.073
0.070,0.073
0.068,0.073
0.067,0.073
0.068,0.073
0.066,0.072
0.064,0.071
0.066,0.071
0.064,0.071
0.063,0.070
0.065,0.071
0.064,0.070
0.063,0.068
0.066,0.067
0.064,0.068
0.064,0.067
0.066,0.067
0.063,0.068
0.062,0.068
0.065,0.069
0.062,0.070
0.061,0.070
0.063,0.071
0.060,0.071
0.060,0.070
0.062,0.069
0.060,0.069
0.060,0.067
0.062,0.065
0.061,0.065
0.060,0.065
0.062,0.065
0.060,0.065
0.059,0.065
0.060,0.064
0.058,0.064
0.059,0.064
0.060,0.064
0.059,0.064
0.058,0.065
0.061,0.065
0.058,0.066
0.059,0.066
0.059,0.066
0.058,0.065
0.058,0.065
0.059,0.066
0.057,0.067
0.057,0.068
0.059,0.070
0.057,0.071
0.058,0.072
0.060,0.072
0.057,0.072
0.059,0.071
0.059,0.071
0.057,0.070
0.057,0.068
0.058,0.068
0.056,0.068
0.056,0.068
0.057,0.069
0.055,0.069
0.056,0.068
0.056,0.069
0.053,0.068
0.054,0.066
0.053,0.066
0.050,0.064
0.051,0.064
0.050,0.064
0.048,0.062
0.050,0.063
0.049,0.063
0.049,0.063
0.050,0.064
0.049,0.066
0.049,0.065
0.050,0.067
0.049,0.068
0.049,0.066
0.050,0.069
0.049,0.069
0.049,0.067
0.050,0.068
0.048,0.067
0.049,0.066
0.049,0.067
0.047,0.067
0.047,0.065
0.049,0.067
0.047,0.066
0.048,0.065
0.049,0.066
0.049,0.065
0.050,0.064
0.050,0.064
0.049,0.064
0.050,0.064
0.050,0.065
0.049,0.064
0.049,0.064
0.050,0.064
0.049,0.062
0.049,0.063
0.049,0.063
0.049,0.063
0.049,0.063
0.049,0.064
0.049,0.063
0.049,0.063
0.050,0.064
0.050,0.064
0.050,0.065
0.050,0.065
0.049,0.064
0.049,0.063
0.049,0.063
0.049,0.062
0.048,0.061
0.048,0.061
0.048,0.060
0.047,0.062
0.047,0.062
0.045,0.062
0.044,0.064
0.045,0.065
0.044,0.065
0.044,0.064
0.045,0.065
0.043,0.064
0.042,0.063
0.043,0.063
0.042,0.063
0.042,0.062
0.042,0.062
0.041,0.062
0.041,0.061
0.043,0.062
0.040,0.062
0.040,0.065
0.041,0.066
0.039,0.069
0.039,0.069
0.041,0.069
0.039,0.068
0.039,0.067
0.040,0.066
0.038,0.065
0.038,0.063
0.039,0.062
0.037,0.061
0.037,0.061
0.037,0.061
0.036,0.061
0.036,0.062
0.036,0.063
0.036,0.063
0.037,0.064
0.038,0.066
0.036,0.066
0.038,0.066
0.037,0.067
0.035,0.066
0.037,0.066
0.036,0.066
0.035,0.063
0.036,0.062
0.035,0.062
0.034,0.061
0.034,0.061
0.034,0.062
0.033,0.062
0.035,0.061
0.034,0.062
0.033,0.061
0.034,0.062
0.033,0.064
0.032,0.063
0.032,0.064
0.032,0.065
0.030,0.064
0.030,0.063
0.030,0.062
0.029,0.060
0.029,0.060
0.027,0.060
0.027,0.058
0.025,0.058
0.024,0.056
0.024,0.053
0.024,0.054
0.023,0.055
0.022,0.054
0.022,0.056
0.021,0.056
0.022,0.054
0.022,0.056
0.021,0.056
0.022,0.055
0.021,0.056
0.019,0.055
0.019,0.054
0.019,0.055
0.015,0.055
0.016,0.054
0.015,0.055
0.014,0.054
0.014,0.053
0.013,0.057
0.011,0.058
0.011,0.057
0.010,0.057
0.008,0.056
0.010,0.055
0.010,0.055
0.008,0.054
0.006,0.054
0.005,0.057
0.006,0.058
0.005,0.058
0.004,0.058
0.002,0.057
0.003,0.055
0.001,0.055
0.001,0.052
0.001,0.054
-0.001,0.055
-0.000,0.054
-0.001,0.054
-0.003,0.054
-0.003,0.054
-0.002,0.055
-0.004,0.056
-0.004,0.054
-0.005,0.056
-0.008,0.057
-0.006,0.056
-0.007,0.057
-0.007,0.058
-0.007,0.058
-0.008,0.059
-0.009,0.057
-0.011,0.054
-0.010,0.055
-0.011,0.055
-0.010,0.054
-0.013,0.054
-0.014,0.056
-0.013,0.056
-0.014,0.056
-0.015,0.057
-0.017,0.056
-0.016,0.057
-0.016,0.057
-0.016,0.057
-0.017,0.055
-0.016,0.056
-0.017,0.057
-0.018,0.056
-0.018,0.059
-0.018,0.060
-0.016,0.061
-0.017,0.061
-0.017,0.062
-0.017,0.062
-0.016,0.062
-0.016,0.062
-0.016,0.060
-0.015,0.062
-0.014,0.061
-0.014,0.058
-0.015,0.058
-0.015,0.055
-0.016,0.055
-0.015,0.057
-0.015,0.056
-0.015,0.055
-0.015,0.057
-0.015,0.056
-0.013,0.056
-0.013,0.058
-0.013,0.056
-0.010,0.058
-0.010,0.058
-0.009,0.056
-0.010,0.056
-0.010,0.056
-0.009,0.055
-0.011,0.054
-0.013,0.055
-0.012,0.054
-0.012,0.054
-0.011,0.054
-0.009,0.052
-0.012,0.052
-0.009,0.053
-0.007,0.052
-0.009,0.052
-0.008,0.052
-0.006,0.052
-0.007,0.053
-0.007,0.052
-0.008,0.050
-0.009,0.052
-0.009,0.053
-0.008,0.052
-0.010,0.053
-0.010,0.054
-0.009,0.056
-0.012,0.058
-0.011,0.057
-0.010,0.057
-0.010,0.058
-0.009,0.056
-0.008,0.054
-0.010,0.052
-0.008,0.051
-0.007,0.049
-0.009,0.048
-0.008,0.046
-0.009,0.045
-0.011,0.046
-0.009,0.045
-0.009,0.045
-0.013,0.045
-0.010,0.045
-0.009,0.045
-0.013,0.047
-0.010,0.046
-0.011,0.048
-0.013,0.049
-0.010,0.049
-0.013,0.050
-0.014,0.049
-0.013,0.049
-0.014,0.049
-0.016,0.049
-0.014,0.049
-0.016,0.050
-0.017,0.050
-0.014,0.050
-0.017,0.050
-0.017,0.048
-0.015,0.048
-0.018,0.048
-0.019,0.045
-0.018,0.045
-0.020,0.046
-0.020,0.044
-0.018,0.044
-0.020,0.045
-0.020,0.045
-0.019,0.045
-0.021,0.046
-0.022,0.045
-0.020,0.045
-0.023,0.044
-0.024,0.043
-0.024,0.042
-0.026,0.042
-0.025,0.041
-0.024,0.041
-0.025,0.041
-0.025,0.040
-0.023,0.040
-0.025,0.039
-0.024,0.039
-0.024,0.039
-0.027,0.039
-0.026,0.040
-0.026,0.040
-0.028,0.039
-0.027,0.038
-0.027,0.037
-0.028,0.037
-0.026,0.036
-0.026,0.036
-0.028,0.036
-0.026,0.037
-0.026,0.037
-0.027,0.036
-0.026,0.036
-0.026,0.036
-0.025,0.036
-0.025,0.036
-0.025,0.036
-0.025,0.035
-0.024,0.035
-0.024,0.034
-0.025,0.035
-0.024,0.035
-0.024,0.036
-0.025,0.036
-0.024,0.038
-0.024,0.038
-0.024,0.037
-0.023,0.037
-0.022,0.035
-0.023,0.034
-0.021,0.033
-0.021,0.033
-0.021,0.031
-0.019,0.031
-0.020,0.031
-0.020,0.030
-0.020,0.032
-0.022,0.031
-0.022,0.030
-0.021,0.031
-0.023,0.032
-0.022,0.031
-0.020,0.034
-0.022,0.035
-0.022,0.034
-0.020,0.036
-0.022,0.036
-0.022,0.034
-0.021,0.035
-0.022,0.033
-0.022,0.032
-0.021,0.033
-0.023,0.033
-0.023,0.034
-0.022,0.036
-0.024,0.035
-0.024,0.035
-0.023,0.036
-0.024,0.033
-0.024,0.033
-0.023,0.033
-0.024,0.033
-0.024,0.032
-0.023,0.031
-0.023,0.032
-0.024,0.032
-0.022,0.033
-0.024,0.033
-0.025,0.032
-0.024,0.030
-0.025,0.029
-0.026,0.027
-0.025,0.025
-0.024,0.025
-0.024,0.025
-0.022,0.025
-0.023,0.026
-0.022,0.029
-0.021,0.029
-0.022,0.030
-0.023,0.030
-0.022,0.030
-0.023,0.031
-0.023,0.030
-0.022,0.031
-0.023,0.032
-0.023,0.032
-0.022,0.032
-0.024,0.033
-0.023,0.033
-0.021,0.033
-0.022,0.034
-0.022,0.034
-0.020,0.034
-0.022,0.033
-0.023,0.032
-0.020,0.031
-0.022,0.032
-0.022,0.030
-0.021,0.029
-0.023,0.030
-0.022,0.029
-0.023,0.030
-0.024,0.031
-0.023,0.031
-0.022,0.032
-0.023,0.032
-0.022,0.031
-0.021,0.031
-0.022,0.030
-0.021,0.029
-0.022,0.030
-0.023,0.029
-0.022,0.028
-0.024,0.028
-0.025,0.026
-0.025,0.026
-0.026,0.026
-0.026,0.024
-0.025,0.024
-0.026,0.026
-0.027,0.025
-0.025,0.025
-0.027,0.027
-0.027,0.026
-0.026,0.027
-0.028,0.026
-0.029,0.024
-0.028,0.024
-0.029,0.023
-0.030,0.019
-0.031,0.019
-0.033,0.020
-0.034,0.018
-0.035,0.019
-0.037,0.019
-0.037,0.019
-0.037,0.021
-0.039,0.023
-0.039,0.023
-0.039,0.023
-0.040,0.024
-0.041,0.022
-0.041,0.020
-0.041,0.020
-0.042,0.019
-0.042,0.019
-0.043,0.017
-0.043,0.017
-0.043,0.018
-0.044,0.017
-0.043,0.018
-0.043,0.018
-0.044,0.018
-0.044,0.017
-0.043,0.019
-0.044,0.019
-0.044,0.018
-0.044,0.019
-0.045,0.019
-0.044,0.018
-0.044,0.019
-0.044,0.017
-0.043,0.015
-0.044,0.016
-0.044,0.014
-0.045,0.013
-0.045,0.014
-0.045,0.014
-0.044,0.014
-0.044,0.015
-0.045,0.015
-0.044,0.015
-0.044,0.016
-0.043,0.016
-0.042,0.017
-0.042,0.019
-0.042,0.017
-0.041,0.019
-0.042,0.019
-0.041,0.018
-0.041,0.018
-0.042,0.019
-0.040,0.018
-0.040,0.020
-0.042,0.020
-0.040,0.020
-0.039,0.021
-0.039,0.020
-0.037,0.019
-0.037,0.019
-0.037,0.019
-0.035,0.019
-0.034,0.019
-0.034,0.020
-0.031,0.019
-0.032,0.020
-0.031,0.019
-0.031,0.018
-0.031,0.018
-0.032,0.017
-0.030,0.018
-0.031,0.017
-0.030,0.018
-0.029,0.018
-0.030,0.018
-0.029,0.018
-0.029,0.019
-0.028,0.018
-0.028,0.018
-0.026,0.017
-0.026,0.016
-0.025,0.015
-0.024,0.014
-0.025,0.012
-0.023,0.012
-0.023,0.013
-0.021,0.012
-0.020,0.013
-0.019,0.013
-0.018,0.011
-0.018,0.011
-0.019,0.011
-0.019,0.011
-0.018,0.012
-0.018,0.011
-0.018,0.011
-0.017,0.012
-0.017,0.012
-0.016,0.011
-0.016,0.013
-0.015,0.012
-0.015,0.012
-0.016,0.015
-0.015,0.014
-0.016,0.013
-0.015,0.014
-0.016,0.012
-0.014,0.011
-0.014,0.011
-0.014,0.010
-0.014,0.008
-0.014,0.009
-0.013,0.008
-0.015,0.007
-0.015,0.008
-0.015,0.009
-0.016,0.010
-0.016,0.010
-0.016,0.010
-0.017,0.008
-0.017,0.007
-0.016,0.004
-0.018,0.004
-0.017,0.002
-0.016,0.001
-0.018,0.002
-0.018,-0.001
-0.019,-0.000
-0.021,-0.000
-0.021,-0.001
-0.020,-0.002
-0.022,-0.003
-0.021,-0.005
-0.021,-0.007
-0.022,-0.006
-0.021,-0.005
-0.021,-0.004
-0.024,-0.003
-0.023,-0.002
-0.022,-0.003
-0.026,-0.003
-0.026,-0.004
-0.025,-0.006
-0.028,-0.005
-0.028,-0.006
-0.029,-0.006
-0.030,-0.005
-0.030,-0.006
-0.030,-0.005
-0.033,-0.005
-0.032,-0.005
-0.033,-0.005
-0.036,-0.003
-0.034,-0.005
-0.035,-0.004
-0.038,-0.003
-0.036,-0.006
-0.036,-0.006
-0.039,-0.005
-0.037,-0.007
-0.038,-0.006
-0.040,-0.007
-0.038,-0.008
-0.039,-0.007
-0.040,-0.007
-0.037,-0.009
-0.039,-0.007
-0.039,-0.006
-0.036,-0.005
-0.038,-0.003
-0.039,-0.003
-0.035,-0.002
-0.037,-0.002
-0.037,-0.001
-0.034,-0.003
-0.037,-0.001
-0.036,-0.002
-0.034,-0.002
-0.036,-0.002
-0.035,-0.004
-0.032,-0.003
-0.035,-0.004
-0.034,-0.005
-0.033,-0.004
-0.036,-0.003
-0.035,-0.003
-0.034,-0.002
-0.035,-0.001
-0.034,-0.001
-0.032,0.000
-0.033,0.000
-0.031,-0.001
-0.030,-0.001
-0.031,-0.002
-0.029,-0.003
-0.029,-0.004
-0.029,-0.005
-0.029,-0.006
-0.028,-0.006
-0.027,-0.006
-0.027,-0.004
-0.025,-0.003
-0.026,-0.003
-0.025,-0.000
-0.025,0.000
-0.026,0.000
-0.024,0.001
-0.023,0.001
-0.024,-0.000
-0.022,-0.001
-0.021,-0.002
-0.023,-0.003
-0.020,-0.003
-0.019,-0.004
-0.020,-0.004
-0.019,-0.004
-0.018,-0.005
-0.018,-0.005
-0.017,-0.005
-0.017,-0.004
-0.017,-0.004
-0.016,-0.002
-0.016,-0.002
-0.016,-0.003
-0.014,-0.002
-0.015,-0.002
-0.014,-0.002
-0.012,-0.001
-0.013,-0.001
-0.012,-0.003
-0.010,-0.002
-0.010,-0.004
-0.010,-0.005
-0.008,-0.004
-0.009,-0.004
-0.009,-0.004
-0.009,-0.003
-0.007,-0.003
-0.007,-0.002
-0.006,-0.002
-0.004,-0.002
-0.003,-0.002
-0.002,-0.001
-0.002,-0.002
-0.002,-0.001
-0.001,-0.001
-0.001,-0.001
-0.001,-0.000
0.000,0.000
0.001,-0.001
0.000,-0.001
0.001,-0.002
0.001,-0.003
-0.001,-0.003
0.001,-0.006
0.000,-0.006
0.000,-0.006
0.002,-0.007
0.002,-0.005
0.002,-0.005
0.004,-0.004
0.004,-0.004
0.004,-0.004
0.006,-0.006
0.004,-0.006
0.004,-0.008
0.006,-0.009
0.004,-0.009
0.005,-0.010
0.007,-0.011
0.005,-0.010
0.005,-0.010
0.007,-0.009
0.004,-0.007
0.005,-0.007
0.006,-0.006
0.004,-0.003
0.005,-0.005
0.007,-0.004
0.005,-0.003
0.006,-0.004
0.008,-0.003
0.007,-0.004
0.006,-0.005
0.008,-0.005
0.006,-0.007
0.007,-0.010
0.008,-0.010
0.004,-0.010
0.006,-0.012
0.006,-0.011
0.005,-0.013
0.007,-0.013
0.008,-0.013
0.007,-0.014
0.008,-0.014
0.008,-0.013
0.007,-0.015
0.008,-0.016
0.009,-0.016
0.009,-0.017
0.010,-0.016
0.010,-0.014
0.010,-0.015
0.011,-0.013
0.010,-0.012
0.010,-0.012
0.010,-0.011
0.009,-0.010
0.009,-0.013
0.010,-0.013
0.008,-0.013
0.009,-0.016
0.010,-0.015
0.010,-0.016
0.010,-0.016
0.011,-0.015
0.011,-0.015
0.010,-0.015
0.010,-0.012
0.011,-0.012
0.011,-0.014
0.012,-0.014
0.012,-0.015
0.013,-0.015
0.013,-0.016
0.013,-0.015
0.015,-0.014
0.015,-0.013
0.016,-0.013
0.017,-0.013
0.017,-0.012
0.018,-0.012
0.018,-0.012
0.017,-0.010
0.017,-0.011
0.017,-0.012
0.017,-0.011
0.017,-0.011
0.017,-0.011
0.017,-0.008
0.017,-0.008
0.018,-0.008
0.018,-0.006
0.018,-0.005
0.019,-0.005
0.019,-0.003
0.019,-0.003
0.020,-0.004
0.020,-0.003
0.022,-0.005
0.022,-0.006
0.022,-0.005
0.023,-0.007
0.024,-0.006
0.023,-0.006
0.024,-0.007
0.024,-0.008
0.023,-0.007
0.024,-0.007
0.025,-0.007
0.024,-0.005
0.026,-0.005
0.026,-0.003
0.026,-0.002
0.028,-0.002
0.028,-0.002
0.028,0.000
0.030,-0.002
0.028,-0.003
0.028,-0.003
0.028,-0.006
0.028,-0.007
0.026,-0.009
0.027,-0.011
0.027,-0.009
0.026,-0.009
0.027,-0.009
0.028,-0.007
0.029,-0.007
0.029,-0.007
0.029,-0.007
0.029,-0.007
0.030,-0.010
0.030,-0.011
0.030,-0.013
0.031,-0.014
0.030,-0.014
0.030,-0.014
0.031,-0.014
0.031,-0.014
0.032,-0.013
0.033,-0.012
0.034,-0.013
0.036,-0.012
0.036,-0.013
0.036,-0.014
0.036,-0.014
0.036,-0.014
0.036,-0.014
0.037,-0.014
0.036,-0.014
0.036,-0.013
0.038,-0.013
0.038,-0.012
0.038,-0.012
0.038,-0.010
0.039,-0.011
0.039,-0.012
0.040,-0.012
0.040,-0.012
0.041,-0.013
0.041,-0.013
0.041,-0.011
0.042,-0.012
0.042,-0.013
0.042,-0.013
0.042,-0.014
0.043,-0.014
0.042,-0.014
0.041,-0.014
0.041,-0.013
0.040,-0.013
0.041,-0.013
0.041,-0.012
0.041,-0.013
0.042,-0.014
0.042,-0.013
0.043,-0.016
0.043,-0.016
0.043,-0.016
0.043,-0.016
0.043,-0.013
0.041,-0.012
0.042,-0.012
0.041,-0.012
0.040,-0.011
0.041,-0.011
0.040,-0.010
0.040,-0.009
0.040,-0.010
0.041,-0.009
0.040,-0.009
0.042,-0.011
0.041,-0.011
0.041,-0.011
0.044,-0.013
0.044,-0.013
0.045,-0.014
0.046,-0.015
0.047,-0.014
0.047,-0.014
0.047,-0.013
0.045,-0.010
0.045,-0.010
0.047,-0.009
0.044,-0.008
0.047,-0.010
0.048,-0.011
0.047,-0.010
0.049,-0.013
0.050,-0.013
0.048,-0.012
0.049,-0.014
0.051,-0.013
0.049,-0.011
0.050,-0.011
0.050,-0.010
0.049,-0.008
0.051,-0.009
0.051,-0.009
0.050,-0.009
0.051,-0.011
0.052,-0.011
0.051,-0.011
0.052,-0.011
0.053,-0.010
0.051,-0.008
0.053,-0.008
0.053,-0.007
0.054,-0.007
0.056,-0.007
0.057,-0.004
0.056,-0.004
0.057,-0.004
0.058,-0.003
0.056,-0.004
0.058,-0.005
0.057,-0.005
0.056,-0.005
0.058,-0.006
0.058,-0.005
0.057,-0.005
0.060,-0.005
0.060,-0.005
0.058,-0.004
0.060,-0.005
0.060,-0.004
0.059,-0.003
0.061,-0.003
0.060,-0.002
0.060,-0.002
0.061,-0.002
0.060,-0.002
0.059,-0.002
0.061,-0.001
0.060,-0.001
0.061,0.000
0.062,-0.001
0.062,-0.000
0.063,-0.001
0.065,-0.001
0.064,-0.000
0.066,-0.002
0.066,-0.001
0.063,-0.002
0.066,-0.003
0.067,-0.002
0.066,-0.003
0.069,-0.004
0.070,-0.003
0.069,-0.003
0.071,-0.004
0.071,-0.003
0.069,-0.002
0.071,-0.000
0.072,0.002
0.070,0.001
0.073,0.003
0.073,0.004
0.073,0.003
0.074,0.000
0.074,-0.002
0.074,-0.004
0.075,-0.005
0.075,-0.006
0.074,-0.007
0.077,-0.005
0.078,-0.004
0.078,-0.003
0.079,-0.001
0.077,0.001
0.078,0.001
0.080,0.003
0.081,0.003
0.081,0.003
0.083,0.004
0.086,0.002
0.085,0.001
0.087,-0.000
0.088,-0.002
0.088,-0.002
0.089,-0.003
0.089,-0.004
0.089,-0.004
0.091,-0.003
0.091,-0.004
0.091,-0.003
0.092,-0.003
0.092,-0.001
0.093,0.000
0.095,0.000
0.094,-0.000
0.096,-0.000
0.098,0.002
0.098,0.001
0.098,0.002
0.099,0.003
0.101,0.002
0.101,0.002
0.101,0.002
0.100,0.004
0.101,0.004
0.104,0.004
0.102,0.002
0.102,0.001
0.105,0.003
0.106,0.002
0.105,0.001
0.107,-0.001
0.107,0.000
0.109,-0.001
0.110,-0.002
0.109,-0.002
0.108,-0.002
0.111,-0.003
0.110,-0.003
0.109,-0.002
0.112,-0.003
0.110,-0.002
0.110,-0.002
0.111,-0.003
0.110,-0.003
0.110,-0.003
0.111,-0.003
0.109,-0.003
0.107,-0.004
0.109,-0.004
0.107,-0.004
0.108,-0.004
0.109,-0.006
0.106,-0.006
0.108,-0.007
0.110,-0.009
0.108,-0.010
0.108,-0.012
0.111,-0.012
0.108,-0.009
0.108,-0.009
0.106,-0.007
0.103,-0.005
0.105,-0.003
0.103,-0.002
0.101,-0.003
0.101,-0.002
0.101,-0.000
0.100,-0.002
0.101,-0.003
0.101,-0.002
0.101,-0.002
0.102,-0.002
0.100,0.000
0.099,-0.002
0.100,-0.000
0.099,0.002
0.100,-0.000
0.099,0.001
0.097,0.002
0.097,0.002
0.099,0.004
0.097,0.004
0.098,0.003
0.099,0.006
0.098,0.004
0.098,0.003
0.098,0.002
0.098,0.000
0.099,-0.002
0.100,-0.001
0.097,-0.002
0.098,-0.002
0.098,-0.001
0.097,-0.002
0.098,-0.003
0.097,-0.002
0.097,-0.002
0.098,-0.002
0.099,-0.001
0.099,-0.001
0.101,0.000
0.101,0.001
0.101,-0.001
0.101,-0.002
0.101,0.000
0.102,-0.000
0.102,-0.000
0.102,0.000
0.102,0.001
0.102,0.000
0.102,0.001
0.101,-0.001
0.102,-0.001
0.103,-0.000
0.103,-0.001
0.104,0.000
0.103,0.001
0.103,0.003
0.105,0.003
0.106,0.005
0.106,0.008
0.107,0.009
0.109,0.010
0.108,0.010
0.109,0.009
0.109,0.010
0.110,0.009
0.111,0.008
0.111,0.008
0.112,0.007
0.112,0.008
0.113,0.009
0.113,0.010
0.113,0.011
0.112,0.013
0.114,0.013
0.114,0.014
0.113,0.015
0.114,0.014
0.114,0.014
0.114,0.014
0.115,0.013
0.116,0.012
0.116,0.011
0.117,0.010
0.118,0.008
0.117,0.008
0.119,0.008
0.119,0.007
0.120,0.008
0.120,0.008
0.121,0.009
0.121,0.009
0.120,0.010
0.120,0.009
0.120,0.009
0.120,0.010
0.120,0.009
0.121,0.010
0.121,0.010
0.122,0.010
0.122,0.010
0.121,0.010
0.122,0.008
0.121,0.009
0.121,0.008
0.120,0.007
0.121,0.007
0.121,0.006
0.121,0.007
0.121,0.009
0.120,0.009
0.121,0.009
0.120,0.010
0.120,0.010
0.120,0.010
0.120,0.012
0.120,0.010
0.120,0.010
0.120,0.013
0.119,0.012
0.120,0.014
0.120,0.016
0.121,0.016
0.121,0.016
0.120,0.019
0.121,0.017
0.120,0.017
0.119,0.018
0.119,0.017
0.119,0.017
0.117,0.017
0.117,0.015
0.117,0.015
0.116,0.016
0.118,0.014
0.117,0.015
0.117,0.014
0.118,0.014
0.117,0.015
0.117,0.015
0.118,0.015
0.116,0.016
0.116,0.015
0.117,0.015
0.116,0.016
0.116,0.014
0.117,0.014
0.115,0.015
0.116,0.013
0.117,0.013
0.114,0.014
0.115,0.013
0.116,0.014
0.114,0.017
0.115,0.018
0.115,0.019
0.113,0.023
0.114,0.023
0.115,0.023
0.114,0.023
0.115,0.021
0.115,0.020
0.113,0.019
0.114,0.018
0.114,0.018
0.113,0.019
0.115,0.018
0.114,0.018
0.113,0.019
0.114,0.019
0.114,0.019
0.112,0.019
0.114,0.018
0.114,0.017
0.111,0.017
0.113,0.015
0.113,0.016
0.111,0.016
0.114,0.014
0.113,0.015
0.112,0.015
0.114,0.014
0.112,0.014
0.110,0.014
0.112,0.013
0.109,0.013
0.108,0.013
0.109,0.013
0.108,0.016
0.108,0.017
0.110,0.018
0.109,0.020
0.109,0.021
0.112,0.022
0.111,0.023
0.112,0.023
0.114,0.024
0.112,0.026
0.113,0.026
0.114,0.027
0.112,0.028
0.114,0.027
0.116,0.028
0.114,0.029
0.115,0.028
0.118,0.028
0.115,0.027
0.116,0.025
0.118,0.026
0.115,0.026
0.117,0.025
0.117,0.026
0.116,0.027
0.117,0.027
0.118,0.027
0.116,0.025
0.119,0.024
0.120,0.023
0.120,0.023
0.123,0.023
0.123,0.024
0.123,0.025
0.123,0.027
0.124,0.028
0.123,0.029
0.126,0.030
0.126,0.032
0.126,0.033
0.128,0.035
0.129,0.036
0.128,0.036
0.130,0.037
0.130,0.037
0.131,0.037
0.132,0.038
0.133,0.036
0.132,0.036
0.134,0.036
0.134,0.036
0.134,0.034
0.135,0.035
0.136,0.035
0.136,0.033
0.136,0.034
0.136,0.033
0.135,0.033
0.136,0.033
0.136,0.033
0.136,0.034
0.138,0.035
0.138,0.035
0.137,0.036
0.139,0.037
0.139,0.037
0.139,0.038
0.141,0.038
0.141,0.036
0.140,0.036
0.141,0.035
0.141,0.033
0.140,0.032
0.140,0.032
0.140,0.032
0.138,0.033
0.139,0.033
0.139,0.032
0.138,0.033
0.139,0.031
0.139,0.031
0.137,0.032
0.138,0.033
0.137,0.033
0.135,0.033
0.135,0.032
0.134,0.031
0.132,0.031
0.131,0.031
0.130,0.033
0.128,0.034
0.128,0.035
0.128,0.035
0.126,0.034
0.128,0.034
0.126,0.034
0.125,0.033
0.127,0.034
0.124,0.034
0.124,0.034
0.125,0.034
0.122,0.036
0.121,0.036
0.122,0.037
0.119,0.038
0.118,0.038
0.120,0.037
0.117,0.038
0.117,0.039
0.119,0.039
0.117,0.039
0.116,0.039
0.118,0.039
0.117,0.038
0.116,0.037
0.118,0.036
0.115,0.036
0.115,0.036
0.116,0.036
0.114,0.039
0.114,0.041
0.115,0.043
0.114,0.045
0.112,0.045
0.114,0.046
0.111,0.047
0.110,0.047
0.110,0.046
0.108,0.047
0.107,0.046
0.108,0.045
0.106,0.045
0.107,0.045
0.109,0.045
0.108,0.044
0.108,0.045
0.111,0.045
0.108,0.047
0.110,0.047
0.111,0.047
0.110,0.049
0.110,0.048
0.111,0.049
0.109,0.050
0.110,0.051
0.111,0.053
0.108,0.053
0.109,0.054
0.109,0.055
0.108,0.055
0.109,0.053
0.110,0.053
0.109,0.051
0.111,0.049
0.112,0.049
0.111,0.047
0.113,0.048
0.112,0.049
0.111,0.048
0.113,0.050
0.111,0.051
0.111,0.050
0.112,0.050
0.111,0.051
0.112,0.049
0.114,0.051
0.113,0.052
0.114,0.051
0.117,0.053
0.115,0.052
0.117,0.051
0.118,0.053
0.117,0.053
0.118,0.052
0.119,0.053
0.119,0.052
0.118,0.051
0.120,0.052
0.118,0.051
0.120,0.051
0.120,0.052
0.120,0.051
0.120,0.052
0.121,0.054
0.120,0.054
0.119,0.056
0.119,0.058
0.118,0.058
0.118,0.059
0.118,0.059
0.117,0.058
0.117,0.057
0.117,0.058
0.117,0.056
0.116,0.056
0.116,0.056
0.116,0.054
0.116,0.053
0.115,0.052
0.115,0.051
0.114,0.051
0.113,0.052
0.113,0.054
0.112,0.057
0.111,0.060
0.111,0.061
0.111,0.062
0.112,0.063
0.110,0.062
0.109,0.062
0.110,0.062
0.109,0.061
0.108,0.060
0.110,0.060
0.109,0.061
0.109,0.061
0.110,0.060
0.108,0.061
0.107,0.061
0.108,0.060
0.106,0.060
0.105,0.059
0.105,0.059
0.104,0.059
0.102,0.058
0.103,0.059
0.101,0.058
0.101,0.058
0.100,0.058
0.099,0.059
0.099,0.059
0.097,0.060
0.097,0.059
0.096,0.060
0.095,0.060
0.094,0.060
0.095,0.061
0.093,0.061
0.093,0.060
0.093,0.060
0.092,0.060
0.091,0.060
0.091,0.060
0.091,0.062
0.090,0.062
0.091,0.065
0.091,0.066
0.089,0.067
0.090,0.067
0.090,0.066
0.089,0.064
0.090,0.063
0.090,0.063
0.089,0.061
0.089,0.061
0.089,0.061
0.088,0.061
0.088,0.061
0.088,0.062
0.088,0.062
0.087,0.062
0.087,0.062
0.086,0.061
0.086,0.061
0.086,0.062
0.086,0.061
0.086,0.061
0.085,0.061
0.085,0.060
0.086,0.061
0.084,0.061
0.084,0.059
0.084,0.060
0.082,0.061
0.082,0.060
0.083,0.062
0.082,0.063
0.083,0.063
0.083,0.065
0.081,0.066
0.082,0.065
0.081,0.066
0.081,0.066
0.082,0.067
0.082,0.068
0.082,0.070
0.081,0.069
0.081,0.070
0.080,0.069
0.080,0.068
0.079,0.070
0.080,0.069
0.080,0.069
0.079,0.070
0.080,0.069
0.081,0.069
0.079,0.069
0.080,0.068
0.080,0.069
0.077,0.069
0.078,0.068
0.078,0.070
0.076,0.071
0.077,0.071
0.076,0.072
0.075,0.073
0.076,0.072
0.076,0.073
0.077,0.073
0.076,0.073
0.077,0.074
0.076,0.073
0.076,0.073
0.076,0.071
0.076,0.071
0.076,0.071
0.075,0.071
0.075,0.069
0.075,0.071
0.075,0.071
0.075,0.071
0.075,0.073
0.075,0.072
0.075,0.073
0.076,0.073
0.075,0.073
0.076,0.073
0.076,0.073
0.075,0.072
0.075,0.072
0.075,0.071
0.074,0.071
0.074,0.071
0.074,0.070
0.074,0.068
0.075,0.068
0.074,0.067
0.075,0.066
0.075,0.067
0.075,0.067
0.075,0.069
0.074,0.072
0.074,0.074
0.073,0.075
0.073,0.077
0.073,0.077
0.072,0.076
0.071,0.076
0.071,0.075
0.070,0.074
0.070,0.072
0.070,0.070
0.069,0.069
0.070,0.069
0.070,0.069
0.069,0.069
0.070,0.070
0.070,0.072
0.068,0.073
0.068,0.073
0.068,0.072
0.067,0.071
0.069,0.070
0.069,0.070
0.068,0.070
0.069,0.069
0.069,0.069
0.068,0.070
0.068,0.069
0.069,0.070
0.067,0.070
0.067,0.069
0.068,0.069
0.066,0.069
0.066,0.069
0.066,0.068
0.064,0.070
0.065,0.070
0.065,0.071
0.063,0.072
0.062,0.074
0.063,0.075
0.062,0.076
0.062,0.076
0.062,0.074
0.062,0.074
0.063,0.073
0.063,0.071
0.062,0.071
0.063,0.071
0.063,0.071
0.062,0.071
0.062,0.072
0.063,0.073
0.061,0.075
0.062,0.075
0.062,0.074
0.060,0.075
0.062,0.072
0.062,0.071
0.060,0.072
0.061,0.071
0.062,0.070
0.059,0.072
0.061,0.071
0.061,0.071
0.059,0.071
0.061,0.070
0.060,0.072
0.057,0.073
0.060,0.073
0.058,0.073
0.056,0.072
0.058,0.071
0.057,0.070
0.055,0.069
0.057,0.067
0.057,0.069
0.056,0.069
0.058,0.069
0.057,0.069
0.056,0.069
0.058,0.068
0.056,0.069
0.055,0.069
0.057,0.069
0.054,0.071
0.055,0.069
0.055,0.069
0.053,0.070
0.053,0.068
0.054,0.068
0.051,0.070
0.052,0.070
0.054,0.070
0.050,0.072
0.052,0.070
0.052,0.070
0.049,0.069
0.050,0.067
0.051,0.067
0.048,0.068
0.049,0.067
0.050,0.068
0.046,0.069
0.047,0.068
0.047,0.070
0.044,0.069
0.045,0.068
0.045,0.068
0.043,0.067
0.044,0.065
0.044,0.066
0.043,0.065
0.045,0.064
0.046,0.064
0.045,0.065
0.046,0.064
0.045,0.065
0.044,0.063
0.045,0.065
0.045,0.064
0.044,0.063
0.046,0.063
0.045,0.063
0.044,0.062
0.046,0.060
0.045,0.058
0.045,0.057
0.046,0.058
0.046,0.058
0.046,0.058
0.047,0.061
0.047,0.061
0.046,0.061
0.047,0.063
0.046,0.064
0.046,0.064
0.047,0.065
0.047,0.065
0.046,0.064
0.046,0.064
0.046,0.062
0.045,0.062
0.047,0.062
0.047,0.063
0.047,0.065
0.049,0.066
0.048,0.067
0.048,0.066
0.049,0.066
0.048,0.063
0.046,0.062
0.047,0.062
0.046,0.061
0.045,0.061
0.046,0.062
0.045,0.062
0.044,0.063
0.045,0.064
0.042,0.065
0.042,0.066
0.042,0.065
0.040,0.063
0.040,0.063
0.041,0.062
0.040,0.061
0.038,0.060
0.040,0.060
0.040,0.060
0.040,0.059
0.042,0.060
0.040,0.061
0.040,0.061
0.041,0.060
0.039,0.061
0.040,0.062
0.041,0.062
0.039,0.062
0.038,0.062
0.040,0.061
0.038,0.060
0.038,0.059
0.039,0.057
0.036,0.056
0.036,0.055
0.037,0.054
0.036,0.055
0.036,0.055
0.038,0.057
0.037,0.057
0.036,0.058
0.037,0.058
0.036,0.058
0.036,0.057
0.037,0.054
0.036,0.054
0.036,0.053
0.037,0.052
0.036,0.052
0.035,0.051
0.037,0.050
0.036,0.051
0.034,0.051
0.035,0.050
0.031,0.051
0.031,0.050
0.031,0.050
0.029,0.050
0.029,0.052
0.029,0.052
0.028,0.052
0.028,0.053
0.028,0.052
0.026,0.053
0.026,0.052
0.027,0.052
0.024,0.053
0.024,0.053
0.026,0.054
0.024,0.054
0.025,0.055
0.023,0.055
0.021,0.056
0.022,0.057
0.022,0.057
0.018,0.057
0.019,0.057
0.020,0.059
0.018,0.060
0.019,0.060
0.018,0.059
0.016,0.061
0.018,0.058
0.016,0.057
0.014,0.057
0.015,0.056
0.014,0.057
0.012,0.056
0.012,0.056
0.011,0.056
0.009,0.059
0.010,0.058
0.009,0.057
0.008,0.057
0.010,0.056
0.009,0.055
0.008,0.055
0.008,0.054
0.007,0.054
0.004,0.053
0.007,0.052
0.005,0.053
0.002,0.052
0.003,0.054
-0.000,0.054
-0.002,0.054
-0.002,0.054
-0.004,0.055
-0.006,0.056
-0.005,0.057
-0.008,0.058
-0.010,0.057
-0.006,0.057
-0.008,0.058
-0.008,0.057
-0.007,0.058
-0.010,0.057
-0.009,0.055
-0.009,0.054
-0.010,0.052
-0.010,0.052
-0.009,0.053
-0.013,0.054
-0.013,0.052
-0.011,0.053
-0.013,0.053
-0.013,0.052
-0.013,0.053
-0.015,0.053
-0.015,0.053
-0.012,0.051
-0.014,0.048
-0.013,0.047
-0.012,0.048
-0.015,0.047
-0.014,0.047
-0.012,0.047
-0.013,0.047
-0.013,0.048
-0.012,0.047
-0.014,0.047
-0.013,0.048
-0.012,0.045
-0.013,0.045
-0.012,0.046
-0.013,0.046
-0.013,0.049
-0.014,0.049
-0.013,0.050
-0.013,0.050
-0.012,0.052
-0.011,0.051
-0.013,0.052
-0.012,0.052
-0.011,0.051
-0.010,0.051
-0.009,0.053
-0.007,0.053
-0.008,0.054
-0.008,0.056
-0.006,0.056
-0.009,0.055
-0.007,0.056
-0.007,0.055
-0.008,0.054
-0.007,0.054
-0.007,0.051
-0.007,0.051
-0.005,0.050
-0.005,0.050
-0.007,0.050
-0.005,0.051
-0.006,0.050
-0.006,0.050
-0.005,0.049
-0.004,0.050
-0.004,0.051
-0.005,0.052
-0.004,0.052
-0.004,0.050
-0.003,0.050
-0.004,0.049
-0.004,0.049
-0.004,0.050
-0.005,0.050
-0.006,0.049
-0.004,0.048
-0.003,0.048
-0.005,0.047
-0.003,0.049
-0.004,0.049
-0.006,0.048
-0.003,0.048
-0.004,0.047
-0.005,0.045
-0.005,0.044
-0.007,0.044
-0.009,0.042
-0.006,0.041
-0.008,0.041
-0.010,0.039
-0.008,0.039
-0.010,0.040
-0.010,0.039
-0.010,0.038
-0.011,0.040
-0.012,0.040
-0.010,0.042
-0.013,0.044
-0.014,0.042
-0.012,0.043
-0.014,0.042
-0.014,0.041
-0.014,0.041
-0.016,0.041
-0.016,0.040
-0.016,0.039
-0.018,0.038
-0.018,0.037
-0.017,0.038
-0.021,0.037
-0.020,0.037
-0.020,0.038
-0.022,0.037
-0.021,0.037
-0.020,0.038
-0.021,0.038
-0.021,0.036
-0.020,0.036
-0.021,0.035
-0.019,0.034
-0.019,0.036
-0.020,0.036
-0.019,0.037
-0.019,0.038
-0.020,0.039
-0.020,0.039
-0.020,0.041
-0.021,0.041
-0.022,0.041
-0.022,0.043
-0.024,0.042
-0.024,0.042
-0.024,0.042
-0.026,0.041
-0.026,0.041
-0.026,0.041
-0.026,0.041
-0.025,0.042
-0.025,0.043
-0.025,0.041
-0.024,0.042
-0.024,0.041
-0.025,0.040
-0.023,0.040
-0.025,0.039
-0.025,0.037
-0.025,0.038
-0.027,0.037
-0.028,0.035
-0.027,0.036
-0.028,0.036
-0.028,0.036
-0.028,0.039
-0.029,0.040
-0.028,0.042
-0.027,0.044
-0.026,0.044
-0.026,0.044
-0.027,0.043
-0.025,0.041
-0.026,0.039
-0.026,0.039
-0.025,0.037
-0.025,0.037
-0.025,0.037
-0.024,0.036
-0.025,0.036
-0.025,0.036
-0.024,0.037
-0.025,0.038
-0.025,0.039
-0.024,0.039
-0.025,0.039
-0.026,0.037
-0.025,0.037
-0.026,0.036
-0.026,0.033
-0.026,0.032
-0.027,0.031
-0.026,0.030
-0.025,0.031
-0.026,0.031
-0.026,0.032
-0.025,0.032
-0.026,0.031
-0.025,0.031
-0.025,0.031
-0.025,0.030
-0.024,0.030
-0.024,0.029
-0.025,0.027
-0.024,0.027
-0.025,0.026
-0.025,0.026
-0.024,0.026
-0.025,0.027
-0.026,0.026
-0.025,0.028
-0.025,0.029
-0.026,0.029
-0.025,0.028
-0.026,0.028
-0.025,0.027
-0.024,0.027
-0.025,0.027
-0.025,0.027
-0.025,0.027
-0.025,0.026
-0.024,0.025
-0.024,0.025
-0.024,0.026
-0.024,0.024
-0.023,0.026
-0.024,0.028
-0.023,0.026
-0.022,0.028
-0.023,0.028
-0.022,0.027
-0.022,0.030
-0.022,0.030
-0.022,0.030
-0.020,0.031
-0.021,0.030
-0.020,0.027
-0.019,0.028
-0.019,0.027
-0.019,0.025
-0.019,0.026
-0.020,0.025
-0.019,0.025
-0.019,0.025
-0.020,0.023
-0.018,0.023
-0.019,0.023
-0.019,0.022
-0.019,0.023
-0.019,0.024
-0.019,0.023
-0.018,0.025
-0.019,0.027
-0.018,0.025
-0.017,0.025
-0.019,0.025
-0.019,0.023
-0.018,0.023
-0.021,0.023
-0.020,0.020
-0.020,0.019
-0.021,0.021
-0.021,0.019
-0.021,0.019
-0.023,0.020
-0.023,0.018
-0.023,0.019
-0.024,0.020
-0.023,0.019
-0.025,0.019
-0.026,0.021
-0.026,0.021
-0.026,0.022
-0.026,0.022
-0.026,0.019
-0.026,0.019
-0.027,0.017
-0.027,0.016
-0.029,0.015
-0.029,0.015
-0.030,0.017
-0.033,0.017
-0.033,0.019
-0.034,0.019
-0.035,0.020
-0.036,0.020
-0.037,0.020
-0.037,0.020
-0.038,0.019
-0.038,0.018
-0.039,0.017
-0.038,0.016
-0.039,0.016
-0.039,0.015
-0.039,0.015
-0.039,0.015
-0.040,0.015
-0.040,0.015
-0.040,0.013
-0.041,0.011
-0.041,0.011
-0.042,0.010
-0.042,0.011
-0.043,0.012
-0.043,0.012
-0.043,0.013
-0.043,0.014
-0.043,0.014
-0.044,0.014
-0.043,0.014
-0.043,0.013
-0.043,0.014
-0.042,0.013
-0.042,0.014
-0.043,0.013
-0.043,0.014
-0.043,0.016
-0.045,0.017
-0.043,0.017
-0.043,0.017
-0.045,0.018
-0.043,0.017
-0.044,0.015
-0.044,0.016
-0.043,0.016
-0.042,0.015
-0.043,0.014
-0.040,0.014
-0.040,0.012
-0.040,0.013
-0.039,0.014
-0.038,0.014
-0.037,0.016
-0.037,0.016
-0.036,0.016
-0.036,0.017
-0.034,0.018
-0.033,0.017
-0.034,0.018
-0.032,0.018
-0.032,0.017
-0.031,0.018
-0.031,0.017
-0.030,0.016
-0.031,0.017
-0.030,0.019
-0.028,0.018
-0.029,0.020
-0.028,0.019
-0.027,0.018
-0.027,0.019
-0.026,0.019
-0.024,0.018
-0.025,0.019
-0.024,0.017
-0.023,0.017
-0.024,0.018
-0.022,0.015
-0.022,0.014
-0.022,0.015
-0.021,0.013
-0.019,0.013
-0.021,0.013
-0.019,0.012
-0.017,0.013
-0.018,0.013
-0.016,0.012
-0.014,0.013
-0.015,0.014
-0.013,0.013
-0.013,0.013
-0.013,0.013
-0.011,0.012
-0.012,0.011
-0.012,0.012
-0.011,0.010
-0.011,0.009
-0.012,0.010
-0.009,0.008
-0.010,0.010
-0.010,0.010
-0.009,0.008
-0.011,0.008
-0.010,0.006
-0.010,0.005
-0.011,0.006
-0.011,0.006
-0.009,0.007
-0.011,0.009
-0.010,0.009
-0.009,0.009
-0.012,0.010
-0.011,0.009
-0.009,0.008
-0.012,0.008
-0.012,0.006
-0.010,0.006
-0.013,0.006
-0.012,0.004
-0.012,0.004
-0.014,0.004
-0.014,0.002
-0.013,0.002
-0.016,0.003
-0.016,0.002
-0.015,0.002
-0.017,0.003
-0.016,0.003
-0.016,0.003
-0.018,0.002
-0.017,0.001
-0.017,0.000
-0.020,0.000
-0.019,0.000
-0.020,0.000
-0.022,0.001
-0.022,0.000
-0.023,0.000
-0.025,0.000
-0.023,0.000
-0.026,0.001
-0.027,0.002
-0.026,0.002
-0.026,0.002
-0.028,0.001
-0.028,0.000
-0.028,0.000
-0.029,0.000
-0.028,-0.000
-0.029,0.000
-0.031,-0.001
-0.030,-0.001
-0.032,0.000
-0.035,-0.000
-0.035,-0.001
-0.035,-0.000
-0.037,-0.001
-0.035,-0.002
-0.037,-0.003
-0.038,-0.003
-0.036,-0.004
-0.037,-0.003
-0.037,-0.002
-0.036,-0.000
-0.037,0.000
-0.038,0.000
-0.036,0.002
-0.037,0.001
-0.037,-0.001
-0.036,-0.002
-0.038,-0.002
-0.037,-0.003
-0.036,-0.002
-0.037,-0.001
-0.036,-0.003
-0.034,-0.002
-0.036,-0.003
-0.035,-0.005
-0.032,-0.004
-0.032,-0.007
-0.031,-0.008
-0.029,-0.007
-0.030,-0.007
-0.029,-0.008
-0.029,-0.006
-0.031,-0.006
-0.030,-0.005
-0.029,-0.003
-0.030,-0.002
-0.029,0.000
-0.028,0.001
-0.028,0.002
-0.028,0.002
-0.027,0.002
-0.028,0.001
-0.028,0.000
-0.026,-0.001
-0.027,-0.001
-0.026,0.001
-0.024,0.000
-0.024,-0.001
-0.025,-0.001
-0.023,-0.002
-0.023,-0.003
-0.023,-0.003
-0.021,-0.005
-0.021,-0.006
-0.021,-0.006
-0.019,-0.007
-0.019,-0.008
-0.019,-0.007
-0.018,-0.008
-0.018,-0.008
-0.019,-0.008
-0.018,-0.009
-0.018,-0.009
-0.018,-0.009
-0.017,-0.012
-0.018,-0.012
-0.016,-0.012
-0.014,-0.013
-0.015,-0.011
-0.014,-0.011
-0.012,-0.010
-0.013,-0.010
-0.013,-0.011
-0.011,-0.012
-0.013,-0.011
-0.011,-0.011
-0.010,-0.010
-0.011,-0.008
-0.010,-0.009
-0.008,-0.009
-0.009,-0.011
-0.009,-0.011
-0.007,-0.012
-0.008,-0.013
-0.008,-0.014
-0.007,-0.013
-0.008,-0.013
-0.006,-0.013
-0.006,-0.012
-0.006,-0.012
-0.004,-0.011
-0.004,-0.010
-0.005,-0.011
-0.004,-0.011
-0.003,-0.012
-0.004,-0.013
-0.003,-0.013
-0.004,-0.013
-0.004,-0.016
-0.002,-0.017
-0.003,-0.018
-0.002,-0.020
0.001,-0.019
-0.000,-0.017
-0.001,-0.015
0.002,-0.013
0.000,-0.010
0.000,-0.010
0.001,-0.009
-0.000,-0.009
0.000,-0.013
0.001,-0.014
-0.000,-0.016
-0.000,-0.017
0.002,-0.017
0.001,-0.017
0.001,-0.017
0.003,-0.017
0.002,-0.016
0.002,-0.016
0.003,-0.014
0.003,-0.013
0.004,-0.013
0.006,-0.012
0.004,-0.012
0.006,-0.012
0.006,-0.012
0.004,-0.013
0.005,-0.014
0.006,-0.014
0.005,-0.016
0.005,-0.016
0.007,-0.014
0.007,-0.015
0.008,-0.016
0.008,-0.015
0.007,-0.015
0.010,-0.016
0.010,-0.015
0.010,-0.015
0.011,-0.016
0.011,-0.014
0.011,-0.014
0.012,-0.015
0.012,-0.013
0.012,-0.014
0.014,-0.014
0.014,-0.012
0.012,-0.012
0.014,-0.014
0.013,-0.013
0.013,-0.014
0.013,-0.013
0.012,-0.013
0.013,-0.014
0.014,-0.014
0.013,-0.013
0.014,-0.014
0.014,-0.013
0.013,-0.011
0.015,-0.012
0.015,-0.011
0.014,-0.011
0.016,-0.012
0.017,-0.010
0.017,-0.009
0.017,-0.009
0.017,-0.008
0.017,-0.008
0.018,-0.010
0.016,-0.011
0.016,-0.011
0.015,-0.013
0.015,-0.014
0.015,-0.015
0.016,-0.014
0.016,-0.013
0.017,-0.012
0.017,-0.010
0.018,-0.009
0.019,-0.009
0.019,-0.009
0.019,-0.010
0.021,-0.010
0.020,-0.011
0.020,-0.012
0.022,-0.012
0.021,-0.012
0.022,-0.014
0.023,-0.014
0.023,-0.014
0.023,-0.014
0.024,-0.014
0.024,-0.014
0.026,-0.015
0.025,-0.015
0.025,-0.013
0.026,-0.013
0.025,-0.012
0.026,-0.010
0.026,-0.010
0.026,-0.009
0.025,-0.010
0.025,-0.009
0.026,-0.009
0.025,-0.012
0.026,-0.013
0.026,-0.013
0.026,-0.016
0.027,-0.016
0.026,-0.015
0.027,-0.016
0.027,-0.014
0.027,-0.013
0.027,-0.012
0.027,-0.011
0.028,-0.012
0.028,-0.012
0.029,-0.010
0.030,-0.009
0.031,-0.010
0.029,-0.008
0.030,-0.009
0.031,-0.010
0.029,-0.008
0.031,-0.010
0.032,-0.011
0.031,-0.011
0.033,-0.012
0.035,-0.012
0.033,-0.009
0.034,-0.009
0.036,-0.009
0.034,-0.008
0.036,-0.011
0.036,-0.012
0.035,-0.012
0.036,-0.014
0.038,-0.013
0.036,-0.013
0.037,-0.015
0.038,-0.016
0.036,-0.015
0.037,-0.018
0.037,-0.016
0.036,-0.014
0.037,-0.014
0.038,-0.011
0.037,-0.009
0.040,-0.008
0.042,-0.008
0.041,-0.009
0.042,-0.011
0.043,-0.011
0.042,-0.012
0.042,-0.014
0.042,-0.014
0.041,-0.014
0.042,-0.015
0.041,-0.016
0.041,-0.015
0.043,-0.014
0.042,-0.014
0.043,-0.013
0.044,-0.013
0.044,-0.013
0.044,-0.013
0.044,-0.014
0.044,-0.013
0.043,-0.013
0.044,-0.014
0.043,-0.015
0.044,-0.016
0.044,-0.018
0.043,-0.019
0.043,-0.020
0.043,-0.021
0.042,-0.020
0.042,-0.020
0.043,-0.019
0.042,-0.018
0.041,-0.017
0.043,-0.017
0.041,-0.015
0.042,-0.014
0.042,-0.014
0.042,-0.014
0.042,-0.014
0.043,-0.016
0.042,-0.016
0.043,-0.016
0.043,-0.017
0.041,-0.016
0.043,-0.015
0.043,-0.016
0.042,-0.016
0.043,-0.018
0.045,-0.018
0.042,-0.020
0.043,-0.020
0.044,-0.019
0.043,-0.019
0.045,-0.020
0.045,-0.020
0.043,-0.020
0.045,-0.022
0.044,-0.021
0.043,-0.020
0.044,-0.019
0.044,-0.017
0.042,-0.016
0.044,-0.015
0.044,-0.015
0.042,-0.013
0.044,-0.013
0.045,-0.013
0.044,-0.013
0.046,-0.014
0.047,-0.013
0.046,-0.013
0.048,-0.011
0.049,-0.010
0.048,-0.009
0.050,-0.008
0.050,-0.008
0.050,-0.008
0.051,-0.008
0.051,-0.008
0.051,-0.007
0.052,-0.005
0.051,-0.006
0.051,-0.005
0.053,-0.005
0.053,-0.008
0.053,-0.008
0.054,-0.009
0.055,-0.010
0.054,-0.010
0.055,-0.010
0.054,-0.009
0.054,-0.009
0.055,-0.008
0.055,-0.010
0.054,-0.009
0.055,-0.009
0.056,-0.011
0.055,-0.010
0.056,-0.010
0.058,-0.011
0.056,-0.012
0.057,-0.013
0.057,-0.014
0.057,-0.011
0.059,-0.011
0.059,-0.010
0.059,-0.009
0.060,-0.010
0.062,-0.012
0.060,-0.012
0.062,-0.014
0.062,-0.015
0.061,-0.014
0.062,-0.016
0.061,-0.016
0.060,-0.016
0.062,-0.016
0.062,-0.016
0.062,-0.016
0.064,-0.016
0.064,-0.015
0.066,-0.014
0.068,-0.013
0.067,-0.012
0.068,-0.012
0.071,-0.012
0.070,-0.011
0.069,-0.011
0.071,-0.010
0.069,-0.008
0.071,-0.006
0.073,-0.006
0.072,-0.005
0.074,-0.005
0.078,-0.005
0.077,-0.005
0.076,-0.006
0.078,-0.007
0.077,-0.007
0.078,-0.008
0.080,-0.010
0.079,-0.011
0.080,-0.008
0.083,-0.009
0.082,-0.009
0.083,-0.009
0.086,-0.008
0.087,-0.007
0.088,-0.006
0.089,-0.006
0.088,-0.006
0.091,-0.005
0.092,-0.006
0.091,-0.007
0.092,-0.007
0.093,-0.007
0.092,-0.007
0.094,-0.010
0.095,-0.009
0.094,-0.008
0.097,-0.008
0.097,-0.008
0.095,-0.009
0.098,-0.007
0.099,-0.008
0.098,-0.009
0.100,-0.011
0.101,-0.010
0.100,-0.010
0.104,-0.011
0.103,-0.011
0.103,-0.011
0.106,-0.009
0.106,-0.007
0.104,-0.007
0.106,-0.007
0.106,-0.005
0.105,-0.007
0.108,-0.008
0.104,-0.008
0.106,-0.010
0.110,-0.008
0.107,-0.009
0.108,-0.010
0.107,-0.009
0.106,-0.008
0.106,-0.010
0.107,-0.010
0.105,-0.009
0.106,-0.011
0.109,-0.009
0.106,-0.009
0.107,-0.011
0.108,-0.011
0.107,-0.011
0.107,-0.011
0.108,-0.012
0.105,-0.011
0.106,-0.011
0.106,-0.010
0.104,-0.014
0.104,-0.013
0.105,-0.013
0.104,-0.013
0.104,-0.014
0.104,-0.014
0.102,-0.014
0.104,-0.012
0.103,-0.010
0.101,-0.011
0.101,-0.007
0.102,-0.006
0.100,-0.007
0.100,-0.007
0.101,-0.007
0.100,-0.007
0.101,-0.007
0.101,-0.007
0.098,-0.009
0.099,-0.008
0.099,-0.009
0.098,-0.011
0.097,-0.011
0.098,-0.011
0.097,-0.010
0.097,-0.010
0.097,-0.010
0.095,-0.012
0.096,-0.011
0.097,-0.011
0.096,-0.011
0.096,-0.010
0.099,-0.009
0.099,-0.007
0.099,-0.007
0.101,-0.008
0.099,-0.009
0.101,-0.011
0.102,-0.011
0.100,-0.013
0.099,-0.011
0.099,-0.010
0.099,-0.009
0.099,-0.010
0.098,-0.009
0.099,-0.008
0.100,-0.008
0.100,-0.009
0.099,-0.009
0.100,-0.007
0.102,-0.005
0.101,-0.005
0.102,-0.004
0.101,-0.003
0.102,-0.002
0.103,-0.002
0.102,-0.003
0.102,-0.003
0.103,-0.002
0.103,-0.004
0.102,-0.005
0.104,-0.005
0.103,-0.004
0.104,-0.004
0.106,-0.003
0.104,-0.002
0.104,-0.001
0.106,-0.000
0.106,-0.000
0.106,-0.001
0.107,-0.001
0.107,0.000
0.106,-0.000
0.109,0.001
0.108,0.002
0.107,0.002
0.108,0.002
0.109,0.004
0.108,0.004
0.110,0.003
0.111,0.004
0.110,0.004
0.112,0.003
0.112,0.003
0.112,0.004
0.114,0.003
0.114,0.004
0.113,0.002
0.116,0.003
0.115,0.004
0.115,0.003
0.116,0.003
0.115,0.004
0.115,0.005
0.116,0.006
0.115,0.009
0.116,0.010
0.118,0.011
0.116,0.012
0.116,0.011
0.119,0.011
0.116,0.010
0.117,0.009
0.118,0.008
0.117,0.008
0.119,0.007
0.119,0.008
0.118,0.009
0.119,0.007
0.121,0.008
0.119,0.007
0.120,0.006
0.121,0.009
0.119,0.008
0.121,0.007
0.121,0.008
0.120,0.007
0.121,0.005
0.121,0.005
0.120,0.004
0.120,0.003
0.119,0.004
0.117,0.003
0.119,0.004
0.117,0.004
0.117,0.002
0.117,0.003
0.116,0.005
0.117,0.004
0.115,0.005
0.114,0.006
0.114,0.005
0.115,0.006
0.113,0.006
0.114,0.005
0.115,0.006
0.113,0.006
0.114,0.005
0.114,0.006
0.113,0.007
0.113,0.006
0.113,0.006
0.113,0.007
0.113,0.008
0.112,0.008
0.113,0.008
0.114,0.009
0.114,0.010
0.114,0.010
0.115,0.010
0.114,0.011
0.115,0.012
0.114,0.012
0.114,0.013
0.114,0.013
0.116,0.013
0.115,0.012
0.115,0.013
0.116,0.013
0.115,0.013
0.116,0.013
0.115,0.013
0.115,0.013
0.115,0.014
0.115,0.014
0.114,0.014
0.116,0.014
0.115,0.014
0.114,0.013
0.115,0.013
0.114,0.012
0.114,0.011
0.114,0.011
0.114,0.012
0.114,0.014
0.114,0.014
0.114,0.016
0.113,0.018
0.114,0.017
0.114,0.018
0.113,0.019
0.114,0.020
0.113,0.021
0.113,0.020
0.114,0.020
0.114,0.020
0.113,0.020
0.114,0.019
0.114,0.019
0.112,0.019
0.113,0.018
0.113,0.020
0.112,0.020
0.112,0.019
0.112,0.019
0.110,0.020
0.111,0.020
0.112,0.020
0.110,0.021
0.111,0.021
0.111,0.022
0.110,0.024
0.111,0.025
0.112,0.026
0.111,0.028
0.112,0.028
0.112,0.027
0.111,0.029
0.112,0.029
0.114,0.029
0.113,0.031
0.115,0.031
0.115,0.032
0.116,0.033
0.116,0.032
0.116,0.032
0.115,0.034
0.116,0.034
0.117,0.034
0.117,0.036
0.118,0.035
0.119,0.034
0.119,0.034
0.119,0.033
0.121,0.033
0.120,0.033
0.122,0.034
0.121,0.036
0.121,0.037
0.123,0.037
0.123,0.037
0.124,0.038
0.126,0.036
0.127,0.037
0.127,0.037
0.130,0.036
0.131,0.036
0.130,0.038
0.134,0.037
0.134,0.037
0.134,0.038
0.137,0.036
0.136,0.037
0.136,0.037
0.137,0.037
0.136,0.038
0.136,0.037
0.138,0.036
0.137,0.035
0.138,0.034
0.140,0.033
0.138,0.036
0.140,0.036
0.141,0.036
0.139,0.038
0.141,0.038
0.142,0.037
0.139,0.037
0.140,0.036
0.142,0.036
0.140,0.037
0.142,0.035
0.142,0.036
0.141,0.037
0.142,0.036
0.143,0.037
0.141,0.037
0.143,0.038
0.144,0.038
0.141,0.037
0.143,0.036
0.142,0.036
0.140,0.035
0.140,0.034
0.141,0.036
0.139,0.035
0.140,0.035
0.139,0.035
0.138,0.035
0.139,0.036
0.139,0.036
0.137,0.035
0.138,0.035
0.137,0.036
0.136,0.037
0.138,0.038
0.136,0.039
0.135,0.038
0.136,0.039
0.133,0.037
0.132,0.036
0.133,0.036
0.131,0.035
0.130,0.035
0.130,0.036
0.129,0.037
0.127,0.037
0.128,0.038
0.127,0.037
0.127,0.038
0.127,0.038
0.125,0.038
0.124,0.037
0.123,0.037
0.122,0.036
0.121,0.036
0.122,0.037
0.121,0.038
0.120,0.039
0.121,0.042
0.120,0.042
0.119,0.043
0.120,0.043
0.119,0.042
0.118,0.041
0.118,0.041
0.116,0.040
0.115,0.039
0.115,0.039
0.113,0.039
0.113,0.039
0.114,0.040
0.111,0.040
0.111,0.040
0.112,0.043
0.111,0.044
0.110,0.045
0.112,0.047
0.111,0.047
0.112,0.047
0.112,0.047
0.110,0.048
0.111,0.047
0.111,0.047
0.110,0.047
0.110,0.047
0.112,0.047
0.112,0.046
0.112,0.047
0.114,0.046
0.112,0.046
0.111,0.047
0.112,0.047
0.110,0.047
0.110,0.049
0.112,0.049
0.111,0.049
0.111,0.049
0.113,0.048
0.112,0.048
0.112,0.049
0.113,0.048
0.113,0.050
0.112,0.051
0.113,0.052
0.113,0.053
0.113,0.055
0.114,0.054
0.114,0.055
0.114,0.055
0.116,0.053
0.114,0.054
0.115,0.054
0.116,0.054
0.115,0.055
0.114,0.056
0.115,0.055
0.115,0.055
0.115,0.054
0.117,0.052
0.115,0.052
0.116,0.051
0.118,0.050
0.115,0.049
0.116,0.049
0.117,0.051
0.115,0.052
0.117,0.052
0.119,0.052
0.116,0.053
0.118,0.053
0.118,0.053
0.117,0.053
0.119,0.053
0.119,0.054
0.117,0.054
0.119,0.055
0.118,0.056
0.117,0.058
0.118,0.058
0.116,0.059
0.114,0.058
0.116,0.058
0.114,0.060
0.113,0.058
0.114,0.059
0.113,0.059
0.112,0.059
0.114,0.059
0.111,0.059
0.112,0.058
0.113,0.059
0.111,0.061
0.110,0.059
0.111,0.060
0.109,0.060
0.108,0.058
0.110,0.058
0.108,0.057
0.107,0.055
0.109,0.055
0.107,0.056
0.107,0.056
0.107,0.058
0.105,0.059
0.104,0.059
0.107,0.059
0.104,0.059
0.104,0.058
0.105,0.058
0.102,0.059
0.101,0.059
0.102,0.061
0.100,0.061
0.100,0.060
0.101,0.061
0.099,0.061
0.099,0.060
0.100,0.060
0.098,0.059
0.099,0.058
0.100,0.058
0.098,0.059
0.098,0.058
0.098,0.059
0.096,0.060
0.097,0.059
0.097,0.060
0.094,0.060
0.095,0.059
0.096,0.060
0.093,0.058
0.094,0.057
0.093,0.058
0.092,0.057
0.092,0.057
0.092,0.059
0.092,0.057
0.093,0.058
0.093,0.058
0.092,0.057
0.093,0.058
0.091,0.058
0.091,0.057
0.091,0.060
0.089,0.062
0.089,0.061
0.089,0.064
0.088,0.065
0.088,0.063
0.088,0.064
0.087,0.064
0.088,0.062
0.087,0.063
0.086,0.063
0.086,0.062
0.086,0.063
0.085,0.062
0.085,0.060
0.084,0.060
0.084,0.060
0.084,0.059
0.084,0.060
0.083,0.060
0.083,0.060
0.082,0.062
0.082,0.062
0.082,0.064
0.082,0.065
0.082,0.065
0.082,0.066
0.081,0.067
0.081,0.066
0.080,0.066
0.079,0.065
0.080,0.064
0.078,0.065
0.079,0.064
0.079,0.063
0.079,0.065
0.080,0.065
0.080,0.065
0.079,0.065
0.080,0.066
0.080,0.065
0.079,0.066
0.080,0.066
0.080,0.066
0.079,0.065
0.080,0.064
0.080,0.065
0.079,0.064
0.081,0.066
0.080,0.068
0.079,0.067
0.079,0.069
0.079,0.068
0.079,0.067
0.079,0.068
0.078,0.067
0.078,0.066
0.077,0.066
0.078,0.066
0.078,0.066
0.078,0.066
0.077,0.065
0.078,0.065
0.077,0.067
0.077,0.067
0.078,0.068
0.076,0.069
0.077,0.070
0.077,0.070
0.076,0.072
0.076,0.071
0.076,0.070
0.076,0.071
0.075,0.070
0.075,0.069
0.075,0.070
0.075,0.067
0.075,0.067
0.074,0.068
0.074,0.067
0.074,0.066
0.074,0.067
0.074,0.065
0.074,0.064
0.073,0.065
0.074,0.064
0.075,0.064
0.074,0.066
0.074,0.066
0.074,0.066
0.074,0.067
0.074,0.066
0.073,0.066
0.072,0.070
0.072,0.070
0.072,0.071
0.071,0.072
0.071,0.071
0.071,0.070
0.070,0.071
0.070,0.069
0.069,0.068
0.067,0.069
0.068,0.068
0.068,0.069
0.067,0.069
0.067,0.069
0.068,0.070
0.066,0.070
0.067,0.069
0.068,0.069
0.066,0.068
0.066,0.065
0.066,0.066
0.065,0.065
0.067,0.065
0.065,0.066
0.064,0.066
0.066,0.066
0.064,0.067
0.063,0.068
0.065,0.067
0.063,0.068
0.064,0.066
0.064,0.065
0.063,0.066
0.063,0.064
0.063,0.064
0.061,0.065
0.062,0.064
0.062,0.064
0.060,0.067
0.062,0.067
0.062,0.069
0.060,0.070
0.061,0.068
0.062,0.068
0.058,0.067
0.060,0.064
0.060,0.064
0.057,0.064
0.060,0.061
0.060,0.060
0.059,0.061
0.061,0.060
0.061,0.061
0.059,0.062
0.061,0.062
0.060,0.065
0.058,0.065
0.059,0.065
0.058,0.066
0.056,0.066
0.058,0.066
0.057,0.067
0.057,0.067
0.058,0.067
0.059,0.068
0.058,0.067
0.060,0.068
0.059,0.069
0.058,0.068
0.058,0.067
0.056,0.068
0.057,0.068
0.057,0.069
0.056,0.069
0.056,0.070
0.056,0.071
0.056,0.070
0.055,0.071
0.055,0.071
0.055,0.071
0.055,0.070
0.055,0.070
0.055,0.069
0.055,0.070
0.055,0.070
0.055,0.070
0.053,0.071
0.054,0.071
0.052,0.070
0.052,0.071
0.052,0.069
0.052,0.069
0.051,0.070
0.051,0.070
0.051,0.071
0.050,0.073
0.051,0.072
0.051,0.072
0.049,0.072
0.051,0.071
0.051,0.070
0.049,0.071
0.050,0.070
0.051,0.071
0.050,0.072
0.051,0.071
0.050,0.072
0.050,0.072
0.050,0.071
0.049,0.071
0.048,0.072
0.049,0.071
0.048,0.071
0.047,0.070
0.049,0.069
0.048,0.068
0.048,0.068
0.049,0.066
0.047,0.066
0.047,0.065
0.050,0.063
0.048,0.063
0.049,0.061
0.049,0.060
0.048,0.062
0.048,0.061
0.049,0.062
0.047,0.064
0.048,0.063
0.049,0.063
0.047,0.064
0.048,0.063
0.049,0.063
0.046,0.063
0.048,0.062
0.050,0.063
0.046,0.064
0.048,0.064
0.049,0.066
0.046,0.068
0.047,0.069
0.047,0.069
0.045,0.069
0.045,0.067
0.045,0.066
0.042,0.065
0.044,0.064
0.044,0.064
0.042,0.064
0.043,0.065
0.044,0.066
0.043,0.066
0.044,0.065
0.043,0.066
0.041,0.066
0.042,0.065
0.041,0.064
0.039,0.063
0.042,0.061
0.040,0.061
0.038,0.061
0.040,0.060
0.039,0.060
0.039,0.060
0.040,0.060
0.040,0.061
0.039,0.062
0.041,0.063
0.040,0.062
0.038,0.062
0.040,0.061
0.039,0.062
0.037,0.060
0.039,0.060
0.039,0.061
0.038,0.061
0.040,0.062
0.039,0.062
0.038,0.062
0.039,0.061
0.037,0.062
0.037,0.063
0.038,0.062
0.037,0.061
0.036,0.059
0.037,0.058
0.036,0.057
0.034,0.057
0.035,0.058
0.035,0.059
0.034,0.060
0.033,0.060
0.033,0.061
0.031,0.061
0.032,0.062
0.032,0.061
0.031,0.062
0.032,0.061
0.032,0.060
0.031,0.059
0.030,0.057
0.029,0.056
0.028,0.056
0.027,0.055
0.026,0.054
0.025,0.054
0.026,0.054
0.024,0.053
0.025,0.052
0.024,0.051
0.023,0.052
0.023,0.052
0.022,0.051
0.021,0.051
0.020,0.052
0.020,0.052
0.017,0.050
0.016,0.051
0.017,0.051
0.015,0.050
0.015,0.050
0.016,0.050
0.014,0.050
0.013,0.050
0.014,0.050
0.011,0.050
0.010,0.051
0.011,0.050
0.009,0.051
0.009,0.050
0.008,0.050
0.006,0.051
0.008,0.050
0.007,0.050
0.004,0.051
0.002,0.053
0.003,0.053
0.000,0.055
-0.001,0.054
-0.000,0.055
-0.002,0.054
-0.003,0.055
-0.003,0.055
-0.006,0.053
-0.005,0.054
-0.004,0.053
-0.007,0.053
-0.007,0.052
-0.007,0.051
-0.008,0.052
-0.007,0.051
-0.008,0.051
-0.009,0.050
-0.009,0.053
-0.010,0.052
-0.012,0.052
-0.011,0.053
-0.010,0.053
-0.012,0.056
-0.011,0.054
-0.012,0.055
-0.013,0.056
-0.011,0.054
-0.010,0.053
-0.012,0.053
-0.011,0.052
-0.012,0.052
-0.015,0.053
-0.012,0.050
-0.013,0.050
-0.014,0.051
-0.011,0.052
-0.011,0.053
-0.014,0.054
-0.012,0.054
-0.011,0.054
-0.013,0.055
-0.011,0.055
-0.012,0.054
-0.013,0.054
-0.010,0.053
-0.012,0.051
-0.012,0.050
-0.010,0.049
-0.013,0.050
-0.015,0.051
-0.013,0.049
-0.016,0.050
-0.015,0.049
-0.013,0.048
-0.015,0.047
-0.013,0.046
-0.011,0.045
-0.012,0.044
-0.011,0.044
-0.009,0.044
-0.011,0.047
-0.012,0.048
-0.009,0.049
-0.010,0.051
-0.009,0.050
-0.007,0.050
-0.008,0.050
-0.009,0.049
-0.006,0.049
-0.008,0.049
-0.008,0.048
-0.005,0.047
-0.008,0.047
-0.008,0.046
-0.007,0.046
-0.008,0.045
-0.008,0.046
-0.005,0.046
-0.006,0.047
-0.007,0.048
-0.006,0.048
-0.009,0.048
-0.006,0.047
-0.006,0.049
-0.007,0.049
-0.006,0.047
-0.007,0.047
-0.008,0.047
-0.008,0.045
-0.008,0.045
-0.009,0.045
-0.008,0.045
-0.008,0.045
-0.009,0.043
-0.008,0.042
-0.007,0.042
-0.008,0.041
-0.008,0.039
-0.007,0.040
-0.009,0.039
-0.006,0.039
-0.007,0.038
-0.008,0.038
-0.007,0.041
-0.009,0.041
-0.010,0.039
-0.010,0.038
-0.009,0.037
-0.011,0.037
-0.010,0.037
-0.011,0.038
-0.013,0.040
-0.011,0.041
-0.011,0.040
-0.012,0.039
-0.013,0.040
-0.013,0.039
-0.016,0.039
-0.016,0.040
-0.016,0.038
-0.018,0.039
-0.017,0.039
-0.018,0.038
-0.019,0.038
-0.018,0.037
-0.018,0.035
-0.019,0.036
-0.017,0.037
-0.018,0.036
-0.019,0.036
-0.017,0.038
-0.018,0.037
-0.019,0.037
-0.018,0.039
-0.019,0.039
-0.020,0.040
-0.020,0.041
-0.022,0.039
-0.022,0.037
-0.022,0.037
-0.023,0.037
-0.024,0.037
-0.024,0.036
-0.026,0.036
-0.027,0.035
-0.026,0.035
-0.027,0.035
-0.028,0.033
-0.026,0.033
-0.027,0.033
-0.028,0.033
-0.026,0.034
-0.027,0.034
-0.029,0.035
-0.026,0.034
-0.027,0.036
-0.028,0.036
-0.027,0.037
-0.028,0.038
-0.028,0.040
-0.027,0.039
-0.028,0.038
-0.028,0.037
-0.027,0.035
-0.028,0.033
-0.029,0.030
-0.027,0.031
-0.028,0.031
-0.029,0.031
-0.026,0.031
-0.028,0.031
-0.028,0.032
-0.026,0.032
-0.029,0.034
-0.029,0.033
-0.027,0.032
-0.029,0.032
-0.029,0.031
-0.026,0.033
-0.028,0.033
-0.027,0.034
-0.024,0.035
-0.027,0.036
-0.025,0.035
-0.025,0.035
-0.026,0.035
-0.026,0.033
-0.025,0.034
-0.026,0.033
-0.025,0.032
-0.023,0.034
-0.025,0.033
-0.023,0.034
-0.024,0.036
-0.024,0.036
-0.023,0.036
-0.023,0.036
-0.025,0.034
-0.023,0.034
-0.025,0.033
-0.025,0.030
-0.024,0.030
-0.025,0.030
-0.024,0.028
-0.023,0.030
-0.024,0.031
-0.023,0.029
-0.022,0.030
-0.024,0.030
-0.023,0.026
-0.022,0.027
-0.023,0.026
-0.023,0.025
-0.023,0.026
-0.023,0.027
-0.023,0.026
-0.024,0.028
-0.024,0.028
-0.023,0.027
-0.024,0.028
-0.023,0.028
-0.024,0.027
-0.023,0.027
-0.024,0.026
-0.023,0.024
-0.023,0.025
-0.022,0.024
-0.021,0.024
-0.022,0.025
-0.021,0.024
-0.020,0.023
-0.021,0.023
-0.020,0.021
-0.019,0.020
-0.020,0.019
-0.019,0.019
-0.019,0.020
-0.020,0.023
-0.019,0.025
-0.019,0.025
-0.019,0.026
-0.018,0.024
-0.017,0.025
-0.017,0.023
-0.017,0.021
-0.017,0.020
-0.018,0.019
-0.017,0.017
-0.017,0.015
-0.018,0.015
-0.017,0.015
-0.018,0.017
-0.017,0.017
-0.017,0.018
-0.017,0.020
-0.019,0.021
-0.018,0.023
-0.019,0.022
-0.020,0.023
-0.020,0.023
-0.020,0.022
-0.020,0.021
-0.020,0.020
-0.020,0.018
-0.021,0.017
-0.020,0.017
-0.021,0.017
-0.022,0.017
-0.022,0.017
-0.023,0.017
-0.023,0.018
-0.023,0.018
-0.023,0.019
-0.024,0.021
-0.024,0.021
-0.025,0.021
-0.027,0.023
-0.027,0.021
-0.028,0.020
-0.029,0.019
-0.030,0.016
-0.030,0.014
-0.032,0.013
-0.032,0.013
-0.033,0.013
-0.034,0.015
-0.034,0.015
-0.035,0.017
-0.036,0.019
-0.036,0.019
-0.037,0.020
-0.039,0.020
-0.040,0.019
-0.041,0.017
-0.042,0.017
-0.043,0.016
-0.042,0.014
-0.043,0.016
-0.042,0.015
-0.042,0.016
-0.043,0.018
-0.043,0.019
-0.043,0.020
-0.044,0.021
-0.043,0.022
-0.044,0.020
-0.046,0.022
-0.045,0.020
-0.046,0.020
-0.047,0.020
-0.046,0.018
-0.045,0.018
-0.046,0.020
-0.044,0.019
-0.044,0.020
-0.046,0.022
-0.044,0.021
-0.045,0.021
-0.045,0.023
-0.044,0.021
-0.044,0.021
-0.045,0.020
-0.043,0.018
-0.044,0.018
-0.045,0.019
-0.043,0.017
-0.044,0.018
-0.044,0.019
-0.043,0.017
-0.043,0.018
-0.043,0.019
-0.041,0.019
-0.042,0.019
-0.042,0.019
-0.040,0.018
-0.041,0.019
-0.040,0.018
-0.038,0.017
-0.039,0.017
-0.037,0.015
-0.035,0.015
-0.036,0.015
-0.034,0.015
-0.031,0.016
-0.033,0.016
-0.032,0.016
-0.030,0.016
-0.032,0.015
-0.029,0.013
-0.028,0.012
-0.029,0.011
-0.026,0.010
-0.025,0.011
-0.027,0.012
-0.024,0.013
-0.022,0.014
-0.025,0.013
-0.023,0.013
-0.022,0.013
-0.023,0.012
-0.021,0.011
-0.020,0.011
-0.020,0.010
-0.018,0.010
-0.018,0.010
-0.019,0.010
-0.017,0.012
-0.017,0.012
-0.018,0.013
-0.016,0.014
-0.016,0.014
-0.016,0.014
-0.015,0.014
-0.015,0.014
-0.015,0.012
-0.013,0.012
-0.015,0.012
-0.015,0.012
-0.014,0.013
-0.015,0.015
-0.015,0.015
-0.015,0.016
-0.015,0.017
-0.016,0.017
-0.014,0.018
-0.015,0.017
-0.014,0.015
-0.013,0.013
-0.014,0.010
-0.015,0.009
-0.014,0.007
-0.014,0.005
-0.015,0.004
-0.014,0.006
-0.015,0.006
-0.016,0.006
-0.015,0.005
-0.015,0.003
-0.016,0.003
-0.015,0.001
-0.015,-0.002
-0.016,-0.001
-0.014,-0.003
-0.014,-0.004
-0.016,-0.003
-0.016,-0.002
-0.016,-0.002
-0.018,0.000
-0.018,0.000
-0.019,0.001
-0.021,0.002
-0.021,0.001
-0.020,0.001
-0.022,0.002
-0.022,0.001
-0.020,0.002
-0.023,0.004
-0.021,0.002
-0.022,0.002
-0.024,0.002
-0.024,0.001
-0.024,0.000
-0.027,0.001
-0.027,-0.000
-0.028,-0.001
-0.029,-0.000
-0.028,-0.002
-0.029,-0.002
-0.030,-0.002
-0.029,-0.004
-0.029,-0.004
-0.031,-0.005
-0.029,-0.005
-0.031,-0.004
-0.033,-0.003
-0.032,-0.004
-0.033,-0.005
-0.035,-0.004
-0.033,-0.006
-0.036,-0.006
-0.037,-0.007
-0.035,-0.008
-0.037,-0.008
-0.037,-0.008
-0.035,-0.007
-0.037,-0.006
-0.035,-0.006
-0.033,-0.005
-0.035,-0.003
-0.034,-0.004
-0.032,-0.003
-0.035,-0.002
-0.035,-0.003
-0.033,-0.002
-0.035,-0.002
-0.034,-0.003
-0.033,-0.003
-0.034,-0.003
-0.033,-0.006
-0.032,-0.006
-0.034,-0.006
-0.033,-0.007
-0.031,-0.007
-0.033,-0.007
-0.032,-0.007
-0.031,-0.007
-0.032,-0.006
-0.030,-0.007
-0.030,-0.006
-0.031,-0.005
-0.029,-0.006
-0.029,-0.005
-0.031,-0.005
-0.029,-0.004
-0.028,-0.004
-0.030,-0.005
-0.028,-0.006
-0.027,-0.006
-0.028,-0.009
-0.027,-0.010
-0.026,-0.010
-0.026,-0.009
-0.025,-0.008
-0.024,-0.007
-0.025,-0.005
-0.022,-0.004
-0.022,-0.005
-0.023,-0.004
-0.020,-0.004
-0.020,-0.003
-0.020,-0.004
-0.019,-0.005
-0.018,-0.005
-0.019,-0.005
-0.017,-0.005
-0.017,-0.003
-0.018,-0.003
-0.016,-0.003
-0.017,-0.003
-0.018,-0.005
-0.016,-0.005
-0.016,-0.007
-0.016,-0.007
-0.014,-0.008
-0.014,-0.009
-0.015,-0.008
-0.012,-0.009
-0.013,-0.009
-0.013,-0.009
-0.011,-0.008
-0.012,-0.007
-0.013,-0.007
-0.011,-0.006
-0.012,-0.007
-0.012,-0.006
-0.011,-0.006
-0.011,-0.005
-0.010,-0.004
-0.008,-0.004
-0.009,-0.004
-0.008,-0.003
-0.007,-0.003
-0.008,-0.004
-0.008,-0.005
-0.007,-0.004
-0.008,-0.005
-0.007,-0.006
-0.006,-0.007
-0.007,-0.007
-0.005,-0.008
-0.004,-0.007
-0.004,-0.008
-0.003,-0.008
-0.002,-0.006
-0.003,-0.007
-0.002,-0.005
-0.001,-0.005
-0.002,-0.005
-0.002,-0.006
-0.001,-0.006
-0.002,-0.006
-0.001,-0.006
0.001,-0.007
-0.001,-0.008
0.001,-0.008
0.001,-0.009
0.001,-0.010
-0.000,-0.010
-0.000,-0.012
-0.000,-0.013
0.000,-0.014
0.000,-0.015
0.000,-0.016
0.001,-0.015
0.002,-0.016
0.001,-0.015
0.001,-0.014
0.002,-0.014
0.003,-0.014
0.003,-0.015
0.003,-0.016
0.003,-0.017
0.003,-0.018
0.004,-0.019
0.003,-0.019
0.004,-0.017
0.004,-0.018
0.004,-0.017
0.005,-0.017
0.006,-0.018
0.005,-0.017
0.006,-0.017
0.007,-0.017
0.006,-0.016
0.007,-0.016
0.008,-0.016
0.007,-0.015
0.008,-0.016
0.008,-0.016
0.005,-0.016
0.006,-0.017
0.007,-0.017
0.006,-0.017
0.008,-0.017
0.008,-0.018
0.007,-0.017
0.010,-0.019
0.009,-0.018
0.008,-0.019
0.010,-0.020
0.010,-0.020
0.009,-0.022
0.011,-0.022
0.011,-0.021
0.010,-0.021
0.013,-0.020
0.011,-0.019
0.011,-0.020
0.014,-0.019
0.012,-0.018
0.012,-0.020
0.014,-0.020
0.013,-0.020
0.012,-0.020
0.015,-0.018
0.013,-0.017
0.014,-0.015
0.016,-0.013
0.015,-0.011
0.016,-0.011
0.018,-0.011
0.017,-0.011
0.016,-0.013
0.019,-0.013
0.016,-0.014
0.016,-0.016
0.018,-0.017
0.017,-0.018
0.018,-0.019
0.019,-0.019
0.018,-0.018
0.019,-0.018
0.021,-0.016
0.018,-0.016
0.019,-0.015
0.021,-0.014
0.019,-0.014
0.020,-0.015
0.021,-0.015
0.019,-0.015
0.020,-0.016
0.021,-0.015
0.020,-0.014
0.021,-0.015
0.022,-0.015
0.020,-0.015
0.023,-0.015
0.024,-0.015
0.023,-0.016
0.024,-0.016
0.024,-0.015
0.023,-0.015
0.023,-0.015
0.024,-0.015
0.023,-0.017
0.024,-0.017
0.024,-0.017
0.024,-0.017
0.025,-0.016
0.024,-0.015
0.025,-0.015
0.026,-0.013
0.025,-0.013
0.026,-0.015
0.028,-0.013
0.027,-0.013
0.027,-0.015
0.028,-0.013
0.027,-0.015
0.028,-0.016
0.028,-0.015
0.028,-0.016
0.028,-0.017
0.027,-0.015
0.028,-0.016
0.027,-0.015
0.028,-0.014
0.029,-0.015
0.030,-0.015
0.030,-0.015
0.030,-0.015
0.030,-0.015
0.031,-0.014
0.032,-0.015
0.030,-0.016
0.032,-0.016
0.034,-0.017
0.035,-0.017
0.034,-0.016
0.036,-0.016
0.036,-0.016
0.036,-0.016
0.037,-0.016
0.037,-0.015
0.037,-0.013
0.037,-0.013
0.038,-0.013
0.038,-0.013
0.037,-0.015
0.037,-0.015
0.037,-0.016
0.038,-0.017
0.039,-0.017
0.040,-0.017
0.040,-0.016
0.040,-0.016
0.041,-0.015
0.042,-0.014
0.042,-0.014
0.042,-0.014
0.042,-0.014
0.041,-0.015
0.041,-0.014
0.041,-0.015
0.040,-0.015
0.041,-0.015
0.041,-0.015
0.041,-0.016
0.040,-0.015
0.041,-0.015
0.042,-0.013
0.041,-0.012
0.041,-0.013
0.040,-0.013
0.041,-0.014
0.042,-0.016
0.041,-0.016
0.042,-0.016
0.042,-0.015
0.041,-0.015
0.040,-0.012
0.041,-0.012
0.040,-0.012
0.041,-0.012
0.041,-0.013
0.042,-0.012
0.042,-0.011
0.042,-0.009
0.043,-0.010
0.043,-0.009
0.043,-0.010
0.042,-0.013
0.042,-0.012
0.042,-0.014
0.043,-0.016
0.043,-0.016
0.042,-0.016
0.044,-0.016
0.044,-0.015
0.044,-0.016
0.044,-0.016
0.044,-0.015
0.044,-0.016
0.045,-0.014
0.045,-0.012
0.045,-0.013
0.047,-0.012
0.046,-0.010
0.047,-0.011
0.049,-0.010
0.048,-0.009
0.049,-0.010
0.049,-0.009
0.049,-0.007
0.050,-0.009
0.050,-0.009
0.050,-0.008
0.050,-0.009
0.050,-0.008
0.051,-0.007
0.052,-0.009
0.051,-0.009
0.051,-0.010
0.053,-0.013
0.053,-0.013
0.053,-0.014
0.054,-0.016
0.054,-0.016
0.054,-0.016
0.057,-0.018
0.055,-0.017
0.055,-0.017
0.056,-0.016
0.054,-0.013
0.055,-0.012
0.056,-0.009
0.054,-0.008
0.056,-0.009
0.057,-0.010
0.055,-0.011
0.056,-0.014
0.057,-0.014
0.054,-0.015
0.057,-0.017
0.058,-0.016
0.056,-0.016
0.058,-0.017
0.059,-0.016
0.056,-0.016
0.058,-0.017
0.059,-0.016
0.057,-0.017
0.060,-0.018
0.059,-0.017
0.058,-0.017
0.060,-0.018
0.060,-0.018
0.059,-0.018
0.061,-0.018
0.062,-0.020
0.061,-0.021
0.063,-0.020
0.063,-0.019
0.064,-0.017
0.066,-0.016
0.066,-0.014
0.068,-0.014
0.069,-0.014
0.070,-0.015
0.070,-0.016
0.072,-0.015
0.073,-0.015
0.073,-0.016
0.074,-0.014
0.075,-0.014
0.076,-0.013
0.078,-0.014
0.078,-0.015
0.078,-0.015
0.081,-0.013
0.081,-0.012
0.079,-0.012
0.082,-0.012
0.083,-0.011
0.084,-0.011
0.085,-0.013
0.085,-0.014
0.086,-0.013
0.088,-0.012
0.089,-0.013
0.088,-0.010
0.091,-0.010
0.092,-0.008
0.092,-0.007
0.094,-0.008
0.092,-0.008
0.093,-0.007
0.094,-0.007
0.093,-0.007
0.092,-0.008
0.095,-0.009
0.095,-0.011
0.097,-0.012
0.098,-0.012
0.097,-0.011
0.098,-0.009
0.100,-0.007
0.099,-0.008
0.098,-0.007
0.101,-0.006
0.100,-0.007
0.101,-0.008
0.102,-0.009
0.102,-0.010
0.103,-0.010
0.105,-0.011
0.104,-0.012
0.104,-0.010
0.108,-0.011
0.107,-0.013
0.107,-0.011
0.109,-0.012
0.108,-0.011
0.107,-0.010
0.110,-0.013
0.109,-0.011
0.109,-0.010
0.111,-0.012
0.109,-0.012
0.108,-0.013
0.110,-0.012
0.110,-0.011
0.110,-0.010
0.111,-0.009
0.110,-0.007
0.110,-0.005
0.112,-0.006
0.110,-0.006
0.109,-0.007
0.112,-0.009
0.108,-0.011
0.109,-0.013
0.109,-0.015
0.106,-0.014
0.108,-0.014
0.108,-0.013
0.104,-0.010
0.105,-0.011
0.107,-0.011
0.104,-0.008
0.106,-0.011
0.106,-0.012
0.105,-0.009
0.107,-0.008
0.107,-0.007
0.103,-0.007
0.105,-0.008
0.105,-0.007
0.103,-0.009
0.103,-0.011
0.102,-0.009
0.101,-0.009
0.103,-0.009
0.101,-0.008
0.099,-0.008
0.100,-0.007
0.099,-0.005
0.098,-0.005
0.100,-0.005
0.099,-0.003
0.098,-0.003
0.102,-0.003
0.099,-0.003
0.098,-0.003
0.102,-0.002
0.100,-0.001
0.100,-0.002
0.101,-0.000
0.100,0.001
0.100,-0.001
0.101,-0.002
0.099,-0.001
0.100,-0.002
0.102,-0.002
0.100,-0.001
0.099,-0.003
0.101,-0.002
0.098,-0.002
0.098,-0.003
0.099,-0.001
0.097,-0.001
0.097,-0.000
0.099,0.002
0.096,0.001
0.097,-0.000
0.099,0.001
0.096,0.000
0.097,-0.002
0.097,-0.002
0.097,-0.003
0.098,-0.003
0.100,-0.004
0.098,-0.003
0.100,-0.003
0.103,-0.002
0.102,-0.002
0.103,-0.002
0.104,0.000
0.104,0.000
0.104,0.002
0.105,0.001
0.104,-0.001
0.104,-0.001
0.106,-0.002
0.106,-0.001
0.106,-0.002
0.106,-0.001
0.107,-0.002
0.108,-0.002
0.109,-0.002
0.109,-0.003
0.109,-0.002
0.110,-0.002
0.110,-0.002
0.109,-0.000
0.110,0.001
0.110,0.001
0.111,0.002
0.113,0.003
0.112,0.003
0.114,0.004
0.114,0.002
0.113,0.002
0.114,0.002
0.113,0.002
0.113,0.003
0.114,0.004
0.114,0.005
0.114,0.006
0.115,0.007
0.117,0.007
0.116,0.008
0.117,0.007
0.118,0.006
0.118,0.005
0.118,0.005
0.119,0.006
0.118,0.007
0.118,0.008
0.119,0.009
0.118,0.009
0.119,0.010
0.118,0.010
0.119,0.010
0.120,0.010
0.120,0.009
0.119,0.008
0.119,0.010
0.120,0.010
0.119,0.008
0.120,0.008
0.119,0.007
0.117,0.007
0.118,0.008
0.116,0.008
0.116,0.007
0.117,0.009
0.117,0.010
0.116,0.010
0.117,0.012
0.116,0.012
0.114,0.011
0.115,0.010
0.114,0.010
0.113,0.009
0.114,0.009
0.114,0.010
0.113,0.009
0.115,0.010
0.114,0.010
0.114,0.012
0.115,0.012
0.115,0.013
0.115,0.014
0.117,0.015
0.116,0.017
0.115,0.016
0.115,0.017
0.114,0.017
0.113,0.017
0.114,0.016
0.112,0.017
0.112,0.016
0.113,0.016
0.113,0.018
0.112,0.017
0.114,0.017
0.113,0.019
0.113,0.019
0.115,0.020
0.113,0.021
0.114,0.021
0.115,0.020
0.114,0.019
0.115,0.018
0.116,0.016
0.114,0.016
0.114,0.013
0.117,0.013
0.114,0.013
0.115,0.011
0.116,0.012
0.114,0.014
0.114,0.013
0.115,0.015
0.113,0.015
0.113,0.015
0.115,0.015
0.113,0.015
0.113,0.014
0.113,0.015
0.111,0.015
0.112,0.015
0.113,0.015
0.112,0.016
0.113,0.017
0.113,0.018
0.112,0.019
0.112,0.019
0.112,0.021
0.111,0.021
0.113,0.022
0.113,0.023
0.112,0.021
0.113,0.021
0.112,0.021
0.111,0.018
0.112,0.019
0.111,0.019
0.110,0.017
0.112,0.019
0.111,0.018
0.112,0.016
0.113,0.018
0.111,0.019
0.111,0.017
0.111,0.019
0.110,0.020
0.111,0.019
0.111,0.022
0.111,0.021
0.112,0.020
0.112,0.021
0.113,0.021
0.114,0.020
0.114,0.021
0.115,0.021
0.114,0.020
0.115,0.021
0.115,0.020
0.115,0.020
0.115,0.020
0.116,0.019
0.117,0.022
0.117,0.023
0.118,0.024
0.119,0.026
0.121,0.027
0.121,0.027
0.122,0.026
0.123,0.026
0.124,0.025
0.124,0.024
0.125,0.022
0.126,0.021
0.126,0.022
0.127,0.021
0.128,0.021
0.128,0.022
0.130,0.023
0.130,0.024
0.130,0.025
0.132,0.025
0.132,0.026
0.132,0.026
0.132,0.026
0.132,0.026
0.132,0.025
0.133,0.025
0.132,0.027
0.133,0.026
0.136,0.026
0.134,0.025
0.136,0.024
0.138,0.025
0.137,0.025
0.137,0.025
0.138,0.026
0.137,0.025
0.138,0.025
0.138,0.025
0.138,0.026
0.138,0.026
0.138,0.026
0.138,0.028
0.139,0.028
0.139,0.031
0.138,0.032
0.138,0.034
0.137,0.035
0.137,0.034
0.137,0.034
0.136,0.035
0.136,0.035
0.136,0.035
0.135,0.035
0.135,0.033
0.136,0.031
0.136,0.030
0.135,0.029
0.135,0.028
0.135,0.030
0.134,0.030
0.134,0.030
0.133,0.031
0.132,0.032
0.132,0.031
0.131,0.031
0.130,0.031
0.130,0.032
0.129,0.033
0.128,0.032
0.128,0.034
0.127,0.035
0.126,0.035
0.126,0.035
0.125,0.037
0.124,0.038
0.124,0.039
0.122,0.041
0.122,0.041
0.122,0.041
0.121,0.041
0.121,0.038
0.121,0.038
0.119,0.038
0.119,0.037
0.116,0.038
0.115,0.038
0.116,0.038
0.114,0.041
0.115,0.041
0.115,0.042
0.114,0.044
0.113,0.043
0.114,0.044
0.112,0.045
0.113,0.043
0.114,0.042
0.111,0.044
0.112,0.041
0.113,0.041
0.110,0.042
0.111,0.040
0.111,0.041
0.108,0.041
0.108,0.040
0.108,0.040
0.106,0.041
0.108,0.040
0.107,0.041
0.106,0.043
0.107,0.043
0.107,0.045
0.106,0.046
0.106,0.047
0.106,0.048
0.104,0.049
0.106,0.049
0.105,0.049
0.105,0.048
0.106,0.047
0.106,0.047
0.107,0.047
0.108,0.046
0.107,0.046
0.108,0.048
0.110,0.049
0.109,0.050
0.110,0.052
0.111,0.051
0.110,0.051
0.110,0.051
0.110,0.050
0.109,0.050
0.109,0.050
0.111,0.050
0.110,0.050
0.110,0.050
0.112,0.050
0.111,0.050
0.113,0.050
0.114,0.049
0.114,0.050
0.115,0.050
0.117,0.050
0.115,0.049
0.116,0.050
0.117,0.049
0.115,0.048
0.116,0.047
0.117,0.047
0.116,0.047
0.117,0.046
0.118,0.047
0.117,0.047
0.118,0.048
0.119,0.049
0.116,0.049
0.118,0.050
0.118,0.051
0.116,0.052
0.117,0.052
0.118,0.053
0.118,0.053
0.118,0.052
0.119,0.052
0.117,0.051
0.118,0.052
0.118,0.053
0.116,0.053
0.116,0.054
0.115,0.055
0.114,0.054
0.114,0.054
0.114,0.053
0.114,0.053
0.114,0.052
0.114,0.052
0.113,0.054
0.113,0.056
0.112,0.055
0.112,0.056
0.112,0.058
0.111,0.057
0.110,0.057
0.110,0.058
0.110,0.058
0.109,0.058
0.109,0.059
0.109,0.058
0.109,0.059
0.109,0.059
0.109,0.058
0.108,0.059
0.110,0.060
0.111,0.060
0.108,0.062
0.110,0.062
0.109,0.063
0.107,0.065
0.107,0.064
0.108,0.063
0.105,0.064
0.105,0.064
0.106,0.063
0.102,0.064
0.104,0.063
0.103,0.063
0.101,0.064
0.102,0.063
0.101,0.064
0.099,0.065
0.101,0.064
0.100,0.066
0.098,0.067
0.100,0.066
0.097,0.066
0.095,0.067
0.097,0.067
0.095,0.066
0.094,0.065
0.096,0.065
0.095,0.066
0.093,0.066
0.095,0.066
0.093,0.068
0.093,0.067
0.095,0.067
0.091,0.068
0.092,0.067
0.093,0.067
0.090,0.067
0.089,0.066
0.091,0.065
0.088,0.065
0.087,0.064
0.089,0.064
0.086,0.064
0.086,0.063
0.087,0.063
0.085,0.063
0.084,0.063
0.085,0.063
0.084,0.064
0.082,0.064
0.085,0.064
0.082,0.064
0.083,0.064
0.084,0.064
0.082,0.065
0.083,0.067
0.085,0.068
0.084,0.069
0.083,0.071
0.085,0.071
0.083,0.070
0.082,0.070
0.083,0.070
0.081,0.070
0.080,0.069
0.081,0.070
0.079,0.070
0.080,0.070
0.080,0.070
0.078,0.070
0.079,0.070
0.080,0.070
0.078,0.069
0.080,0.068
0.080,0.068
0.079,0.068
0.081,0.068
0.082,0.071
0.080,0.071
0.081,0.072
0.082,0.073
0.080,0.073
0.082,0.075
0.081,0.075
0.079,0.075
0.080,0.075
0.080,0.075
0.078,0.075
0.079,0.074
0.078,0.073
0.076,0.073
0.078,0.073
0.077,0.074
0.077,0.075
0.078,0.076
0.078,0.077
0.077,0.077
0.078,0.078
0.078,0.079
0.078,0.077
0.078,0.079
0.077,0.078
0.078,0.077
0.079,0.078
0.077,0.078
0.078,0.076
0.079,0.077
0.078,0.076
0.078,0.074
0.078,0.076
0.076,0.075
0.075,0.074
0.077,0.076
0.075,0.077
0.075,0.074
0.075,0.076
0.074,0.075
0.074,0.074
0.075,0.075
0.074,0.073
0.074,0.072
0.075,0.073
0.073,0.072
0.073,0.072
0.074,0.073
0.072,0.075
0.072,0.074
0.072,0.075
0.070,0.075
0.071,0.075
0.071,0.076
0.071,0.075
0.071,0.075
0.072,0.073
0.072,0.072
0.071,0.071
0.072,0.070
0.071,0.070
0.070,0.070
0.070,0.069
0.068,0.069
0.068,0.070
0.069,0.068
0.068,0.067
0.067,0.067
0.069,0.065
0.069,0.065
0.067,0.066
0.069,0.068
0.068,0.069
0.066,0.071
0.066,0.071
0.065,0.070
0.064,0.071
0.066,0.070
0.064,0.071
0.063,0.071
0.065,0.071
0.064,0.071
0.062,0.072
0.064,0.072
0.063,0.072
0.063,0.071
0.064,0.069
0.063,0.070
0.063,0.069
0.064,0.068
0.062,0.069
0.062,0.068
0.063,0.068
0.062,0.069
0.062,0.068
0.063,0.066
0.062,0.066
0.062,0.064
0.063,0.063
0.060,0.064
0.060,0.063
0.062,0.063
0.059,0.064
0.060,0.063
0.062,0.064
0.059,0.065
0.060,0.066
0.060,0.067
0.058,0.066
0.059,0.064
0.059,0.064
0.057,0.063
0.058,0.062
0.059,0.063
0.057,0.063
0.059,0.062
0.059,0.063
0.058,0.062
0.060,0.062
0.058,0.065
0.059,0.066
0.061,0.068
0.058,0.071
0.058,0.070
0.060,0.072
0.057,0.072
0.056,0.070
0.058,0.071
0.056,0.071
0.056,0.069
0.058,0.070
0.056,0.071
0.056,0.069
0.058,0.071
0.057,0.071
0.057,0.071
0.058,0.073
0.055,0.074
0.056,0.074
0.056,0.075
0.055,0.075
0.054,0.074
0.054,0.075
0.053,0.074
0.053,0.073
0.053,0.072
0.052,0.071
0.053,0.070
0.052,0.070
0.052,0.070
0.052,0.070
0.052,0.071
0.052,0.072
0.051,0.072
0.052,0.074
0.050,0.073
0.050,0.073
0.049,0.073
0.049,0.072
0.050,0.071
0.051,0.071
0.050,0.070
0.051,0.069
0.052,0.069
0.051,0.068
0.051,0.069
0.052,0.070
0.051,0.071
0.051,0.073
0.051,0.074
0.051,0.073
0.050,0.073
0.051,0.074
0.050,0.073
0.050,0.073
0.050,0.072
0.049,0.071
0.050,0.071
0.049,0.070
0.050,0.068
0.049,0.068
0.049,0.068
0.049,0.066
0.049,0.067
0.048,0.067
0.048,0.065
0.047,0.066
0.046,0.067
0.046,0.067
0.045,0.067
0.044,0.067
0.044,0.065
0.043,0.066
0.044,0.066
0.043,0.066
0.044,0.066
0.044,0.065
0.045,0.068
0.045,0.067
0.046,0.067
0.045,0.069
0.046,0.069
0.046,0.069
0.044,0.069
0.045,0.068
0.045,0.068
0.043,0.067
0.042,0.065
0.041,0.064
0.041,0.064
0.040,0.064
0.040,0.064
0.039,0.063
0.040,0.063
0.041,0.062
0.040,0.062
0.040,0.062
0.041,0.061
0.041,0.059
0.041,0.058
0.041,0.060
0.039,0.057
0.039,0.057
0.038,0.056
0.037,0.054
0.036,0.055
0.035,0.055
0.036,0.055
0.035,0.054
0.036,0.056
0.036,0.056
0.036,0.057
0.036,0.057
0.037,0.057
0.037,0.058
0.037,0.057
0.038,0.057
0.037,0.058
0.038,0.057
0.038,0.057
0.036,0.060
0.037,0.059
0.036,0.061
0.034,0.062
0.035,0.062
0.036,0.063
0.033,0.065
0.034,0.065
0.035,0.065
0.033,0.066
0.034,0.065
0.035,0.062
0.033,0.062
0.033,0.060
0.033,0.059
0.031,0.060
0.031,0.061
0.032,0.060
0.030,0.061
0.029,0.061
0.029,0.061
0.026,0.063
0.027,0.063
0.026,0.063
0.024,0.063
0.024,0.062
0.025,0.061
0.023,0.060
0.025,0.058
0.026,0.058
0.024,0.059
0.025,0.057
0.025,0.056
0.023,0.055
0.024,0.052
0.023,0.052
0.022,0.052
0.023,0.053
0.021,0.054
0.019,0.055
0.022,0.053
0.020,0.052
0.016,0.053
0.018,0.052
0.016,0.054
0.013,0.054
0.013,0.055
0.012,0.056
0.010,0.057
0.011,0.057
0.009,0.057
0.007,0.057
0.009,0.056
0.006,0.055
0.003,0.053
0.002,0.053
0.001,0.053
-0.000,0.052
0.000,0.051
-0.002,0.052
-0.002,0.052
-0.000,0.052
-0.003,0.052
-0.004,0.051
-0.004,0.051
-0.005,0.051
-0.006,0.051
-0.005,0.051
-0.007,0.053
-0.007,0.054
-0.006,0.055
-0.007,0.055
-0.006,0.056
-0.006,0.057
-0.007,0.057
-0.007,0.057
-0.008,0.056
-0.009,0.055
-0.009,0.056
-0.009,0.056
-0.013,0.055
-0.013,0.054
-0.013,0.055
-0.015,0.054
-0.015,0.053
-0.016,0.054
-0.016,0.056
-0.014,0.056
-0.014,0.057
-0.016,0.056
-0.014,0.058
-0.012,0.057
-0.014,0.057
-0.014,0.057
-0.014,0.059
-0.013,0.059
-0.014,0.060
-0.015,0.059
-0.016,0.059
-0.015,0.061
-0.014,0.060
-0.016,0.058
-0.016,0.058
-0.014,0.058
-0.013,0.057
-0.012,0.058
-0.012,0.056
-0.012,0.057
-0.011,0.058
-0.011,0.056
-0.013,0.056
-0.012,0.058
-0.012,0.056
-0.013,0.057
-0.012,0.057
-0.011,0.058
-0.012,0.059
-0.010,0.058
-0.009,0.059
-0.010,0.059
-0.009,0.059
-0.007,0.059
-0.007,0.061
-0.008,0.060
-0.007,0.059
-0.008,0.058
-0.007,0.056
-0.006,0.054
-0.010,0.054
-0.006,0.056
-0.005,0.058
-0.007,0.061
-0.006,0.061
-0.005,0.062
-0.005,0.064
-0.004,0.063
-0.004,0.062
-0.006,0.062
-0.003,0.060
-0.003,0.058
-0.005,0.056
-0.004,0.056
-0.004,0.056
-0.007,0.057
-0.005,0.055
-0.006,0.057
-0.007,0.058
-0.004,0.058
-0.006,0.058
-0.008,0.057
-0.004,0.057
-0.005,0.057
-0.006,0.055
-0.004,0.055
-0.006,0.056
-0.007,0.054
-0.005,0.053
-0.006,0.053
-0.007,0.050
-0.005,0.050
-0.008,0.050
-0.008,0.049
-0.006,0.050
-0.009,0.051
-0.009,0.051
-0.007,0.052
-0.010,0.053
-0.011,0.052
-0.009,0.052
-0.011,0.050
-0.011,0.048
-0.011,0.047
-0.013,0.047
-0.013,0.047
-0.013,0.047
-0.016,0.048
-0.016,0.048
-0.016,0.049
-0.018,0.047
-0.019,0.048
-0.018,0.048
-0.020,0.048
-0.020,0.048
-0.020,0.047
-0.021,0.046
-0.021,0.046
-0.019,0.047
-0.021,0.044
-0.022,0.044
-0.022,0.043
-0.024,0.043
-0.023,0.042
-0.024,0.042
-0.025,0.042
-0.025,0.042
-0.025,0.041
-0.027,0.040
-0.026,0.040
-0.026,0.040
-0.028,0.039
-0.027,0.037
-0.027,0.037
-0.029,0.036
-0.029,0.035
-0.029,0.036
-0.030,0.036
-0.030,0.037
-0.030,0.039
-0.032,0.039
-0.029,0.040
-0.031,0.039
-0.031,0.038
-0.030,0.040
-0.031,0.040
-0.031,0.041
-0.030,0.043
-0.031,0.043
-0.032,0.042
-0.030,0.042
-0.031,0.041
-0.030,0.038
-0.029,0.037
-0.031,0.035
-0.029,0.032
-0.029,0.033
-0.030,0.033
-0.029,0.031
-0.029,0.033
-0.029,0.033
-0.028,0.034
-0.027,0.037
-0.029,0.038
-0.028,0.038
-0.027,0.040
-0.028,0.039
-0.028,0.040
-0.028,0.041
-0.028,0.041
-0.028,0.042
-0.027,0.042
-0.028,0.042
-0.027,0.041
-0.026,0.041
-0.027,0.040
-0.026,0.040
-0.024,0.040
-0.023,0.039
-0.023,0.039
-0.022,0.039
-0.022,0.038
-0.022,0.038
-0.022,0.038
-0.023,0.038
-0.023,0.038
-0.023,0.038
-0.023,0.038
-0.023,0.037
-0.022,0.037
-0.023,0.036
-0.024,0.036
-0.022,0.035
-0.023,0.035
-0.023,0.034
-0.022,0.033
-0.023,0.034
-0.023,0.033
-0.020,0.032
-0.021,0.031
-0.020,0.031
-0.019,0.029
-0.019,0.027
-0.019,0.026
-0.019,0.026
-0.020,0.027
-0.020,0.029
-0.020,0.030
-0.021,0.031
-0.021,0.032
-0.021,0.031
-0.022,0.031
-0.021,0.033
-0.022,0.033
-0.022,0.033
-0.021,0.034
-0.021,0.034
-0.021,0.032
-0.021,0.032
-0.020,0.033
-0.021,0.032
-0.020,0.033
-0.020,0.033
-0.020,0.032
-0.019,0.032
-0.020,0.032
-0.020,0.031
-0.020,0.032
-0.019,0.033
-0.021,0.034
-0.019,0.035
-0.020,0.036
-0.021,0.035
-0.019,0.035
-0.020,0.035
-0.021,0.035
-0.020,0.034
-0.019,0.035
-0.020,0.035
-0.019,0.034
-0.020,0.034
-0.021,0.034
-0.020,0.034
-0.021,0.033
-0.022,0.031
-0.022,0.031
-0.022,0.031
-0.022,0.030
-0.022,0.030
-0.021,0.029
-0.024,0.028
-0.023,0.026
-0.024,0.026
-0.024,0.026
-0.026,0.027
-0.027,0.030
-0.028,0.031
-0.029,0.032
-0.029,0.032
-0.030,0.030
-0.029,0.029
-0.031,0.028
-0.031,0.026
-0.030,0.028
-0.032,0.029
-0.031,0.028
-0.031,0.029
-0.032,0.028
-0.032,0.026
-0.033,0.027
-0.035,0.025
-0.036,0.023
-0.037,0.024
-0.038,0.024
-0.037,0.023
-0.038,0.024
-0.039,0.024
-0.038,0.024
-0.038,0.025
-0.040,0.024
-0.039,0.024
-0.041,0.027
-0.041,0.025
-0.040,0.026
-0.041,0.028
-0.040,0.025
-0.039,0.025
-0.041,0.026
-0.040,0.024
-0.039,0.024
-0.041,0.025
-0.041,0.024
-0.040,0.026
-0.042,0.028
-0.042,0.028
-0.042,0.030
-0.044,0.032
-0.043,0.031
-0.044,0.033
-0.044,0.034
-0.044,0.033
-0.044,0.033
-0.044,0.032
-0.044,0.030
-0.045,0.030
-0.045,0.030
-0.043,0.028
-0.044,0.027
-0.044,0.027
-0.045,0.026
-0.045,0.026
-0.045,0.026
-0.045,0.025
-0.044,0.025
-0.044,0.025
-0.042,0.025
-0.042,0.025
-0.041,0.025
-0.040,0.025
-0.040,0.025
-0.038,0.024
-0.038,0.025
-0.037,0.024
-0.037,0.025
-0.036,0.026
-0.037,0.026
-0.037,0.026
-0.035,0.026
-0.035,0.026
-0.034,0.025
-0.034,0.024
-0.032,0.023
-0.031,0.022
-0.031,0.022
-0.030,0.022
-0.029,0.024
-0.029,0.025
-0.028,0.025
-0.027,0.027
-0.026,0.026
-0.025,0.025
-0.024,0.025
-0.024,0.024
-0.023,0.022
-0.023,0.023
-0.022,0.022
-0.021,0.021
-0.021,0.023
-0.020,0.022
-0.019,0.022
-0.019,0.023
-0.019,0.022
-0.018,0.021
-0.019,0.021
-0.018,0.020
-0.016,0.020
-0.017,0.022
-0.017,0.022
-0.016,0.024
-0.016,0.024
-0.016,0.022
-0.015,0.023
-0.015,0.022
-0.014,0.020
-0.014,0.019
-0.014,0.018
-0.013,0.018
-0.015,0.018
-0.015,0.018
-0.014,0.017
-0.015,0.018
-0.015,0.016
-0.014,0.016
-0.016,0.018
-0.016,0.017
-0.015,0.015
-0.018,0.015
-0.017,0.013
-0.016,0.011
-0.019,0.012
-0.017,0.010
-0.017,0.010
-0.018,0.011
-0.017,0.010
-0.016,0.009
-0.017,0.008
-0.017,0.007
-0.016,0.007
-0.018,0.007
-0.017,0.006
-0.017,0.007
-0.019,0.008
-0.018,0.008
-0.018,0.009
-0.020,0.010
-0.018,0.010
-0.019,0.010
-0.021,0.012
-0.019,0.010
-0.021,0.010
-0.022,0.010
-0.020,0.007
-0.022,0.006
-0.024,0.006
-0.023,0.006
-0.024,0.007
-0.027,0.007
-0.025,0.006
-0.026,0.006
-0.029,0.007
-0.027,0.005
-0.028,0.006
-0.029,0.006
-0.028,0.006
-0.029,0.007
-0.031,0.007
-0.028,0.008
-0.030,0.007
-0.032,0.008
-0.030,0.007
-0.033,0.008
-0.033,0.007
-0.032,0.008
-0.034,0.009
-0.033,0.008
-0.032,0.009
-0.034,0.008
-0.033,0.006
-0.033,0.006
-0.037,0.005
-0.035,0.003
-0.035,0.003
-0.038,0.001
-0.037,0.000
-0.037,0.001
-0.039,0.002
-0.036,0.003
-0.036,0.005
-0.037,0.005
-0.035,0.005
-0.033,0.004
-0.035,0.003
-0.033,0.003
-0.033,0.004
-0.034,0.003
-0.033,0.003
-0.033,0.003
-0.033,0.002
-0.032,0.002
-0.032,0.002
-0.033,0.002
-0.031,0.004
-0.031,0.005
-0.031,0.004
-0.029,0.005
-0.028,0.004
-0.029,0.001
-0.028,0.002
-0.027,0.001
-0.028,0.001
-0.027,0.000
-0.027,-0.001
-0.028,-0.001
-0.027,-0.000
-0.027,-0.002
-0.027,-0.002
-0.027,0.001
-0.026,0.001
-0.027,0.002
-0.025,0.004
-0.023,0.003
-0.024,0.004
-0.023,0.004
-0.021,0.003
-0.022,0.002
-0.022,0.002
-0.021,0.001
-0.023,0.000
-0.021,-0.000
-0.020,-0.001
-0.020,-0.000
-0.019,-0.001
-0.018,-0.001
-0.019,-0.000
-0.019,-0.001
-0.018,-0.001
-0.020,0.000
-0.018,0.000
-0.018,0.001
-0.020,0.002
-0.016,0.001
-0.016,0.001
-0.016,0.001
-0.015,0.000
-0.014,0.001
-0.016,0.003
-0.013,0.002
-0.013,0.003
-0.013,0.004
-0.011,0.004
-0.011,0.004
-0.012,0.005
-0.009,0.004
-0.008,0.003
-0.011,0.002
-0.008,0.001
-0.009,0.000
-0.010,0.000
-0.007,0.000
-0.009,0.000
-0.008,0.000
-0.006,-0.000
-0.006,0.001
-0.006,0.001
-0.003,0.001
-0.003,0.002
-0.004,0.001
-0.001,0.000
-0.003,-0.001
-0.003,-0.002
-0.001,-0.002
-0.002,-0.002
-0.002,-0.002
-0.000,-0.001
-0.002,-0.002
-0.002,-0.001
0.001,-0.001
-0.001,-0.002
0.000,-0.002
0.002,-0.002
0.001,0.001
0.002,0.000
0.004,0.000
0.003,0.002
0.004,0.001
0.006,0.000
0.004,-0.001
0.005,-0.001
0.006,-0.002
0.004,-0.003
0.004,-0.003
0.006,-0.005
0.004,-0.005
0.005,-0.007
0.007,-0.009
0.005,-0.010
0.007,-0.009
0.007,-0.009
0.005,-0.009
0.007,-0.009
0.008,-0.010
0.007,-0.010
0.007,-0.011
0.009,-0.010
0.008,-0.009
0.009,-0.009
0.009,-0.008
0.006,-0.008
0.008,-0.008
0.008,-0.008
0.007,-0.007
0.008,-0.007
0.008,-0.006
0.006,-0.008
0.008,-0.009
0.008,-0.009
0.007,-0.010
0.009,-0.009
0.009,-0.009
0.008,-0.008
0.010,-0.007
0.009,-0.007
0.008,-0.007
0.009,-0.007
0.010,-0.007
0.008,-0.008
0.011,-0.009
0.011,-0.010
0.010,-0.010
0.013,-0.011
0.013,-0.011
0.013,-0.011
0.015,-0.011
0.015,-0.010
0.014,-0.011
0.016,-0.010
0.016,-0.009
0.015,-0.010
0.016,-0.009
0.014,-0.008
0.016,-0.010
0.017,-0.010
0.016,-0.010
0.016,-0.013
0.017,-0.014
0.016,-0.015
0.016,-0.017
0.018,-0.016
0.016,-0.016
0.018,-0.016
0.019,-0.014
0.018,-0.013
0.019,-0.012
0.020,-0.010
0.019,-0.012
0.019,-0.012
0.020,-0.011
0.019,-0.011
0.020,-0.010
0.021,-0.009
0.020,-0.008
0.021,-0.009
0.021,-0.008
0.020,-0.010
0.020,-0.010
0.021,-0.010
0.020,-0.010
0.020,-0.009
0.021,-0.008
0.021,-0.008
0.021,-0.006
0.023,-0.005
0.023,-0.004
0.023,-0.003
0.023,-0.003
0.023,-0.004
0.024,-0.003
0.025,-0.005
0.024,-0.005
0.024,-0.005
0.025,-0.005
0.025,-0.004
0.026,-0.004
0.027,-0.004
0.026,-0.004
0.026,-0.004
0.028,-0.005
0.027,-0.004
0.026,-0.005
0.028,-0.005
0.027,-0.003
0.026,-0.004
0.028,-0.004
0.026,-0.003
0.026,-0.005
0.028,-0.005
0.027,-0.006
0.028,-0.007
0.029,-0.008
0.029,-0.008
0.031,-0.008
0.031,-0.009
0.030,-0.010
0.031,-0.009
0.033,-0.007
0.032,-0.007
0.033,-0.006
0.033,-0.006
0.033,-0.007
0.034,-0.007
0.032,-0.007
0.033,-0.008
0.034,-0.007
0.033,-0.007
0.032,-0.007
0.035,-0.006
0.034,-0.005
0.034,-0.006
0.036,-0.007
0.037,-0.008
0.038,-0.009
0.041,-0.011
0.042,-0.011
0.041,-0.011
0.044,-0.011
0.044,-0.010
0.043,-0.009
0.046,-0.007
0.044,-0.006
0.043,-0.005
0.045,-0.004
0.045,-0.003
0.045,-0.005
0.045,-0.006
0.044,-0.007
0.043,-0.008
0.046,-0.009
0.044,-0.009
0.044,-0.012
0.046,-0.011
0.045,-0.010
0.045,-0.011
0.046,-0.010
0.045,-0.007
0.045,-0.007
0.047,-0.006
0.045,-0.007
0.046,-0.008
0.047,-0.008
0.045,-0.009
0.046,-0.010
0.047,-0.008
0.045,-0.007
0.046,-0.009
0.046,-0.007
0.045,-0.008
0.047,-0.010
0.046,-0.009
0.045,-0.011
0.047,-0.011
0.046,-0.010
0.046,-0.012
0.046,-0.012
0.045,-0.010
0.046,-0.011
0.047,-0.011
0.045,-0.010
0.046,-0.011
0.048,-0.011
0.046,-0.010
0.047,-0.011
0.047,-0.009
0.044,-0.007
0.045,-0.008
0.046,-0.006
0.045,-0.004
0.045,-0.007
0.046,-0.006
0.046,-0.007
0.047,-0.007
0.047,-0.007
0.047,-0.008
0.048,-0.009
0.049,-0.008
0.049,-0.008
0.048,-0.008
0.049,-0.007
0.049,-0.007
0.048,-0.007
0.048,-0.006
0.048,-0.006
0.049,-0.007
0.049,-0.006
0.050,-0.005
0.051,-0.005
0.051,-0.003
0.053,-0.003
0.053,-0.003
0.053,-0.002
0.054,-0.003
0.054,-0.003
0.054,-0.003
0.055,-0.003
0.055,-0.003
0.054,-0.003
0.054,-0.003
0.054,-0.004
0.054,-0.004
0.055,-0.004
0.056,-0.004
0.056,-0.004
0.057,-0.003
0.057,-0.003
0.056,-0.003
0.057,-0.003
0.057,-0.003
0.056,-0.004
0.057,-0.004
0.057,-0.005
0.057,-0.006
0.057,-0.006
0.058,-0.007
0.059,-0.006
0.059,-0.006
0.060,-0.007
0.060,-0.007
0.062,-0.009
0.061,-0.009
0.060,-0.009
0.062,-0.010
0.062,-0.010
0.061,-0.009
0.064,-0.008
0.064,-0.008
0.063,-0.007
0.064,-0.007
0.065,-0.006
0.064,-0.005
0.065,-0.006
0.066,-0.006
0.066,-0.005
0.068,-0.005
0.069,-0.005
0.068,-0.005
0.070,-0.006
0.071,-0.006
0.071,-0.006
0.072,-0.007
0.074,-0.007
0.073,-0.005
0.074,-0.004
0.076,-0.003
0.075,-0.001
0.076,-0.001
0.078,-0.002
0.078,-0.002
0.079,-0.003
0.081,-0.003
0.081,-0.003
0.082,-0.004
0.084,-0.005
0.085,-0.003
0.088,-0.004
0.088,-0.004
0.088,-0.003
0.089,-0.004
0.090,-0.004
0.091,-0.003
0.091,-0.004
0.091,-0.004
0.092,-0.002
0.094,-0.002
0.095,-0.003
0.093,-0.003
0.096,-0.004
0.097,-0.002
0.096,-0.001
0.097,-0.003
0.098,-0.001
0.099,0.000
0.100,-0.001
0.101,-0.002
0.099,0.000
0.101,-0.003
0.102,-0.003
0.101,-0.004
0.103,-0.005
0.105,-0.004
0.103,-0.003
0.105,-0.003
0.103,-0.003
0.101,-0.001
0.105,-0.001
0.103,-0.001
0.104,-0.001
0.105,-0.002
0.104,0.000
0.104,-0.001
0.106,-0.002
0.102,0.001
0.104,-0.000
0.107,-0.000
0.104,-0.001
0.105,-0.005
0.108,-0.006
0.105,-0.007
0.107,-0.008
0.106,-0.007
0.105,-0.006
0.107,-0.006
0.108,-0.005
0.107,-0.005
0.107,-0.005
0.109,-0.003
0.107,-0.004
0.108,-0.004
0.106,-0.005
0.106,-0.005
0.109,-0.003
0.107,-0.002
0.106,-0.001
0.106,0.001
0.108,0.001
0.104,-0.000
0.105,-0.002
0.105,-0.002
0.104,-0.003
0.105,-0.004
0.104,-0.007
0.103,-0.006
0.104,-0.004
0.104,-0.004
0.102,-0.003
0.102,-0.001
0.101,0.001
0.101,0.002
0.102,0.003
0.101,0.003
0.099,0.003
0.101,0.002
0.101,0.000
0.099,-0.002
0.101,-0.003
0.101,-0.003
0.101,-0.004
0.101,-0.004
0.101,-0.005
0.100,-0.004
0.101,-0.003
0.101,-0.002
0.099,-0.002
0.099,-0.001
0.098,-0.001
0.097,-0.002
0.099,-0.002
0.095,-0.003
0.097,-0.003
0.099,-0.002
0.097,-0.003
0.097,-0.003
0.099,-0.001
0.099,0.001
0.098,0.000
0.098,0.001
0.097,0.002
0.098,0.002
0.099,0.000
0.097,-0.001
0.097,0.001
0.098,0.001
0.097,0.002
0.096,0.000
0.098,0.001
0.098,0.001
0.099,0.003
0.100,0.002
0.099,0.001
0.099,0.004
0.101,0.004
0.101,0.005
0.100,0.006
0.101,0.007
0.102,0.007
0.102,0.007
0.104,0.005
0.104,0.006
0.105,0.008
0.107,0.008
0.107,0.009
0.107,0.009
0.108,0.009
0.108,0.008
0.107,0.009
0.110,0.008
0.108,0.008
0.108,0.008
0.110,0.008
0.109,0.009
0.108,0.010
0.111,0.011
0.110,0.012
0.110,0.013
0.112,0.013
0.111,0.014
0.112,0.013
0.113,0.013
0.111,0.015
0.113,0.013
0.114,0.012
0.113,0.013
0.114,0.013
0.116,0.012
0.114,0.011
0.115,0.010
0.118,0.007
0.115,0.006
0.117,0.004
0.119,0.005
0.118,0.006
0.119,0.006
0.121,0.008
0.120,0.009
0.122,0.010
0.123,0.012
0.121,0.013
0.123,0.013
0.122,0.014
0.121,0.012
0.122,0.012
0.122,0.013
0.121,0.010
0.121,0.010
0.120,0.011
0.119,0.010
0.121,0.010
0.118,0.010
0.118,0.008
0.121,0.010
0.120,0.011
0.120,0.011
0.121,0.013
0.120,0.014
0.119,0.012
0.121,0.012
0.119,0.010
0.119,0.007
0.119,0.006
0.117,0.005
0.117,0.002
0.118,0.005
0.117,0.006
0.117,0.005
0.119,0.007
0.118,0.006
0.118,0.006
0.119,0.008
0.118,0.009
0.119,0.010
0.119,0.011
0.119,0.011
0.118,0.011
0.120,0.012
0.118,0.012
0.117,0.012
0.118,0.014
0.117,0.013
0.117,0.013
0.117,0.014
0.116,0.013
0.117,0.013
0.118,0.013
0.117,0.011
0.117,0.010
0.118,0.011
0.116,0.011
0.117,0.010
0.117,0.013
0.116,0.013
0.117,0.012
0.116,0.015
0.116,0.015
0.117,0.015
0.117,0.016
0.116,0.015
0.117,0.015
0.119,0.015
0.117,0.014
0.119,0.015
0.118,0.018
0.118,0.018
0.119,0.019
0.118,0.020
0.118,0.020
0.119,0.021
0.118,0.022
0.117,0.022
0.117,0.023
0.117,0.024
0.118,0.023
0.117,0.024
0.117,0.024
0.116,0.022
0.116,0.023
0.115,0.022
0.114,0.021
0.114,0.022
0.113,0.021
0.113,0.020
0.112,0.022
0.112,0.023
0.112,0.022
0.112,0.025
0.112,0.026
0.113,0.025
0.112,0.027
0.112,0.026
0.113,0.027
0.113,0.028
0.113,0.027
0.113,0.026
0.113,0.027
0.114,0.026
0.113,0.026
0.114,0.026
0.114,0.025
0.114,0.026
0.114,0.026
0.115,0.026
0.115,0.026
0.115,0.027
0.116,0.026
0.115,0.026
0.115,0.026
0.117,0.026
0.117,0.026
0.117,0.026
0.118,0.026
0.118,0.025
0.118,0.024
0.119,0.026
0.120,0.026
0.121,0.028
0.121,0.029
0.121,0.030
0.123,0.031
0.122,0.033
0.123,0.032
0.123,0.034
0.123,0.035
0.124,0.034
0.124,0.034
0.125,0.034
0.127,0.034
0.128,0.034
0.128,0.034
0.130,0.035
0.131,0.035
0.131,0.035
0.132,0.035
0.132,0.036
0.131,0.036
0.131,0.036
0.131,0.037
0.131,0.035
0.132,0.036
0.132,0.035
0.133,0.034
0.134,0.033
0.134,0.034
0.135,0.032
0.136,0.032
0.137,0.035
0.138,0.035
0.138,0.036
0.138,0.037
0.137,0.038
0.138,0.037
0.137,0.039
0.136,0.038
0.136,0.036
0.136,0.037
0.135,0.036
0.136,0.035
0.136,0.035
0.135,0.034
0.136,0.034
0.136,0.035
0.137,0.035
0.137,0.033
0.137,0.034
0.137,0.034
0.137,0.033
0.136,0.033
0.135,0.031
0.135,0.031
0.135,0.031
0.135,0.030
0.135,0.031
0.134,0.034
0.134,0.034
0.133,0.035
0.132,0.036
0.132,0.035
0.131,0.036
0.128,0.037
0.129,0.036
0.128,0.037
0.126,0.038
0.127,0.036
0.126,0.037
0.125,0.038
0.126,0.036
0.124,0.037
0.123,0.038
0.123,0.037
0.122,0.037
0.121,0.037
0.122,0.036
0.120,0.038
0.120,0.040
0.122,0.040
0.118,0.042
0.119,0.042
0.119,0.044
0.115,0.044
0.117,0.043
0.117,0.043
0.114,0.042
0.115,0.042
0.115,0.043
0.112,0.047
0.114,0.047
0.113,0.049
0.110,0.052
0.112,0.052
0.112,0.053
0.109,0.052
0.110,0.050
0.111,0.049
0.108,0.048
0.109,0.046
0.109,0.046
0.108,0.046
0.109,0.047
0.108,0.049
0.107,0.049
0.108,0.049
0.107,0.048
0.106,0.048
0.108,0.049
0.107,0.050
0.106,0.051
0.107,0.053
0.107,0.055
0.106,0.056
0.108,0.057
0.108,0.058
0.108,0.057
0.110,0.057
0.109,0.057
0.108,0.058
0.110,0.059
0.109,0.058
0.109,0.059
0.110,0.059
0.110,0.058
0.110,0.058
0.112,0.056
0.111,0.056
0.110,0.055
0.112,0.054
0.110,0.054
0.111,0.055
0.113,0.055
0.112,0.055
0.112,0.056
0.114,0.058
0.114,0.059
0.112,0.060
0.113,0.060
0.112,0.060
0.112,0.060
0.114,0.059
0.113,0.059
0.113,0.060
0.115,0.060
0.114,0.059
0.114,0.061
0.116,0.061
0.116,0.061
0.116,0.061
0.117,0.061
0.117,0.062
0.117,0.062
0.118,0.062
0.117,0.062
0.117,0.063
0.118,0.063
0.117,0.062
0.117,0.062
0.119,0.061
0.117,0.060
0.117,0.058
0.118,0.057
0.117,0.056
0.117,0.055
0.118,0.055
0.115,0.055
0.116,0.057
0.116,0.058
0.114,0.060
0.114,0.062
0.115,0.062
0.115,0.062
0.113,0.061
0.114,0.059
0.113,0.058
0.112,0.058
0.113,0.058
0.110,0.060
0.110,0.062
0.111,0.062
0.108,0.064
0.109,0.064
0.110,0.064
0.109,0.065
0.109,0.065
0.109,0.065
0.106,0.066
0.107,0.065
0.107,0.065
0.104,0.066
0.105,0.066
0.106,0.066
0.104,0.067
0.105,0.065
0.106,0.065
0.103,0.065
0.105,0.063
0.104,0.063
0.101,0.065
0.103,0.065
0.102,0.066
0.100,0.068
0.102,0.069
0.102,0.071
0.100,0.072
0.101,0.073
0.100,0.074
0.096,0.073
0.097,0.071
0.096,0.070
0.093,0.069
0.095,0.067
0.093,0.069
0.093,0.068
0.096,0.069
0.094,0.070
0.093,0.069
0.096,0.070
0.094,0.070
0.093,0.070
0.095,0.070
0.093,0.071
0.093,0.068
0.093,0.068
0.091,0.068
0.091,0.066
0.093,0.068
0.091,0.068
0.091,0.068
0.092,0.070
0.089,0.071
0.089,0.071
0.090,0.074
0.087,0.075
0.088,0.074
0.088,0.076
0.086,0.075
0.087,0.074
0.087,0.075
0.086,0.074
0.085,0.074
0.085,0.073
0.084,0.074
0.084,0.074
0.084,0.075
0.082,0.075
0.083,0.075
0.084,0.078
0.084,0.078
0.083,0.078
0.084,0.076
0.082,0.074
0.082,0.074
0.082,0.071
0.082,0.069
0.082,0.071
0.083,0.070
0.081,0.070
0.081,0.072
0.082,0.072
0.081,0.072
0.081,0.072
0.081,0.071
0.080,0.071
0.080,0.072
0.082,0.070
0.080,0.070
0.079,0.070
0.081,0.069
0.079,0.068
0.079,0.069
0.081,0.068
0.079,0.069
0.079,0.070
0.080,0.071
0.078,0.073
0.076,0.075
0.078,0.074
0.076,0.074
0.076,0.074
0.077,0.072
0.076,0.072
0.077,0.070
0.078,0.071
0.075,0.072
0.076,0.072
0.079,0.072
0.076,0.073
0.077,0.073
0.078,0.073
0.075,0.075
0.076,0.075
0.076,0.076
0.074,0.076
0.075,0.075
0.076,0.075
0.074,0.073
0.075,0.073
0.075,0.074
0.073,0.073
0.075,0.074
0.074,0.075
0.073,0.075
0.075,0.075
0.073,0.074
0.072,0.071
0.074,0.072
0.073,0.073
0.073,0.073
0.075,0.076
0.073,0.078
0.072,0.079
0.074,0.080
0.072,0.082
0.071,0.080
0.072,0.080
0.071,0.080
0.071,0.077
0.071,0.078
0.070,0.077
0.069,0.075
0.071,0.075
0.069,0.075
0.068,0.074
0.069,0.075
0.068,0.076
0.067,0.076
0.069,0.077
0.067,0.077
0.066,0.077
0.068,0.077
0.067,0.076
0.068,0.075
0.068,0.074
0.067,0.074
0.067,0.073
0.069,0.074
0.068,0.074
0.067,0.074
0.070,0.075
0.068,0.075
0.069,0.076
0.069,0.078
0.068,0.079
0.068,0.078
0.069,0.079
0.066,0.078
0.066,0.078
0.066,0.078
0.064,0.077
0.065,0.076
0.065,0.077
0.063,0.077
0.064,0.076
0.064,0.078
0.063,0.078
0.063,0.079
0.064,0.080
0.062,0.080
0.062,0.079
0.062,0.079
0.060,0.077
0.062,0.076
0.062,0.076
0.061,0.075
0.062,0.074
0.062,0.075
0.062,0.072
0.064,0.071
0.063,0.072
0.062,0.069
0.063,0.069
0.061,0.070
0.061,0.068
0.060,0.069
0.060,0.071
0.060,0.070
0.060,0.073
0.059,0.073
0.058,0.072
0.057,0.073
0.056,0.073
0.057,0.072
0.057,0.072
0.056,0.071
0.056,0.070
0.056,0.070
0.056,0.069
0.056,0.070
0.055,0.072
0.055,0.072
0.056,0.073
0.055,0.075
0.056,0.074
0.055,0.075
0.056,0.076
0.056,0.076
0.055,0.076
0.054,0.076
0.054,0.074
0.053,0.074
0.052,0.073
0.053,0.071
0.052,0.070
0.051,0.070
0.052,0.068
0.051,0.070
0.052,0.071
0.052,0.071
0.051,0.073
0.051,0.074
0.051,0.075
0.050,0.076
0.050,0.077
0.050,0.077
0.049,0.078
0.049,0.077
0.048,0.078
0.049,0.078
0.049,0.077
0.048,0.076
0.048,0.076
0.049,0.075
0.049,0.075
0.049,0.074
0.050,0.075
0.050,0.076
0.049,0.075
0.050,0.075
0.049,0.074
0.049,0.072
0.050,0.072
0.049,0.073
0.050,0.072
0.050,0.073
0.050,0.073
0.050,0.073
0.051,0.073
0.050,0.074
0.050,0.074
0.051,0.075
0.050,0.075
0.050,0.075
0.051,0.076
0.050,0.076
0.050,0.077
0.052,0.079
0.051,0.077
0.051,0.076
0.052,0.075
0.051,0.075
0.052,0.073
0.051,0.073
0.051,0.072
0.051,0.072
0.051,0.073
0.050,0.072
0.051,0.071
0.050,0.073
0.050,0.071
0.051,0.070
0.050,0.071
0.050,0.070
0.050,0.070
0.049,0.073
0.048,0.073
0.048,0.075
0.047,0.076
0.046,0.075
0.047,0.075
0.046,0.075
0.044,0.072
0.045,0.071
0.044,0.073
0.043,0.071
0.043,0.070
0.042,0.070
0.041,0.069
0.041,0.067
0.040,0.067
0.039,0.068
0.039,0.068
0.039,0.069
0.038,0.069
0.037,0.069
0.037,0.069
0.036,0.068
0.037,0.068
0.036,0.068
0.036,0.067
0.037,0.068
0.036,0.069
0.036,0.068
0.036,0.069
0.036,0.071
0.036,0.070
0.036,0.069
0.037,0.069
0.036,0.067
0.036,0.067
0.036,0.067
0.036,0.065
0.036,0.065
0.036,0.065
0.036,0.063
0.037,0.065
0.036,0.064
0.036,0.062
0.036,0.063
0.035,0.063
0.036,0.062
0.034,0.063
0.034,0.063
0.034,0.062
0.033,0.064
0.034,0.063
0.034,0.063
0.034,0.064
0.034,0.064
0.034,0.064
0.032,0.065
0.032,0.064
0.032,0.065
0.029,0.066
0.029,0.065
0.029,0.066
0.025,0.067
0.028,0.065
0.028,0.067
0.025,0.068
0.028,0.067
0.027,0.067
0.024,0.069
0.024,0.067
0.024,0.067
0.021,0.066
0.022,0.064
0.021,0.065
0.018,0.064
0.019,0.063
0.018,0.063
0.016,0.062
0.016,0.062
0.015,0.062
0.013,0.062
0.013,0.061
0.011,0.062
0.012,0.062
0.012,0.063
0.010,0.063
0.010,0.062
0.011,0.063
0.010,0.062
0.010,0.061
0.009,0.060
0.007,0.060
0.006,0.060
0.007,0.061
0.006,0.061
0.006,0.061
0.006,0.063
0.005,0.063
0.004,0.062
0.002,0.062
0.002,0.060
0.001,0.062
0.000,0.060
-0.002,0.059
-0.003,0.059
-0.003,0.059
-0.004,0.056
-0.006,0.057
-0.007,0.058
-0.007,0.059
-0.009,0.061
-0.009,0.061
-0.010,0.061
-0.009,0.063
-0.010,0.063
-0.010,0.061
-0.012,0.063
-0.013,0.060
-0.012,0.059
-0.012,0.060
-0.012,0.057
-0.014,0.059
-0.014,0.059
-0.014,0.059
-0.014,0.057
-0.013,0.058
-0.012,0.057
-0.012,0.058
-0.013,0.058
-0.011,0.057
-0.014,0.058
-0.013,0.057
-0.013,0.058
-0.015,0.057
-0.016,0.058
-0.015,0.058
-0.016,0.057
-0.015,0.057
-0.013,0.055
-0.016,0.056
-0.016,0.055
-0.015,0.054
-0.018,0.056
-0.016,0.057
-0.014,0.058
-0.016,0.060
-0.016,0.060
-0.015,0.062
-0.017,0.062
-0.015,0.060
-0.014,0.059
-0.016,0.060
-0.015,0.058
-0.015,0.058
-0.016,0.058
-0.015,0.056
-0.012,0.055
-0.015,0.054
-0.013,0.053
-0.012,0.054
-0.015,0.052
-0.012,0.052
-0.011,0.052
-0.013,0.052
-0.011,0.051
-0.010,0.051
-0.010,0.051
-0.009,0.049
-0.009,0.049
-0.010,0.050
-0.007,0.052
-0.008,0.053
-0.009,0.053
-0.007,0.052
-0.007,0.053
-0.008,0.053
-0.006,0.052
-0.007,0.052
-0.009,0.051
-0.006,0.048
-0.007,0.046
-0.007,0.045
-0.007,0.045
-0.007,0.047
-0.008,0.047
-0.007,0.047
-0.006,0.049
-0.007,0.050
-0.005,0.050
-0.007,0.050
-0.008,0.051
-0.006,0.051
-0.007,0.049
-0.008,0.050
-0.007,0.049
-0.008,0.050
-0.009,0.050
-0.007,0.051
-0.008,0.049
-0.008,0.050
-0.007,0.049
-0.008,0.049
-0.009,0.051
-0.007,0.049
-0.008,0.049
-0.008,0.050
-0.007,0.049
-0.009,0.048
-0.011,0.049
-0.009,0.049
-0.012,0.045
-0.012,0.044
-0.011,0.042
-0.012,0.041
-0.014,0.040
-0.013,0.040
-0.015,0.039
-0.016,0.040
-0.015,0.041
-0.017,0.039
-0.018,0.040
-0.017,0.040
-0.019,0.040
-0.019,0.040
-0.018,0.041
-0.020,0.042
-0.021,0.043
-0.019,0.045
-0.022,0.045
-0.021,0.046
-0.019,0.046
-0.022,0.046
-0.022,0.045
-0.021,0.045
-0.023,0.045
-0.024,0.044
-0.022,0.044
-0.025,0.043
-0.026,0.042
-0.025,0.040
-0.027,0.040
-0.028,0.039
-0.027,0.038
-0.027,0.039
-0.028,0.039
-0.027,0.038
-0.028,0.037
-0.029,0.038
-0.027,0.036
-0.028,0.036
-0.028,0.036
-0.026,0.035
-0.028,0.035
-0.028,0.036
-0.026,0.036
-0.027,0.037
-0.028,0.037
-0.026,0.036
-0.028,0.037
-0.026,0.037
-0.025,0.037
-0.027,0.039
-0.026,0.038
-0.025,0.039
-0.027,0.039
-0.026,0.038
-0.024,0.039
-0.027,0.039
-0.026,0.039
-0.024,0.039
-0.027,0.040
-0.025,0.040
-0.024,0.040
-0.026,0.041
-0.025,0.040
-0.024,0.041
-0.025,0.039
-0.024,0.038
-0.024,0.038
-0.025,0.037
-0.022,0.037
-0.023,0.037
-0.024,0.036
-0.021,0.035
-0.021,0.036
-0.023,0.034
-0.020,0.034
-0.021,0.034
-0.022,0.033
-0.019,0.033
-0.021,0.032
-0.022,0.031
-0.019,0.031
-0.021,0.032
-0.020,0.032
-0.019,0.034
-0.020,0.036
-0.021,0.035
-0.018,0.037
-0.020,0.039
-0.020,0.037
-0.018,0.037
-0.021,0.038
-0.019,0.036
-0.018,0.037
-0.021,0.036
-0.020,0.034
-0.017,0.034
-0.020,0.032
-0.019,0.031
-0.017,0.032
-0.020,0.033
-0.019,0.032
-0.018,0.034
-0.020,0.035
-0.019,0.035
-0.018,0.036
-0.020,0.036
-0.020,0.035
-0.018,0.035
-0.020,0.033
-0.020,0.032
-0.018,0.034
-0.020,0.034
-0.020,0.034
-0.019,0.036
-0.020,0.034
-0.020,0.033
-0.019,0.031
-0.021,0.028
-0.020,0.026
-0.019,0.023
-0.020,0.021
-0.019,0.021
-0.019,0.021
-0.020,0.021
-0.020,0.022
-0.020,0.024
-0.020,0.024
-0.020,0.026
-0.020,0.025
-0.020,0.025
-0.020,0.025
-0.020,0.025
-0.020,0.024
-0.020,0.024
-0.019,0.024
-0.019,0.024
-0.019,0.025
-0.019,0.023
-0.020,0.024
-0.020,0.024
-0.020,0.023
-0.020,0.023
-0.021,0.023
-0.019,0.022
-0.022,0.022
-0.022,0.022
-0.021,0.021
-0.022,0.021
-0.022,0.020
-0.022,0.020
-0.022,0.021
-0.022,0.023
-0.022,0.023
-0.024,0.024
-0.023,0.026
-0.023,0.024
-0.025,0.023
-0.025,0.023
-0.025,0.022
-0.027,0.021
-0.027,0.019
-0.028,0.017
-0.029,0.016
-0.029,0.015
-0.030,0.015
-0.031,0.016
-0.031,0.018
-0.032,0.019
-0.033,0.019
-0.032,0.020
-0.033,0.021
-0.034,0.021
-0.034,0.021
-0.036,0.021
-0.037,0.020
-0.037,0.020
-0.039,0.019
-0.040,0.019
-0.040,0.019
-0.042,0.018
-0.042,0.017
-0.042,0.018
-0.042,0.018
-0.043,0.019
-0.042,0.020
-0.042,0.019
-0.043,0.020
-0.042,0.018
-0.042,0.017
-0.043,0.016
-0.041,0.015
-0.041,0.016
-0.042,0.015
-0.040,0.015
-0.042,0.015
-0.042,0.014
-0.041,0.013
-0.043,0.014
-0.043,0.014
-0.042,0.014
-0.044,0.015
-0.044,0.015
-0.042,0.017
-0.043,0.019
-0.043,0.019
-0.041,0.021
-0.042,0.022
-0.042,0.021
-0.039,0.021
-0.041,0.021
-0.041,0.018
-0.039,0.018
-0.041,0.018
-0.040,0.016
-0.038,0.017
-0.039,0.018
-0.037,0.017
-0.036,0.018
-0.038,0.019
-0.036,0.019
-0.036,0.020
-0.038,0.020
-0.037,0.019
-0.036,0.020
-0.038,0.019
-0.038,0.018
-0.038,0.019
-0.038,0.017
-0.036,0.016
-0.035,0.015
-0.034,0.013
-0.031,0.013
-0.030,0.013
-0.030,0.013
-0.028,0.013
-0.029,0.014
-0.029,0.011
-0.027,0.013
-0.028,0.013
-0.027,0.011
-0.026,0.011
-0.027,0.013
-0.026,0.012
-0.025,0.013
-0.025,0.013
-0.025,0.011
-0.023,0.012
-0.023,0.012
-0.022,0.012
-0.021,0.014
-0.021,0.015
-0.020,0.014
-0.019,0.014
-0.018,0.012
-0.017,0.010
-0.016,0.010
-0.016,0.010
-0.016,0.009
-0.016,0.011
-0.016,0.012
-0.016,0.012
-0.017,0.014
-0.016,0.014
-0.016,0.014
-0.016,0.014
-0.015,0.013
-0.015,0.012
-0.014,0.013
-0.014,0.011
-0.014,0.010
-0.014,0.009
-0.014,0.007
-0.014,0.006
-0.015,0.007
-0.015,0.006
-0.015,0.007
-0.015,0.008
-0.015,0.008
-0.014,0.008
-0.015,0.008
-0.015,0.008
-0.015,0.007
-0.015,0.008
-0.015,0.007
-0.014,0.007
-0.013,0.006
-0.014,0.006
-0.013,0.005
-0.013,0.005
-0.014,0.006
-0.015,0.006
-0.015,0.007
-0.015,0.007
-0.014,0.006
-0.014,0.008
-0.013,0.007
-0.013,0.008
-0.014,0.008
-0.014,0.008
-0.015,0.008
-0.017,0.007
-0.017,0.004
-0.019,0.004
-0.019,0.002
-0.021,0.000
-0.020,0.001
-0.021,0.000
-0.022,-0.002
-0.023,-0.002
-0.024,-0.003
-0.024,-0.004
-0.025,-0.004
-0.028,-0.004
-0.028,-0.004
-0.029,-0.005
-0.030,-0.004
-0.031,-0.005
-0.032,-0.004
-0.033,-0.003
-0.033,-0.004
-0.033,-0.003
-0.034,-0.002
-0.034,-0.003
-0.033,-0.003
-0.033,-0.003
-0.033,-0.003
-0.034,-0.004
-0.033,-0.004
-0.035,-0.003
-0.034,-0.003
-0.034,-0.002
-0.034,-0.001
-0.034,-0.002
-0.032,-0.001
-0.032,-0.001
-0.033,-0.002
-0.032,-0.002
-0.033,-0.002
-0.033,-0.003
-0.033,-0.003
-0.034,-0.004
-0.033,-0.004
-0.033,-0.003
-0.033,-0.002
-0.032,-0.002
-0.031,-0.002
-0.031,-0.003
-0.030,-0.004
-0.030,-0.002
-0.029,-0.003
-0.029,-0.003
-0.029,-0.001
-0.029,-0.003
-0.029,-0.003
-0.029,-0.003
-0.029,-0.005
-0.028,-0.005
-0.029,-0.006
-0.029,-0.008
-0.028,-0.007
-0.028,-0.006
-0.027,-0.008
-0.028,-0.007
-0.028,-0.008
-0.027,-0.009
-0.027,-0.007
-0.028,-0.006
-0.025,-0.007
-0.025,-0.005
-0.024,-0.004
-0.022,-0.005
-0.023,-0.004
-0.022,-0.006
-0.020,-0.007
-0.022,-0.007
-0.021,-0.009
-0.020,-0.009
-0.022,-0.008
-0.020,-0.009
-0.019,-0.007
-0.022,-0.005
-0.019,-0.007
-0.018,-0.008
-0.020,-0.007
-0.018,-0.009
-0.017,-0.010
-0.019,-0.010
-0.016,-0.011
-0.016,-0.010
-0.018,-0.010
-0.016,-0.010
-0.014,-0.008
-0.017,-0.006
-0.014,-0.006
-0.014,-0.004
-0.014,-0.004
-0.012,-0.005
-0.013,-0.005
-0.013,-0.004
-0.011,-0.005
-0.011,-0.006
-0.011,-0.005
-0.008,-0.005
-0.008,-0.005
-0.009,-0.005
-0.007,-0.005
-0.007,-0.004
-0.007,-0.003
-0.005,-0.002
-0.004,-0.002
-0.006,-0.003
-0.004,-0.003
-0.004,-0.003
-0.005,-0.002
-0.004,-0.002
-0.004,-0.001
-0.005,-0.001
-0.003,-0.002
-0.003,-0.002
-0.003,-0.002
0.000,-0.003
-0.000,-0.004
-0.001,-0.003
0.001,-0.004
0.000,-0.004
0.001,-0.005
0.003,-0.005
0.003,-0.005
0.002,-0.005
0.004,-0.003
0.002,-0.002
0.002,0.001
0.003,0.001
0.002,0.000
0.004,0.000
0.005,-0.002
0.003,-0.003
0.004,-0.004
0.004,-0.003
0.004,-0.003
0.004,-0.002
0.005,0.001
0.004,0.002
0.006,0.001
0.007,0.002
0.006,-0.000
0.007,-0.001
0.008,-0.003
0.007,-0.005
0.007,-0.007
0.009,-0.008
0.007,-0.009
0.010,-0.008
0.009,-0.009
0.008,-0.010
0.009,-0.009
0.008,-0.010
0.008,-0.011
0.008,-0.010
0.008,-0.010
0.008,-0.010
0.008,-0.009
0.009,-0.011
0.008,-0.012
0.010,-0.011
0.010,-0.013
0.010,-0.013
0.010,-0.013
0.010,-0.014
0.010,-0.014
0.010,-0.014
0.010,-0.016
0.009,-0.016
0.010,-0.015
0.011,-0.017
0.011,-0.017
0.011,-0.015
0.012,-0.015
0.011,-0.014
0.012,-0.014
0.013,-0.013
0.011,-0.012
0.012,-0.012
0.013,-0.013
0.012,-0.013
0.014,-0.014
0.014,-0.014
0.013,-0.012
0.016,-0.011
0.018,-0.011
0.016,-0.011
0.018,-0.011
0.018,-0.013
0.017,-0.013
0.018,-0.015
0.018,-0.016
0.015,-0.016
0.017,-0.016
0.018,-0.014
0.015,-0.012
0.018,-0.011
0.018,-0.009
0.016,-0.007
0.019,-0.008
0.019,-0.007
0.017,-0.007
0.020,-0.008
0.021,-0.006
0.019,-0.006
0.022,-0.007
0.022,-0.006
0.021,-0.005
0.024,-0.005
0.023,-0.003
0.022,-0.003
0.025,-0.004
0.025,-0.003
0.025,-0.006
0.026,-0.007
0.025,-0.006
0.025,-0.007
0.028,-0.008
0.025,-0.009
0.025,-0.011
0.028,-0.011
0.025,-0.011
0.026,-0.013
0.028,-0.012
0.027,-0.012
0.028,-0.013
0.031,-0.011
0.029,-0.010
0.030,-0.011
0.033,-0.010
0.030,-0.010
0.032,-0.012
0.032,-0.011
0.029,-0.011
0.030,-0.014
0.031,-0.013
0.029,-0.013
0.029,-0.012
0.031,-0.011
0.029,-0.010
0.031,-0.009
0.032,-0.006
0.031,-0.007
0.032,-0.007
0.033,-0.005
0.033,-0.007
0.034,-0.007
0.035,-0.007
0.034,-0.009
0.035,-0.010
0.035,-0.012
0.034,-0.013
0.035,-0.014
0.035,-0.014
0.035,-0.016
0.034,-0.015
0.035,-0.016
0.036,-0.017
0.036,-0.016
0.037,-0.015
0.036,-0.015
0.038,-0.013
0.039,-0.013
0.039,-0.013
0.040,-0.012
0.041,-0.013
0.041,-0.013
0.041,-0.012
0.043,-0.014
0.043,-0.014
0.043,-0.015
0.044,-0.016
0.043,-0.017
0.045,-0.017
0.046,-0.018
0.044,-0.018
0.044,-0.018
0.046,-0.018
0.043,-0.018
0.043,-0.018
0.044,-0.019
0.042,-0.019
0.043,-0.021
0.043,-0.022
0.043,-0.021
0.044,-0.021
0.046,-0.021
0.044,-0.019
0.045,-0.018
0.045,-0.017
0.043,-0.015
0.045,-0.015
0.045,-0.014
0.044,-0.014
0.045,-0.014
0.046,-0.015
0.045,-0.016
0.046,-0.015
0.045,-0.017
0.044,-0.016
0.045,-0.016
0.044,-0.016
0.044,-0.016
0.046,-0.016
0.045,-0.015
0.045,-0.016
0.048,-0.016
0.046,-0.016
0.046,-0.016
0.047,-0.014
0.046,-0.013
0.046,-0.013
0.047,-0.011
0.047,-0.012
0.047,-0.012
0.049,-0.011
0.048,-0.011
0.046,-0.010
0.049,-0.010
0.046,-0.008
0.046,-0.008
0.047,-0.009
0.045,-0.008
0.045,-0.009
0.047,-0.008
0.047,-0.008
0.046,-0.010
0.049,-0.012
0.047,-0.012
0.047,-0.014
0.049,-0.015
0.048,-0.014
0.049,-0.016
0.050,-0.016
0.049,-0.016
0.049,-0.018
0.052,-0.018
0.050,-0.018
0.050,-0.018
0.053,-0.018
0.051,-0.016
0.052,-0.016
0.054,-0.017
0.053,-0.017
0.053,-0.018
0.055,-0.017
0.054,-0.017
0.054,-0.016
0.056,-0.015
0.054,-0.015
0.056,-0.014
0.056,-0.013
0.055,-0.012
0.056,-0.013
0.057,-0.013
0.055,-0.013
0.056,-0.013
0.057,-0.013
0.055,-0.013
0.057,-0.011
0.059,-0.010
0.058,-0.008
0.059,-0.009
0.061,-0.006
0.060,-0.006
0.061,-0.008
0.062,-0.008
0.061,-0.009
0.062,-0.008
0.063,-0.009
0.063,-0.009
0.064,-0.007
0.063,-0.007
0.063,-0.009
0.064,-0.009
0.064,-0.008
0.064,-0.010
0.066,-0.009
0.065,-0.009
0.066,-0.011
0.067,-0.010
0.067,-0.010
0.068,-0.012
0.068,-0.009
0.068,-0.010
0.069,-0.011
0.070,-0.009
0.070,-0.009
0.071,-0.009
0.071,-0.008
0.071,-0.009
0.072,-0.010
0.073,-0.011
0.073,-0.012
0.073,-0.013
0.074,-0.011
0.074,-0.012
0.075,-0.012
0.076,-0.011
0.078,-0.010
0.080,-0.009
0.080,-0.007
0.081,-0.007
0.081,-0.008
0.081,-0.008
0.083,-0.010
0.083,-0.009
0.084,-0.010
0.085,-0.011
0.086,-0.010
0.087,-0.010
0.089,-0.009
0.088,-0.008
0.089,-0.005
0.091,-0.004
0.091,-0.004
0.093,-0.004
0.094,-0.004
0.095,-0.003
0.096,-0.005
0.095,-0.006
0.095,-0.005
0.097,-0.006
0.098,-0.007
0.097,-0.007
0.099,-0.006
0.099,-0.004
0.099,-0.004
0.101,-0.003
0.100,-0.002
0.102,-0.001
0.103,-0.002
0.103,-0.001
0.102,-0.003
0.105,-0.003
0.105,-0.004
0.106,-0.007
0.107,-0.007
0.106,-0.006
0.109,-0.006
0.110,-0.005
0.110,-0.004
0.109,-0.005
0.111,-0.003
0.110,-0.003
0.110,-0.003
0.111,-0.003
0.110,-0.004
0.112,-0.005
0.112,-0.005
0.112,-0.007
0.112,-0.008
0.112,-0.008
0.113,-0.009
0.114,-0.011
0.112,-0.009
0.112,-0.009
0.113,-0.009
0.112,-0.008
0.112,-0.007
0.113,-0.005
0.112,-0.003
0.112,-0.004
0.111,-0.005
0.109,-0.003
0.110,-0.005
0.110,-0.008
0.109,-0.010
0.108,-0.011
0.108,-0.011
0.108,-0.012
0.106,-0.013
0.106,-0.013
0.107,-0.010
0.106,-0.012
0.106,-0.011
0.105,-0.012
0.104,-0.013
0.106,-0.015
0.105,-0.014
0.103,-0.013
0.103,-0.013
0.102,-0.010
0.102,-0.010
0.101,-0.011
0.099,-0.009
0.099,-0.012
0.100,-0.011
0.098,-0.010
0.099,-0.012
0.100,-0.011
0.100,-0.010
0.101,-0.010
0.101,-0.010
0.100,-0.008
0.102,-0.009
0.102,-0.008
0.101,-0.009
0.101,-0.010
0.099,-0.007
0.099,-0.007
0.100,-0.008
0.098,-0.006
0.100,-0.005
0.102,-0.005
0.100,-0.004
0.101,-0.005
0.101,-0.003
0.101,-0.002
0.101,-0.003
0.103,-0.003
0.101,-0.002
0.102,-0.003
0.103,-0.002
0.101,-0.002
0.102,-0.003
0.103,-0.002
0.101,-0.001
0.103,-0.002
0.102,-0.002
0.101,-0.002
0.104,-0.004
0.104,-0.006
0.101,-0.005
0.103,-0.005
0.103,-0.004
0.103,-0.002
0.105,-0.002
0.104,-0.000
0.105,0.000
0.107,0.002
0.105,0.002
0.105,0.001
0.108,0.000
0.108,-0.000
0.108,-0.001
0.110,-0.002
0.109,0.000
0.110,0.002
0.111,0.002
0.110,0.003
0.109,0.003
0.111,0.003
0.110,0.002
0.110,0.001
0.112,0.000
0.112,-0.001
0.111,-0.000
0.113,-0.001
0.113,0.000
0.112,0.001
0.114,0.002
0.114,0.001
0.113,0.003
0.114,0.002
0.114,0.002
0.114,0.003
0.115,0.001
0.115,0.002
0.114,0.003
0.117,0.002
0.116,0.003
0.117,0.003
0.119,0.003
0.118,0.002
0.119,0.003
0.119,0.003
0.118,0.002
0.118,0.003
0.118,0.004
0.118,0.005
0.118,0.006
0.119,0.008
0.117,0.009
0.119,0.009
0.120,0.010
0.117,0.011
0.119,0.012
0.120,0.013
0.119,0.012
0.120,0.012
0.120,0.011
0.120,0.010
0.119,0.010
0.120,0.010
0.119,0.011
0.119,0.011
0.120,0.010
0.119,0.010
0.120,0.011
0.121,0.010
0.120,0.010
0.119,0.010
0.120,0.008
0.117,0.009
0.117,0.009
0.117,0.006
0.115,0.008
0.115,0.008
0.115,0.009
0.114,0.010
0.114,0.010
0.116,0.010
0.114,0.010
0.115,0.010
0.117,0.009
0.115,0.011
0.118,0.010
0.118,0.011
0.115,0.013
0.116,0.013
0.117,0.014
0.114,0.015
0.116,0.014
0.115,0.015
0.113,0.015
0.114,0.014
0.114,0.015
0.112,0.015
0.114,0.016
0.114,0.018
0.113,0.019
0.115,0.020
0.114,0.020
0.114,0.019
0.116,0.020
0.114,0.018
0.113,0.018
0.115,0.018
0.113,0.020
0.112,0.019
0.114,0.021
0.112,0.022
0.112,0.021
0.115,0.022
0.114,0.023
0.114,0.022
0.116,0.023
0.114,0.024
0.114,0.023
0.115,0.023
0.114,0.023
0.113,0.022
0.115,0.022
0.112,0.022
0.112,0.021
0.114,0.021
0.110,0.022
0.111,0.022
0.112,0.022
0.110,0.022
0.110,0.020
0.112,0.021
0.110,0.022
0.111,0.022
0.113,0.023
0.111,0.023
0.112,0.023
0.113,0.022
0.111,0.020
0.111,0.020
0.111,0.021
0.110,0.021
0.109,0.023
0.111,0.026
0.110,0.026
0.111,0.028
0.112,0.028
0.111,0.028
0.112,0.027
0.112,0.027
0.111,0.025
0.112,0.026
0.114,0.026
0.113,0.027
0.115,0.027
0.115,0.027
0.115,0.028
0.117,0.028
0.118,0.028
0.118,0.029
0.119,0.030
0.121,0.031
0.119,0.031
0.121,0.031
0.121,0.031
0.121,0.031
0.122,0.031
0.122,0.031
0.123,0.030
0.124,0.031
0.124,0.031
0.124,0.030
0.126,0.031
0.124,0.031
0.125,0.030
0.127,0.033
0.126,0.032
0.127,0.030
0.128,0.031
0.129,0.030
0.129,0.030
0.131,0.032
0.131,0.031
0.132,0.031
0.133,0.032
0.132,0.032
0.134,0.032
0.135,0.033
0.135,0.033
0.135,0.032
0.136,0.034
0.136,0.032
0.136,0.031
0.137,0.032
0.136,0.030
0.137,0.031
0.138,0.032
0.138,0.031
0.138,0.030
0.138,0.030
0.139,0.029
0.138,0.029
0.139,0.030
0.139,0.030
0.139,0.032
0.139,0.033
0.138,0.035
0.138,0.038
0.138,0.039
0.139,0.039
0.138,0.041
0.139,0.041
0.139,0.041
0.138,0.041
0.139,0.042
0.138,0.041
0.138,0.040
0.139,0.038
0.139,0.038
0.138,0.038
0.139,0.039
0.138,0.040
0.138,0.039
0.139,0.038
0.137,0.037
0.136,0.036
0.138,0.037
0.136,0.038
0.135,0.037
0.136,0.039
0.134,0.039
0.133,0.039
0.134,0.038
0.130,0.038
0.129,0.037
0.130,0.037
0.127,0.038
0.126,0.036
0.126,0.037
0.123,0.036
0.123,0.035
0.125,0.037
0.122,0.037
0.123,0.037
0.123,0.039
0.121,0.040
0.120,0.039
0.121,0.041
0.119,0.041
0.118,0.040
0.119,0.041
0.117,0.041
0.117,0.040
0.115,0.041
0.115,0.042
0.116,0.043
0.114,0.045
0.115,0.045
0.116,0.046
0.115,0.048
0.114,0.047
0.115,0.047
0.114,0.047
0.112,0.045
0.112,0.044
0.110,0.045
0.110,0.045
0.111,0.047
0.110,0.049
0.110,0.049
0.111,0.051
0.110,0.053
0.109,0.053
0.110,0.053
0.109,0.053
0.109,0.052
0.109,0.052
0.109,0.053
0.109,0.051
0.109,0.050
0.110,0.050
0.109,0.050
0.110,0.051
0.110,0.051
0.110,0.052
0.109,0.053
0.109,0.054
0.109,0.054
0.109,0.055
0.109,0.055
0.109,0.055
0.109,0.055
0.108,0.054
0.109,0.052
0.109,0.052
0.109,0.052
0.110,0.050
0.110,0.053
0.110,0.054
0.112,0.053
0.112,0.055
0.113,0.056
0.114,0.056
0.115,0.058
0.114,0.059
0.116,0.059
0.116,0.060
0.115,0.060
0.117,0.059
0.117,0.062
0.117,0.061
0.119,0.061
0.118,0.061
0.119,0.060
0.120,0.060
0.119,0.061
0.119,0.062
0.120,0.063
0.118,0.064
0.119,0.063
0.119,0.062
0.119,0.062
0.120,0.058
0.120,0.058
0.119,0.057
0.120,0.056
0.121,0.057
0.118,0.059
0.120,0.059
0.119,0.061
0.118,0.062
0.119,0.061
0.117,0.063
0.117,0.065
0.117,0.064
0.117,0.066
0.115,0.066
0.116,0.065
0.116,0.066
0.114,0.065
0.114,0.063
0.113,0.064
0.112,0.063
0.111,0.063
0.110,0.065
0.110,0.066
0.111,0.066
0.109,0.066
0.109,0.066
0.109,0.065
0.107,0.064
0.107,0.064
0.107,0.065
0.107,0.064
0.107,0.064
0.106,0.064
0.107,0.064
0.107,0.066
0.106,0.067
0.105,0.068
0.105,0.069
0.104,0.069
0.103,0.068
0.103,0.067
0.102,0.067
0.102,0.064
0.101,0.065
0.100,0.063
0.100,0.062
0.100,0.063
0.099,0.062
0.099,0.062
0.099,0.065
0.098,0.066
0.098,0.065
0.097,0.066
0.097,0.065
0.097,0.063
0.095,0.065
0.094,0.063
0.094,0.062
0.093,0.064
0.092,0.062
0.093,0.061
0.091,0.062
0.092,0.062
0.092,0.063
0.091,0.066
0.092,0.065
0.092,0.067
0.091,0.068
0.091,0.067
0.091,0.069
0.090,0.068
0.090,0.068
0.088,0.067
0.087,0.066
0.088,0.065
0.086,0.065
0.086,0.064
0.087,0.063
0.085,0.066
0.085,0.065
0.086,0.066
0.084,0.068
0.084,0.067
0.085,0.067
0.082,0.068
0.083,0.067
0.083,0.067
0.080,0.070
0.080,0.068
0.080,0.068
0.078,0.069
0.079,0.067
0.080,0.068
0.078,0.069
0.081,0.068
0.080,0.069
0.078,0.072
0.080,0.071
0.079,0.072
0.077,0.072
0.077,0.071
0.077,0.071
0.076,0.070
0.077,0.070
0.077,0.070
0.076,0.073
0.078,0.073
0.077,0.074
0.075,0.074
0.077,0.074
0.077,0.074
0.076,0.074
0.076,0.074
0.076,0.075
0.075,0.074
0.077,0.073
0.076,0.073
0.075,0.073
0.077,0.072
0.076,0.072
0.076,0.073
0.077,0.072
0.076,0.073
0.075,0.072
0.076,0.072
0.075,0.070
0.073,0.071
0.074,0.070
0.074,0.069
0.073,0.068
0.074,0.067
0.074,0.068
0.074,0.068
0.075,0.068
0.074,0.068
0.075,0.068
0.075,0.067
0.074,0.066
0.073,0.066
0.074,0.065
0.074,0.065
0.074,0.065
0.073,0.065
0.074,0.066
0.073,0.068
0.074,0.067
0.074,0.067
0.074,0.067
0.075,0.067
0.074,0.067
0.072,0.067
0.072,0.068
0.071,0.069
0.071,0.071
0.072,0.072
0.071,0.072
0.072,0.074
0.072,0.074
0.071,0.073
0.072,0.072
0.073,0.071
0.072,0.070
0.072,0.070
0.072,0.070
0.071,0.070
0.070,0.070
0.071,0.071
0.069,0.072
0.070,0.071
0.070,0.072
0.069,0.072
0.069,0.073
0.069,0.072
0.068,0.072
0.069,0.073
0.069,0.072
0.067,0.072
0.067,0.073
0.068,0.072
0.067,0.073
0.068,0.074
0.068,0.074
0.067,0.075
0.067,0.075
0.068,0.075
0.065,0.075
0.066,0.075
0.066,0.074
0.065,0.074
0.065,0.074
0.065,0.074
0.064,0.074
0.064,0.073
0.064,0.072
0.062,0.072
0.063,0.072
0.063,0.071
0.061,0.073
0.062,0.073
0.063,0.074
0.061,0.075
0.062,0.074
0.064,0.075
0.062,0.075
0.062,0.075
0.063,0.075
0.061,0.075
0.062,0.073
0.062,0.073
0.060,0.075
0.062,0.075
0.062,0.076
0.059,0.077
0.062,0.077
0.060,0.077
0.059,0.077
0.061,0.077
0.059,0.077
0.058,0.075
0.059,0.072
0.058,0.071
0.057,0.068
0.058,0.066
0.056,0.066
0.055,0.064
0.058,0.065
0.056,0.065
0.056,0.066
0.058,0.068
0.054,0.071
0.054,0.072
0.056,0.074
0.053,0.075
0.053,0.075
0.056,0.076
0.052,0.076
0.052,0.075
0.054,0.075
0.050,0.075
0.051,0.074
0.052,0.075
0.049,0.075
0.050,0.073
0.051,0.074
0.049,0.073
0.049,0.073
0.050,0.073
0.048,0.072
0.048,0.072
0.049,0.071
0.047,0.071
0.047,0.071
0.049,0.072
0.048,0.071
0.048,0.070
0.047,0.069
0.047,0.067
0.048,0.066
0.048,0.065
0.047,0.065
0.047,0.066
0.048,0.067
0.048,0.067
0.048,0.067
0.049,0.069
0.049,0.069
0.050,0.071
0.050,0.070
0.050,0.070
0.051,0.069
0.052,0.067
0.051,0.066
0.052,0.066
0.052,0.065
0.050,0.065
0.050,0.067
0.050,0.067
0.049,0.068
0.049,0.068
0.050,0.067
0.049,0.067
0.050,0.066
0.051,0.063
0.049,0.062
0.051,0.061
0.051,0.060
0.049,0.061
0.050,0.062
0.050,0.063
0.049,0.065
0.049,0.067
0.049,0.068
0.047,0.069
0.048,0.069
0.049,0.068
0.047,0.067
0.049,0.067
0.049,0.065
0.047,0.065
0.048,0.066
0.048,0.065
0.046,0.065
0.046,0.066
0.046,0.066
0.044,0.067
0.045,0.068
0.045,0.068
0.044,0.068
0.046,0.068
0.045,0.067
0.045,0.065
0.046,0.064
0.045,0.063
0.045,0.061
0.046,0.061
0.045,0.061
0.044,0.061
0.045,0.062
0.043,0.062
0.042,0.061
0.043,0.061
0.042,0.062
0.041,0.063
0.043,0.063
0.041,0.063
0.040,0.064
0.041,0.064
0.038,0.065
0.038,0.065
0.040,0.064
0.038,0.066
0.037,0.065
0.039,0.064
0.038,0.064
0.036,0.063
0.038,0.062
0.037,0.061
0.036,0.061
0.038,0.061
0.036,0.061
0.036,0.062
0.037,0.062
0.035,0.062
0.035,0.063
0.037,0.063
0.035,0.062
0.034,0.063
0.036,0.062
0.035,0.062
0.034,0.060
0.035,0.061
0.034,0.061
0.034,0.060
0.036,0.061
0.033,0.061
0.034,0.060
0.035,0.060
0.032,0.060
0.032,0.058
0.033,0.058
0.030,0.058
0.030,0.056
0.031,0.056
0.028,0.055
0.028,0.054
0.030,0.055
0.026,0.054
0.028,0.053
0.028,0.054
0.025,0.053
0.025,0.052
0.026,0.052
0.024,0.051
0.025,0.050
0.026,0.050
0.023,0.051
0.026,0.052
0.023,0.053
0.022,0.053
0.023,0.055
0.021,0.057
0.020,0.056
0.020,0.056
0.018,0.056
0.017,0.052
0.017,0.052
0.015,0.051
0.016,0.049
0.015,0.050
0.013,0.051
0.013,0.049
0.014,0.049
0.011,0.047
0.011,0.044
0.012,0.045
0.008,0.045
0.008,0.044
0.008,0.046
0.006,0.047
0.006,0.047
0.005,0.050
0.003,0.050
0.003,0.048
0.004,0.049
0.002,0.044
0.003,0.042
0.002,0.044
-0.001,0.043
-0.002,0.043
-0.002,0.043
-0.003,0.043
-0.003,0.044
-0.003,0.046
-0.006,0.045
-0.006,0.045
-0.006,0.046
-0.007,0.043
-0.008,0.043
-0.008,0.044
-0.009,0.045
-0.011,0.045
-0.010,0.047
-0.010,0.046
-0.011,0.047
-0.011,0.049
-0.011,0.048
-0.014,0.049
-0.013,0.050
-0.013,0.049
-0.013,0.049
-0.012,0.049
-0.013,0.049
-0.015,0.051
-0.014,0.051
-0.015,0.050
-0.017,0.051
-0.015,0.053
-0.016,0.053
-0.017,0.055
-0.016,0.056
-0.017,0.057
-0.016,0.056
-0.015,0.056
-0.016,0.055
-0.016,0.055
-0.015,0.054
-0.016,0.054
-0.016,0.052
-0.015,0.053
-0.015,0.053
-0.016,0.051
-0.015,0.051
-0.016,0.049
-0.016,0.048
-0.012,0.047
-0.014,0.047
-0.013,0.046
-0.013,0.047
-0.013,0.048
-0.011,0.047
-0.011,0.046
-0.012,0.047
-0.012,0.047
-0.011,0.048
-0.013,0.047
-0.011,0.047
-0.010,0.047
-0.010,0.047
-0.009,0.045
-0.011,0.045
-0.010,0.044
-0.009,0.043
-0.008,0.042
-0.008,0.041
-0.008,0.041
-0.008,0.044
-0.007,0.044
-0.007,0.044
-0.009,0.045
-0.007,0.044
-0.006,0.043
-0.007,0.043
-0.008,0.042
-0.008,0.042
-0.007,0.041
-0.009,0.041
-0.009,0.042
-0.010,0.043
-0.011,0.040
-0.010,0.040
-0.011,0.040
-0.012,0.038
-0.010,0.039
-0.011,0.039
-0.012,0.039
-0.010,0.038
-0.011,0.038
-0.011,0.038
-0.011,0.037
-0.011,0.039
-0.011,0.039
-0.009,0.040
-0.010,0.041
-0.011,0.040
-0.010,0.040
-0.010,0.042
-0.010,0.042
-0.009,0.042
-0.010,0.042
-0.010,0.042
-0.010,0.043
-0.010,0.044
-0.012,0.042
-0.011,0.045
-0.011,0.045
-0.011,0.044
-0.011,0.044
-0.013,0.045
-0.013,0.044
-0.014,0.044
-0.015,0.044
-0.015,0.043
-0.015,0.045
-0.015,0.044
-0.016,0.043
-0.016,0.042
-0.018,0.041
-0.017,0.039
-0.017,0.039
-0.018,0.039
-0.018,0.039
-0.018,0.040
-0.019,0.040
-0.019,0.040
-0.019,0.040
-0.019,0.039
-0.018,0.038
-0.020,0.041
-0.020,0.041
-0.020,0.040
-0.023,0.041
-0.023,0.038
-0.023,0.037
-0.024,0.038
-0.024,0.036
-0.023,0.036
-0.025,0.035
-0.024,0.033
-0.025,0.033
-0.027,0.033
-0.025,0.031
-0.026,0.031
-0.029,0.031
-0.027,0.029
-0.028,0.030
-0.029,0.030
-0.029,0.030
-0.029,0.030
-0.031,0.030
-0.030,0.030
-0.030,0.030
-0.031,0.032
-0.030,0.031
-0.030,0.032
-0.030,0.033
-0.030,0.032
-0.029,0.032
-0.029,0.032
-0.029,0.032
-0.029,0.033
-0.029,0.032
-0.029,0.031
-0.029,0.030
-0.028,0.030
-0.028,0.029
-0.028,0.027
-0.027,0.027
-0.026,0.029
-0.026,0.029
-0.025,0.030
-0.026,0.030
-0.027,0.029
-0.025,0.030
-0.026,0.030
-0.026,0.030
-0.026,0.032
-0.027,0.033
-0.026,0.035
-0.027,0.037
-0.028,0.037
-0.028,0.037
-0.028,0.038
-0.028,0.037
-0.028,0.036
-0.028,0.036
-0.027,0.034
-0.025,0.032
-0.026,0.032
-0.026,0.031
-0.025,0.029
-0.026,0.031
-0.026,0.029
-0.026,0.029
-0.026,0.030
-0.025,0.029
-0.024,0.029
-0.025,0.029
-0.024,0.027
-0.024,0.027
-0.026,0.028
-0.026,0.025
-0.026,0.026
-0.027,0.026
-0.026,0.024
-0.026,0.025
-0.025,0.025
-0.023,0.024
-0.024,0.024
-0.024,0.025
-0.023,0.025
-0.025,0.027
-0.026,0.026
-0.025,0.025
-0.027,0.027
-0.026,0.024
-0.026,0.023
-0.028,0.023
-0.027,0.021
-0.025,0.021
-0.027,0.022
-0.025,0.021
-0.024,0.021
-0.025,0.023
-0.023,0.022
-0.022,0.022
-0.024,0.023
-0.022,0.022
-0.020,0.022
-0.021,0.023
-0.018,0.023
-0.019,0.023
-0.020,0.023
-0.019,0.023
-0.019,0.023
-0.021,0.023
-0.020,0.022
-0.020,0.022
-0.021,0.021
-0.020,0.020
-0.020,0.020
-0.022,0.021
-0.019,0.021
-0.020,0.021
-0.020,0.021
-0.018,0.021
-0.018,0.022
-0.020,0.023
-0.018,0.024
-0.020,0.026
-0.021,0.027
-0.020,0.028
-0.022,0.028
-0.022,0.028
-0.021,0.027
-0.023,0.027
-0.023,0.027
-0.022,0.026
-0.022,0.027
-0.024,0.026
-0.022,0.026
-0.023,0.025
-0.025,0.024
-0.024,0.023
-0.025,0.023
-0.026,0.023
-0.025,0.022
-0.027,0.021
-0.028,0.020
-0.027,0.020
-0.029,0.019
-0.029,0.020
-0.030,0.020
-0.031,0.020
-0.032,0.020
-0.032,0.020
-0.033,0.021
-0.034,0.020
-0.035,0.020
-0.036,0.019
-0.037,0.019
-0.036,0.018
-0.038,0.017
-0.038,0.017
-0.037,0.017
-0.039,0.016
-0.040,0.016
-0.040,0.015
-0.041,0.014
-0.042,0.014
-0.041,0.012
-0.042,0.012
-0.041,0.014
-0.041,0.014
-0.042,0.015
-0.043,0.016
-0.044,0.017
-0.045,0.017
-0.046,0.017
-0.046,0.017
-0.047,0.016
-0.046,0.016
-0.046,0.016
-0.046,0.017
-0.046,0.017
-0.045,0.016
-0.046,0.017
-0.046,0.017
-0.045,0.018
-0.048,0.019
-0.048,0.021
-0.047,0.023
-0.049,0.023
-0.048,0.023
-0.048,0.023
-0.048,0.022
-0.048,0.021
-0.046,0.020
-0.047,0.019
-0.047,0.020
-0.046,0.019
-0.047,0.019
-0.046,0.018
-0.045,0.016
-0.046,0.016
-0.044,0.014
-0.044,0.013
-0.043,0.013
-0.042,0.013
-0.039,0.012
-0.041,0.013
-0.039,0.014
-0.037,0.013
-0.039,0.014
-0.037,0.014
-0.037,0.013
-0.037,0.012
-0.036,0.012
-0.034,0.011
-0.035,0.011
-0.033,0.011
-0.032,0.010
-0.033,0.011
-0.031,0.012
-0.030,0.013
-0.031,0.015
-0.030,0.016
-0.028,0.018
-0.030,0.019
-0.029,0.017
-0.027,0.017
-0.028,0.019
-0.025,0.017
-0.024,0.017
-0.025,0.018
-0.022,0.016
-0.023,0.016
-0.024,0.015
-0.022,0.014
-0.023,0.013
-0.024,0.014
-0.021,0.012
-0.022,0.013
-0.024,0.013
-0.020,0.013
-0.020,0.015
-0.021,0.014
-0.018,0.014
-0.020,0.014
-0.020,0.013
-0.017,0.012
-0.019,0.012
-0.018,0.010
-0.016,0.009
-0.018,0.010
-0.017,0.008
-0.015,0.008
-0.017,0.008
-0.016,0.005
-0.013,0.005
-0.015,0.003
-0.015,0.002
-0.012,0.002
-0.016,0.004
-0.015,0.003
-0.014,0.005
-0.016,0.005
-0.016,0.004
-0.015,0.006
-0.017,0.006
-0.016,0.007
-0.016,0.006
-0.018,0.007
-0.017,0.008
-0.015,0.007
-0.017,0.005
-0.017,0.004
-0.016,0.004
-0.017,0.000
-0.018,-0.001
-0.017,-0.001
-0.020,-0.001
-0.020,0.000
-0.021,0.001
-0.022,0.003
-0.022,0.004
-0.024,0.004
-0.025,0.004
-0.024,0.005
-0.024,0.004
-0.026,0.003
-0.023,0.003
-0.024,0.003
-0.025,0.004
-0.025,0.004
-0.026,0.004
-0.028,0.002
-0.028,0.002
-0.029,0.003
-0.032,0.003
-0.032,0.005
-0.033,0.004
-0.036,0.005
-0.035,0.004
-0.036,0.003
-0.036,0.003
-0.035,0.002
-0.035,0.002
-0.036,0.001
-0.035,0.002
-0.037,0.001
-0.039,0.001
-0.038,0.000
-0.039,0.000
-0.040,-0.001
-0.039,-0.001
-0.040,-0.001
-0.039,-0.002
-0.038,0.000
-0.038,-0.000
-0.038,0.000
-0.036,0.001
-0.038,0.001
-0.037,0.001
-0.037,0.001
-0.038,-0.001
-0.039,-0.003
-0.037,-0.001
-0.038,-0.003
-0.038,-0.003
-0.036,-0.001
-0.038,-0.001
-0.037,-0.000
-0.036,0.002
-0.037,0.002
-0.036,0.002
-0.035,0.004
-0.036,0.003
-0.036,0.002
-0.033,0.002
-0.035,0.000
-0.034,-0.001
-0.033,-0.003
-0.032,-0.004
-0.031,-0.004
-0.029,-0.004
-0.029,-0.003
-0.029,-0.002
-0.026,-0.001
-0.028,-0.001
-0.029,0.001
-0.026,0.001
-0.027,0.000
-0.027,-0.000
-0.025,-0.002
-0.025,-0.003
-0.025,-0.001
-0.023,-0.002
-0.023,-0.001
-0.024,0.001
-0.022,0.000
-0.023,0.000
-0.022,-0.001
-0.020,-0.003
-0.020,-0.004
-0.021,-0.006
-0.019,-0.007
-0.019,-0.007
-0.020,-0.008
-0.017,-0.008
-0.018,-0.007
-0.017,-0.008
-0.016,-0.008
-0.018,-0.007
-0.017,-0.007
-0.015,-0.008
-0.017,-0.007
-0.016,-0.009
-0.014,-0.009
-0.015,-0.009
-0.013,-0.009
-0.011,-0.010
-0.013,-0.008
-0.013,-0.010
-0.010,-0.010
-0.013,-0.010
-0.012,-0.011
-0.010,-0.011
-0.012,-0.011
-0.011,-0.013
-0.010,-0.014
-0.012,-0.014
-0.009,-0.015
-0.008,-0.012
-0.009,-0.010
-0.007,-0.009
-0.007,-0.006
-0.008,-0.007
-0.006,-0.006
-0.005,-0.006
-0.006,-0.009
-0.003,-0.009
-0.005,-0.009
-0.005,-0.012
-0.003,-0.012
-0.004,-0.011
-0.004,-0.014
-0.002,-0.013
-0.003,-0.013
-0.003,-0.013
-0.002,-0.011
-0.003,-0.011
-0.003,-0.012
-0.002,-0.012
-0.002,-0.012
-0.003,-0.014
-0.001,-0.016
-0.002,-0.017
-0.001,-0.020
0.000,-0.020
-0.001,-0.020
-0.000,-0.019
0.001,-0.016
0.001,-0.015
0.002,-0.014
0.003,-0.011
0.003,-0.011
0.003,-0.011
0.005,-0.010
0.004,-0.010
0.004,-0.010
0.005,-0.009
0.003,-0.009
0.003,-0.010
0.004,-0.009
0.003,-0.009
0.004,-0.012
0.004,-0.010
0.005,-0.011
0.005,-0.012
0.005,-0.009
0.004,-0.010
0.005,-0.010
0.005,-0.010
0.005,-0.011
0.006,-0.013
0.006,-0.012
0.006,-0.013
0.007,-0.013
0.006,-0.013
0.007,-0.014
0.007,-0.014
0.007,-0.013
0.008,-0.013
0.010,-0.013
0.010,-0.012
0.010,-0.013
0.010,-0.012
0.010,-0.012
0.010,-0.014
0.010,-0.012
0.011,-0.012
0.010,-0.013
0.011,-0.012
0.011,-0.010
0.012,-0.012
0.012,-0.011
0.011,-0.011
0.012,-0.012
0.013,-0.011
0.012,-0.011
0.013,-0.013
0.012,-0.011
0.012,-0.011
0.013,-0.009
0.012,-0.009
0.013,-0.009
0.012,-0.009
0.012,-0.011
0.014,-0.011
0.014,-0.011
0.015,-0.011
0.017,-0.011
0.016,-0.010
0.017,-0.011
0.017,-0.011
0.018,-0.010
0.017,-0.011
0.018,-0.010
0.017,-0.009
0.018,-0.009
0.018,-0.009
0.017,-0.007
0.018,-0.007
0.018,-0.007
0.018,-0.008
0.018,-0.010
0.019,-0.010
0.019,-0.011
0.020,-0.010
0.022,-0.009
0.021,-0.010
0.022,-0.009
0.023,-0.007
0.022,-0.007
0.023,-0.007
0.021,-0.006
0.022,-0.007
0.022,-0.006
0.022,-0.006
0.022,-0.008
0.022,-0.007
0.022,-0.006
0.022,-0.007
0.022,-0.007
0.023,-0.007
0.024,-0.008
0.023,-0.007
0.023,-0.009
0.024,-0.011
0.023,-0.011
0.023,-0.011
0.024,-0.009
0.023,-0.007
0.024,-0.007
0.026,-0.007
0.024,-0.006
0.026,-0.007
0.026,-0.009
0.025,-0.009
0.026,-0.011
0.028,-0.011
0.026,-0.009
0.027,-0.009
0.028,-0.009
0.027,-0.007
0.028,-0.008
0.028,-0.009
0.028,-0.007
0.030,-0.008
0.029,-0.009
0.029,-0.008
0.031,-0.010
0.032,-0.011
0.030,-0.011
0.032,-0.012
0.033,-0.012
0.032,-0.010
0.034,-0.010
0.035,-0.009
0.034,-0.007
0.036,-0.008
0.037,-0.007
0.036,-0.006
0.038,-0.007
0.039,-0.007
0.037,-0.007
0.040,-0.008
0.040,-0.008
0.039,-0.008
0.040,-0.009
0.040,-0.008
0.040,-0.008
0.040,-0.009
0.040,-0.010
0.038,-0.010
0.040,-0.012
0.039,-0.011
0.037,-0.011
0.040,-0.012
0.039,-0.011
0.039,-0.011
0.041,-0.011
0.042,-0.010
0.041,-0.009
0.043,-0.009
0.042,-0.009
0.042,-0.009
0.043,-0.011
0.041,-0.011
0.041,-0.013
0.041,-0.014
0.039,-0.015
0.039,-0.016
0.041,-0.016
0.039,-0.016
0.040,-0.016
0.042,-0.015
0.039,-0.013
0.041,-0.013
0.042,-0.010
0.039,-0.009
0.042,-0.010
0.042,-0.009
0.041,-0.010
0.042,-0.011
0.042,-0.011
0.040,-0.012
0.042,-0.011
0.042,-0.011
0.041,-0.011
0.042,-0.009
0.043,-0.008
0.042,-0.008
0.043,-0.007
0.043,-0.006
0.042,-0.007
0.043,-0.007
0.042,-0.009
0.043,-0.011
0.043,-0.011
0.043,-0.012
0.044,-0.013
0.045,-0.012
0.045,-0.011
0.046,-0.011
0.046,-0.008
0.047,-0.007
0.047,-0.007
0.048,-0.006
0.047,-0.007
0.047,-0.006
0.048,-0.006
0.048,-0.007
0.047,-0.007
0.049,-0.007
0.050,-0.009
0.049,-0.009
0.050,-0.010
0.052,-0.013
0.052,-0.013
0.052,-0.013
0.053,-0.014
0.053,-0.012
0.054,-0.011
0.054,-0.011
0.053,-0.010
0.056,-0.009
0.055,-0.010
0.055,-0.010
0.057,-0.009
0.056,-0.009
0.056,-0.009
0.057,-0.010
0.056,-0.010
0.056,-0.012
0.057,-0.013
0.056,-0.015
0.057,-0.016
0.060,-0.016
0.058,-0.015
0.058,-0.015
0.059,-0.014
0.059,-0.013
0.059,-0.013
0.060,-0.012
0.059,-0.012
0.058,-0.010
0.060,-0.010
0.058,-0.010
0.058,-0.011
0.060,-0.012
0.059,-0.013
0.058,-0.015
0.061,-0.015
0.060,-0.014
0.059,-0.013
0.061,-0.013
0.060,-0.011
0.061,-0.010
0.062,-0.010
0.062,-0.009
0.062,-0.008
0.063,-0.008
0.063,-0.008
0.062,-0.009
0.065,-0.010
0.063,-0.011
0.064,-0.011
0.067,-0.013
0.066,-0.010
0.066,-0.011
0.068,-0.013
0.067,-0.012
0.068,-0.012
0.070,-0.011
0.069,-0.009
0.071,-0.009
0.074,-0.009
0.073,-0.009
0.074,-0.011
0.076,-0.010
0.075,-0.008
0.075,-0.009
0.079,-0.010
0.076,-0.009
0.080,-0.009
0.082,-0.009
0.080,-0.010
0.081,-0.009
0.083,-0.009
0.084,-0.009
0.084,-0.011
0.088,-0.010
0.085,-0.009
0.088,-0.009
0.088,-0.009
0.088,-0.009
0.090,-0.008
0.091,-0.007
0.092,-0.009
0.093,-0.009
0.093,-0.009
0.093,-0.009
0.097,-0.011
0.097,-0.009
0.096,-0.009
0.099,-0.009
0.098,-0.010
0.099,-0.012
0.100,-0.013
0.101,-0.012
0.101,-0.014
0.103,-0.013
0.102,-0.012
0.103,-0.015
0.105,-0.014
0.105,-0.015
0.105,-0.017
0.106,-0.016
0.104,-0.015
0.105,-0.015
0.106,-0.014
0.105,-0.013
0.105,-0.014
0.105,-0.011
0.104,-0.011
0.104,-0.012
0.104,-0.011
0.104,-0.010
0.105,-0.011
0.106,-0.009
0.104,-0.008
0.105,-0.009
0.105,-0.008
0.106,-0.010
0.107,-0.010
0.105,-0.008
0.105,-0.008
0.106,-0.009
0.106,-0.008
0.106,-0.009
0.106,-0.008
0.107,-0.006
0.105,-0.006
0.105,-0.005
0.104,-0.004
0.106,-0.006
0.106,-0.006
0.105,-0.007
0.106,-0.008
0.105,-0.009
0.105,-0.009
0.104,-0.012
0.105,-0.012
0.104,-0.012
0.102,-0.012
0.101,-0.009
0.101,-0.010
0.101,-0.009
0.101,-0.010
0.101,-0.009
0.101,-0.008
0.101,-0.008
0.102,-0.007
0.101,-0.008
0.100,-0.008
0.101,-0.008
0.100,-0.007
0.097,-0.008
0.097,-0.008
0.097,-0.008
0.096,-0.008
0.097,-0.008
0.096,-0.010
0.095,-0.007
0.096,-0.007
0.096,-0.007
0.097,-0.004
0.098,-0.002
0.098,-0.001
0.099,0.001
0.098,0.001
0.098,-0.001
0.099,-0.001
0.098,-0.002
0.099,-0.004
0.097,-0.005
0.097,-0.006
0.097,-0.007
0.098,-0.011
0.097,-0.009
0.096,-0.010
0.096,-0.007
0.096,-0.004
0.096,-0.003
0.096,-0.003
0.098,-0.002
0.097,-0.000
0.097,-0.002
0.096,-0.000
0.095,-0.001
0.097,-0.002
0.098,-0.002
0.097,-0.003
0.097,-0.003
0.098,-0.004
0.097,-0.005
0.098,-0.007
0.098,-0.006
0.098,-0.007
0.099,-0.007
0.099,-0.004
0.100,-0.004
0.101,-0.003
0.101,-0.001
0.102,0.000
0.105,0.001
0.104,0.002
0.104,0.002
0.106,0.002
0.105,0.004
0.107,0.002
0.107,0.004
0.107,0.004
0.108,0.001
0.110,0.002
0.110,0.002
0.111,-0.000
0.112,0.000
0.111,0.000
0.112,-0.001
0.111,0.000
0.111,0.000
0.112,0.000
0.112,0.003
0.112,0.004
0.113,0.004
0.114,0.005
0.112,0.006
0.114,0.004
0.113,0.006
0.113,0.005
0.113,0.004
0.112,0.007
0.113,0.006
0.113,0.006
0.113,0.008
0.114,0.007
0.116,0.008
0.114,0.009
0.116,0.008
0.118,0.008
0.115,0.010
0.117,0.009
0.119,0.009
0.116,0.010
0.117,0.008
0.118,0.010
0.117,0.011
0.118,0.011
0.118,0.010
0.115,0.011
0.117,0.009
0.117,0.008
0.116,0.008
0.117,0.006
0.117,0.007
0.117,0.006
0.118,0.006
0.118,0.006
0.116,0.007
0.118,0.006
0.116,0.007
0.115,0.008
0.116,0.008
0.116,0.009
0.115,0.009
0.116,0.010
0.116,0.010
0.116,0.010
0.118,0.010
0.117,0.009
0.117,0.010
0.117,0.009
0.117,0.010
0.116,0.010
0.116,0.011
0.115,0.011
0.114,0.012
0.115,0.013
0.114,0.014
0.114,0.014
0.114,0.013
0.114,0.013
0.114,0.014
0.114,0.013
0.113,0.013
0.113,0.014
0.114,0.015
0.114,0.014
0.113,0.015
0.114,0.015
0.114,0.014
0.114,0.015
0.114,0.015
0.114,0.015
0.114,0.015
0.115,0.015
0.114,0.015
0.114,0.013
0.116,0.014
0.114,0.013
0.115,0.012
0.116,0.012
0.114,0.012
0.115,0.012
0.115,0.013
0.113,0.013
0.114,0.015
0.114,0.016
0.113,0.017
0.114,0.019
0.114,0.019
0.114,0.019
0.115,0.020
0.114,0.020
0.114,0.020
0.115,0.020
0.115,0.021
0.113,0.022
0.112,0.024
0.112,0.023
0.110,0.023
0.110,0.023
0.111,0.022
0.111,0.021
0.112,0.022
0.112,0.021
0.111,0.020
0.110,0.021
0.110,0.020
0.109,0.021
0.109,0.022
0.109,0.021
0.108,0.021
0.109,0.021
0.110,0.020
0.109,0.021
0.110,0.022
0.112,0.022
0.111,0.023
0.112,0.023
0.112,0.023
0.112,0.025
0.114,0.024
0.114,0.024
0.113,0.024
0.114,0.023
0.115,0.023
0.113,0.023
0.115,0.023
0.116,0.023
0.114,0.025
0.117,0.023
0.117,0.024
0.115,0.026
0.117,0.024
0.117,0.025
0.117,0.026
0.121,0.025
0.121,0.026
0.120,0.026
0.124,0.026
0.122,0.027
0.123,0.028
0.125,0.028
0.124,0.030
0.124,0.031
0.127,0.033
0.125,0.035
0.126,0.034
0.129,0.036
0.127,0.036
0.129,0.036
0.132,0.036
0.130,0.036
0.132,0.034
0.134,0.034
0.133,0.035
0.133,0.034
0.136,0.034
0.134,0.034
0.135,0.034
0.136,0.033
0.134,0.034
0.135,0.032
0.136,0.033
0.134,0.032
0.136,0.032
0.137,0.033
0.137,0.031
0.138,0.031
0.139,0.030
0.138,0.031
0.139,0.031
0.139,0.033
0.137,0.033
0.139,0.034
0.139,0.035
0.137,0.035
0.138,0.036
0.138,0.036
0.136,0.035
0.136,0.035
0.137,0.034
0.135,0.034
0.137,0.035
0.138,0.035
0.136,0.036
0.137,0.037
0.138,0.039
0.136,0.038
0.136,0.039
0.136,0.038
0.135,0.037
0.136,0.036
0.134,0.036
0.134,0.036
0.135,0.036
0.134,0.037
0.133,0.036
0.133,0.037
0.132,0.037
0.130,0.037
0.130,0.039
0.129,0.040
0.128,0.040
0.128,0.041
0.127,0.041
0.127,0.039
0.127,0.040
0.125,0.041
0.124,0.041
0.124,0.043
0.121,0.043
0.121,0.043
0.121,0.044
0.120,0.042
0.119,0.041
0.119,0.041
0.118,0.040
0.117,0.039
0.118,0.039
0.117,0.039
0.116,0.040
0.116,0.042
0.116,0.041
0.114,0.043
0.114,0.044
0.113,0.042
0.112,0.043
0.112,0.044
0.112,0.043
0.111,0.045
0.111,0.046
0.110,0.046
0.110,0.048
0.110,0.049
0.110,0.049
0.109,0.050
0.110,0.051
0.110,0.051
0.108,0.051
0.109,0.050
0.108,0.050
0.108,0.049
0.109,0.049
0.109,0.050
0.108,0.051
0.110,0.051
0.109,0.052
0.108,0.051
0.110,0.052
0.108,0.053
0.107,0.053
0.109,0.054
0.108,0.056
0.107,0.054
0.108,0.055
0.107,0.055
0.108,0.053
0.109,0.052
0.108,0.051
0.108,0.051
0.110,0.051
0.109,0.051
0.110,0.051
0.110,0.052
0.110,0.051
0.110,0.051
0.111,0.054
0.111,0.054
0.113,0.055
0.112,0.056
0.111,0.056
0.113,0.056
0.111,0.058
0.111,0.057
0.112,0.058
0.112,0.059
0.112,0.058
0.113,0.058
0.113,0.060
0.112,0.060
0.114,0.062
0.114,0.064
0.115,0.064
0.116,0.065
0.117,0.066
0.117,0.064
0.118,0.064
0.119,0.063
0.117,0.062
0.119,0.061
0.118,0.062
0.117,0.061
0.117,0.061
0.117,0.061
0.116,0.059
0.116,0.059
0.116,0.059
0.115,0.059
0.115,0.061
0.115,0.062
0.115,0.062
0.115,0.061
0.115,0.062
0.115,0.060
0.115,0.060
0.114,0.061
0.114,0.061
0.115,0.062
0.113,0.061
0.113,0.061
0.113,0.060
0.112,0.061
0.112,0.058
0.112,0.059
0.111,0.060
0.112,0.059
0.112,0.061
0.111,0.061
0.111,0.060
0.110,0.062
0.108,0.063
0.109,0.062
0.109,0.063
0.108,0.063
0.109,0.062
0.109,0.062
0.108,0.062
0.108,0.061
0.107,0.061
0.106,0.059
0.107,0.058
0.105,0.059
0.105,0.059
0.104,0.060
0.102,0.063
0.102,0.062
0.101,0.062
0.099,0.063
0.099,0.062
0.100,0.061
0.097,0.061
0.097,0.059
0.098,0.060
0.096,0.061
0.097,0.060
0.096,0.060
0.095,0.062
0.095,0.061
0.095,0.062
0.093,0.063
0.094,0.063
0.093,0.063
0.092,0.063
0.094,0.063
0.094,0.062
0.093,0.062
0.094,0.062
0.093,0.063
0.093,0.063
0.093,0.063
0.092,0.064
0.092,0.065
0.093,0.065
0.092,0.067
0.092,0.068
0.094,0.068
0.091,0.068
0.092,0.068
0.091,0.067
0.090,0.066
0.089,0.065
0.089,0.063
0.089,0.062
0.088,0.062
0.089,0.061
0.088,0.062
0.088,0.062
0.088,0.063
0.088,0.064
0.087,0.064
0.087,0.065
0.086,0.065
0.086,0.067
0.087,0.067
0.085,0.068
0.087,0.069
0.087,0.069
0.084,0.069
0.085,0.069
0.084,0.070
0.082,0.069
0.082,0.068
0.083,0.068
0.081,0.068
0.083,0.066
0.082,0.066
0.080,0.065
0.081,0.064
0.081,0.066
0.079,0.066
0.080,0.067
0.080,0.068
0.078,0.068
0.079,0.069
0.078,0.071
0.077,0.070
0.078,0.070
0.078,0.070
0.077,0.069
0.078,0.070
0.078,0.070
0.076,0.070
0.078,0.071
0.077,0.071
0.076,0.070
0.076,0.070
0.076,0.069
0.076,0.069
0.076,0.069
0.076,0.069
0.075,0.070
0.076,0.072
0.076,0.071
0.075,0.072
0.075,0.072
0.076,0.072
0.075,0.072
0.075,0.073
0.074,0.072
0.073,0.073
0.073,0.072
0.073,0.069
0.071,0.068
0.073,0.067
0.074,0.066
0.073,0.069
0.075,0.068
0.074,0.069
0.073,0.071
0.074,0.071
0.074,0.072
0.071,0.074
0.072,0.072
0.072,0.072
0.071,0.072
0.073,0.070
0.073,0.070
0.072,0.071
0.072,0.069
0.072,0.070
0.070,0.071
0.070,0.069
0.070,0.069
0.068,0.070
0.070,0.068
0.069,0.069
0.068,0.069
0.070,0.069
0.069,0.071
0.067,0.071
0.069,0.071
0.067,0.072
0.066,0.071
0.066,0.069
0.064,0.070
0.063,0.069
0.065,0.069
0.062,0.070
0.062,0.069
0.064,0.068
0.062,0.069
0.063,0.069
0.065,0.069
0.062,0.071
0.064,0.071
0.065,0.071
0.062,0.073
0.063,0.072
0.063,0.072
0.061,0.072
0.062,0.071
0.063,0.072
0.060,0.071
0.061,0.070
0.063,0.070
0.060,0.071
0.061,0.070
0.061,0.071
0.061,0.072
0.062,0.073
0.062,0.074
0.060,0.072
0.061,0.072
0.061,0.071
0.059,0.069
0.060,0.069
0.061,0.069
0.059,0.069
0.060,0.070
0.059,0.072
0.058,0.072
0.058,0.073
0.059,0.074
0.058,0.074
0.060,0.074
0.060,0.073
0.058,0.071
0.060,0.071
0.059,0.070
0.058,0.069
0.059,0.069
0.059,0.070
0.058,0.070
0.060,0.071
0.059,0.071
0.058,0.072
0.059,0.073
0.058,0.074
0.056,0.074
0.056,0.073
0.056,0.073
0.055,0.072
0.056,0.072
0.056,0.072
0.055,0.074
0.056,0.075
0.056,0.075
0.055,0.076
0.057,0.076
0.057,0.075
0.055,0.075
0.056,0.075
0.056,0.075
0.054,0.075
0.055,0.075
0.054,0.074
0.053,0.074
0.053,0.073
0.052,0.073
0.051,0.073
0.052,0.073
0.051,0.072
0.050,0.073
0.052,0.073
0.050,0.073
0.049,0.071
0.050,0.071
0.048,0.070
0.048,0.069
0.048,0.069
0.047,0.070
0.047,0.070
0.048,0.071
0.046,0.072
0.046,0.073
0.048,0.075
0.046,0.076
0.046,0.076
0.048,0.076
0.048,0.075
0.048,0.075
0.049,0.072
0.047,0.070
0.046,0.070
0.048,0.069
0.046,0.068
0.045,0.069
0.047,0.069
0.046,0.071
0.045,0.071
0.047,0.073
0.045,0.074
0.045,0.073
0.048,0.073
0.047,0.073
0.047,0.072
0.049,0.071
0.047,0.071
0.047,0.070
0.048,0.069
0.045,0.070
0.045,0.070
0.048,0.069
0.046,0.069
0.046,0.069
0.049,0.069
0.047,0.070
0.048,0.069
0.049,0.070
0.047,0.070
0.048,0.069
0.049,0.070
0.046,0.071
0.047,0.070
0.048,0.071
0.045,0.071
0.046,0.069
0.047,0.069
0.044,0.069
0.045,0.067
0.047,0.067
0.045,0.065
0.047,0.064
0.047,0.063
0.045,0.063
0.047,0.065
0.045,0.066
0.045,0.065
0.045,0.064
0.042,0.064
0.042,0.061
0.042,0.061
0.040,0.061
0.040,0.060
0.042,0.062
0.040,0.062
0.040,0.062
0.041,0.063
0.040,0.063
0.040,0.062
0.040,0.064
0.039,0.064
0.038,0.063
0.037,0.063
0.037,0.061
0.037,0.061
0.037,0.060
0.035,0.059
0.037,0.059
0.037,0.060
0.036,0.060
0.038,0.061
0.037,0.063
0.038,0.062
0.037,0.062
0.037,0.063
0.036,0.063
0.037,0.064
0.036,0.065
0.036,0.063
0.036,0.063
0.035,0.065
0.036,0.063
0.035,0.064
0.035,0.065
0.035,0.063
0.035,0.064
0.034,0.065
0.034,0.064
0.034,0.063
0.034,0.063
0.033,0.062
0.032,0.062
0.033,0.062
0.031,0.062
0.030,0.062
0.031,0.062
0.030,0.062
0.030,0.061
0.031,0.061
0.030,0.060
0.029,0.060
0.030,0.060
0.028,0.060
0.027,0.060
0.027,0.061
0.025,0.062
0.025,0.062
0.024,0.063
0.024,0.063
0.023,0.063
0.023,0.063
0.023,0.062
0.021,0.061
0.021,0.061
0.019,0.060
0.019,0.061
0.018,0.061
0.017,0.062
0.016,0.063
0.015,0.064
0.014,0.062
0.012,0.061
0.011,0.061
0.011,0.061
0.010,0.061
0.008,0.061
0.008,0.061
0.008,0.061
0.007,0.061
0.006,0.059
0.005,0.059
0.005,0.059
0.002,0.059
0.002,0.058
0.001,0.059
0.000,0.061
0.001,0.062
-0.002,0.062
-0.003,0.062
-0.003,0.062
-0.002,0.062
-0.004,0.062
-0.004,0.061
-0.005,0.061
-0.006,0.059
-0.006,0.057
-0.006,0.057
-0.007,0.056
-0.006,0.055
-0.006,0.055
-0.008,0.054
-0.009,0.054
-0.009,0.055
-0.011,0.057
-0.010,0.058
-0.013,0.060
-0.014,0.060
-0.013,0.062
-0.012,0.062
-0.012,0.061
-0.013,0.060
-0.012,0.060
-0.014,0.058
-0.013,0.057
-0.015,0.056
-0.015,0.056
-0.015,0.056
-0.017,0.057
-0.017,0.056
-0.017,0.056
-0.016,0.057
-0.016,0.056
-0.016,0.056
-0.017,0.057
-0.017,0.056
-0.016,0.056
-0.018,0.054
-0.018,0.054
-0.017,0.055
-0.017,0.056
-0.017,0.054
-0.016,0.056
-0.017,0.057
-0.016,0.056
-0.016,0.058
-0.017,0.056
-0.016,0.057
-0.016,0.056
-0.016,0.055
-0.015,0.054
-0.013,0.056
-0.014,0.056
-0.012,0.055
-0.014,0.057
-0.013,0.057
-0.010,0.057
-0.012,0.057
-0.010,0.055
-0.010,0.053
-0.011,0.055
-0.010,0.052
-0.008,0.050
-0.010,0.052
-0.010,0.050
-0.009,0.052
-0.011,0.052
-0.009,0.052
-0.009,0.053
-0.008,0.054
-0.007,0.053
-0.008,0.052
-0.008,0.054
-0.008,0.050
-0.006,0.050
-0.007,0.050
-0.006,0.050
-0.007,0.052
-0.007,0.051
-0.006,0.050
-0.006,0.049
-0.006,0.049
-0.006,0.048
-0.005,0.050
-0.007,0.050
-0.006,0.049
-0.008,0.050
-0.006,0.050
-0.005,0.050
-0.007,0.049
-0.007,0.050
-0.006,0.046
-0.006,0.047
-0.006,0.045
-0.005,0.043
-0.007,0.045
-0.007,0.045
-0.006,0.044
-0.007,0.044
-0.007,0.045
-0.007,0.045
-0.007,0.046
-0.009,0.045
-0.008,0.045
-0.009,0.044
-0.009,0.042
-0.009,0.041
-0.011,0.042
-0.010,0.043
-0.010,0.042
-0.012,0.043
-0.013,0.042
-0.013,0.043
-0.014,0.044
-0.015,0.043
-0.015,0.044
-0.016,0.043
-0.015,0.041
-0.016,0.041
-0.018,0.041
-0.018,0.040
-0.019,0.039
-0.021,0.040
-0.020,0.039
-0.021,0.040
-0.023,0.039
-0.021,0.038
-0.022,0.038
-0.022,0.037
-0.021,0.036
-0.022,0.037
-0.024,0.037
-0.023,0.036
-0.025,0.039
-0.026,0.039
-0.026,0.039
-0.027,0.039
-0.029,0.038
-0.028,0.036
-0.028,0.035
-0.029,0.036
-0.027,0.034
-0.028,0.034
-0.029,0.034
-0.029,0.034
-0.030,0.034
-0.032,0.034
-0.031,0.036
-0.030,0.036
-0.031,0.036
-0.032,0.036
-0.032,0.036
-0.033,0.037
-0.032,0.036
-0.032,0.036
-0.033,0.037
-0.032,0.037
-0.033,0.036
-0.033,0.037
-0.032,0.038
-0.032,0.036
-0.032,0.037
-0.032,0.036
-0.031,0.035
-0.032,0.035
-0.032,0.034
-0.032,0.033
-0.033,0.034
-0.032,0.034
-0.031,0.033
-0.031,0.035
-0.030,0.036
-0.029,0.035
-0.029,0.035
-0.029,0.036
-0.027,0.034
-0.029,0.035
-0.027,0.034
-0.027,0.033
-0.028,0.035
-0.027,0.034
-0.027,0.033
-0.028,0.034
-0.027,0.032
-0.026,0.032
-0.028,0.033
-0.027,0.033
-0.026,0.035
-0.027,0.037
-0.026,0.036
-0.026,0.036
-0.026,0.037
-0.025,0.035
-0.025,0.034
-0.026,0.033
-0.025,0.030
-0.025,0.029
-0.026,0.031
-0.024,0.029
-0.024,0.030
-0.025,0.032
-0.023,0.031
-0.023,0.033
-0.023,0.033
-0.022,0.032
-0.023,0.032
-0.023,0.033
-0.022,0.032
-0.023,0.032
-0.024,0.032
-0.022,0.031
-0.024,0.030
-0.025,0.029
-0.023,0.029
-0.026,0.030
-0.025,0.030
-0.023,0.030
-0.025,0.029
-0.023,0.027
-0.022,0.025
-0.024,0.025
-0.022,0.023
-0.022,0.024
-0.024,0.025
-0.023,0.025
-0.022,0.028
-0.023,0.029
-0.021,0.029
-0.020,0.030
-0.022,0.029
-0.019,0.028
-0.019,0.027
-0.022,0.026
-0.020,0.024
-0.019,0.025
-0.021,0.024
-0.019,0.025
-0.019,0.025
-0.021,0.025
-0.019,0.024
-0.020,0.023
-0.020,0.021
-0.019,0.021
-0.020,0.021
-0.021,0.021
-0.020,0.023
-0.020,0.022
-0.022,0.022
-0.020,0.023
-0.020,0.023
-0.022,0.024
-0.020,0.025
-0.021,0.024
-0.021,0.024
-0.021,0.023
-0.021,0.022
-0.021,0.022
-0.021,0.022
-0.022,0.021
-0.023,0.022
-0.023,0.021
-0.024,0.021
-0.024,0.021
-0.024,0.021
-0.025,0.022
-0.026,0.023
-0.025,0.023
-0.026,0.023
-0.029,0.023
-0.028,0.023
-0.029,0.021
-0.029,0.022
-0.029,0.020
-0.029,0.019
-0.030,0.019
-0.030,0.020
-0.032,0.020
-0.033,0.020
-0.032,0.021
-0.035,0.020
-0.035,0.021
-0.035,0.020
-0.038,0.018
-0.040,0.016
-0.039,0.014
-0.040,0.011
-0.041,0.009
-0.039,0.009
-0.041,0.008
-0.041,0.008
-0.041,0.009
-0.042,0.010
-0.043,0.012
-0.043,0.013
-0.044,0.016
-0.045,0.017
-0.044,0.017
-0.047,0.018
-0.047,0.018
-0.046,0.017
-0.048,0.017
-0.049,0.016
-0.047,0.014
-0.048,0.015
-0.047,0.015
-0.045,0.016
-0.046,0.017
-0.047,0.017
-0.044,0.017
-0.047,0.018
-0.046,0.019
-0.045,0.018
-0.047,0.019
-0.047,0.018
-0.045,0.018
-0.046,0.019
-0.045,0.019
-0.043,0.019
-0.044,0.020
-0.043,0.020
-0.042,0.020
-0.043,0.021
-0.042,0.020
-0.041,0.021
-0.042,0.020
-0.041,0.018
-0.039,0.018
-0.041,0.017
-0.039,0.015
-0.038,0.016
-0.039,0.016
-0.036,0.015
-0.036,0.016
-0.037,0.016
-0.034,0.016
-0.035,0.018
-0.036,0.017
-0.033,0.017
-0.033,0.016
-0.033,0.014
-0.030,0.013
-0.032,0.013
-0.031,0.010
-0.030,0.010
-0.031,0.010
-0.031,0.008
-0.029,0.008
-0.030,0.009
-0.030,0.007
-0.026,0.009
-0.028,0.010
-0.028,0.009
-0.026,0.011
-0.028,0.012
-0.027,0.010
-0.026,0.011
-0.026,0.011
-0.026,0.010
-0.023,0.011
-0.025,0.011
-0.025,0.010
-0.023,0.010
-0.024,0.010
-0.024,0.009
-0.023,0.011
-0.022,0.011
-0.021,0.010
-0.021,0.011
-0.022,0.010
-0.022,0.010
-0.020,0.010
-0.021,0.008
-0.020,0.007
-0.019,0.007
-0.018,0.007
-0.018,0.006
-0.016,0.008
-0.016,0.008
-0.016,0.007
-0.016,0.007
-0.016,0.006
-0.015,0.007
-0.015,0.007
-0.015,0.007
-0.014,0.007
-0.015,0.008
-0.016,0.008
-0.016,0.009
-0.016,0.010
-0.018,0.010
-0.018,0.010
-0.017,0.009
-0.019,0.010
-0.018,0.009
-0.017,0.008
-0.017,0.007
-0.017,0.006
-0.017,0.007
-0.017,0.007
-0.017,0.008
-0.018,0.009
-0.017,0.008
-0.018,0.007
-0.019,0.007
-0.019,0.005
-0.020,0.006
-0.021,0.007
-0.022,0.006
-0.022,0.008
-0.022,0.007
-0.024,0.005
-0.024,0.006
-0.025,0.005
-0.024,0.005
-0.025,0.005
-0.026,0.004
-0.026,0.003
-0.026,0.002
-0.027,-0.001
-0.028,-0.003
-0.029,-0.004
-0.030,-0.005
-0.031,-0.005
-0.031,-0.004
-0.032,-0.003
-0.033,-0.002
-0.034,-0.000
-0.035,0.001
-0.036,0.000
-0.036,-0.000
-0.037,-0.002
-0.038,-0.001
-0.039,-0.003
-0.039,-0.002
-0.039,-0.003
-0.040,-0.004
-0.039,-0.004
-0.040,-0.005
-0.040,-0.005
-0.039,-0.006
-0.040,-0.006
-0.039,-0.006
-0.040,-0.006
-0.042,-0.007
-0.041,-0.007
-0.041,-0.007
-0.042,-0.007
-0.041,-0.007
-0.040,-0.007
-0.040,-0.007
-0.039,-0.008
-0.038,-0.006
-0.038,-0.006
-0.037,-0.005
-0.037,-0.004
-0.037,-0.004
-0.035,-0.004
-0.035,-0.005
-0.035,-0.007
-0.035,-0.007
-0.035,-0.008
-0.035,-0.008
-0.034,-0.008
-0.034,-0.007
-0.033,-0.009
-0.031,-0.007
-0.031,-0.006
-0.031,-0.007
-0.030,-0.006
-0.029,-0.005
-0.029,-0.004
-0.029,-0.004
-0.029,-0.003
-0.028,-0.005
-0.027,-0.005
-0.028,-0.005
-0.026,-0.007
-0.025,-0.005
-0.027,-0.005
-0.026,-0.006
-0.026,-0.006
-0.027,-0.006
-0.025,-0.008
-0.024,-0.007
-0.025,-0.007
-0.024,-0.009
-0.022,-0.009
-0.023,-0.009
-0.022,-0.010
-0.020,-0.008
-0.021,-0.008
-0.019,-0.007
-0.018,-0.005
-0.019,-0.005
-0.017,-0.006
-0.016,-0.005
-0.016,-0.007
-0.015,-0.008
-0.015,-0.008
-0.015,-0.009
-0.014,-0.010
-0.014,-0.010
-0.014,-0.011
-0.014,-0.012
-0.014,-0.010
-0.013,-0.011
-0.012,-0.011
-0.012,-0.009
-0.010,-0.010
-0.009,-0.008
-0.009,-0.006
-0.010,-0.005
-0.009,-0.004
-0.008,-0.003
-0.007,-0.004
-0.007,-0.003
-0.007,-0.003
-0.006,-0.004
-0.006,-0.003
-0.006,-0.004
-0.005,-0.006
-0.004,-0.007
-0.006,-0.008
-0.003,-0.011
-0.004,-0.010
-0.003,-0.012
-0.003,-0.013
-0.003,-0.011
-0.003,-0.011
-0.003,-0.011
-0.002,-0.010
-0.003,-0.009
-0.002,-0.009
-0.002,-0.010
-0.003,-0.009
-0.003,-0.009
-0.003,-0.008
-0.002,-0.009
-0.003,-0.010
-0.003,-0.010
-0.002,-0.011
-0.000,-0.011
0.000,-0.010
0.001,-0.009
0.002,-0.009
0.002,-0.008
0.003,-0.007
0.001,-0.006
0.001,-0.006
0.003,-0.006
0.001,-0.006
0.001,-0.006
0.002,-0.007
0.002,-0.007
0.002,-0.007
0.004,-0.007
0.002,-0.006
0.003,-0.006
0.004,-0.007
0.003,-0.005
0.004,-0.006
0.004,-0.007
0.004,-0.009
0.005,-0.011
0.006,-0.010
0.006,-0.011
0.006,-0.012
0.006,-0.012
0.005,-0.012
0.006,-0.013
0.005,-0.015
0.005,-0.016
0.006,-0.018
0.006,-0.017
0.006,-0.018
0.007,-0.016
0.007,-0.015
0.007,-0.014
0.007,-0.013
0.007,-0.011
0.008,-0.013
0.008,-0.013
0.007,-0.013
0.007,-0.015
0.008,-0.014
0.007,-0.012
0.007,-0.013
0.008,-0.012
0.008,-0.012
0.008,-0.013
0.010,-0.012
0.009,-0.012
0.010,-0.014
0.010,-0.014
0.009,-0.016
0.010,-0.018
0.010,-0.017
0.010,-0.019
0.010,-0.018
0.010,-0.018
0.010,-0.017
0.011,-0.018
0.009,-0.018
0.010,-0.018
0.010,-0.018
0.010,-0.016
0.010,-0.017
0.011,-0.017
0.011,-0.015
0.011,-0.017
0.012,-0.017
0.012,-0.017
0.013,-0.019
0.014,-0.020
0.012,-0.019
0.013,-0.020
0.014,-0.019
0.013,-0.017
0.014,-0.018
0.015,-0.018
0.014,-0.017
0.014,-0.017
0.015,-0.017
0.015,-0.015
0.016,-0.016
0.016,-0.014
0.016,-0.012
0.017,-0.013
0.017,-0.013
0.018,-0.013
0.018,-0.014
0.019,-0.015
0.018,-0.015
0.019,-0.016
0.019,-0.016
0.020,-0.014
0.021,-0.014
0.021,-0.012
0.021,-0.011
0.023,-0.011
0.022,-0.009
0.022,-0.009
0.023,-0.008
0.023,-0.008
0.023,-0.009
0.024,-0.011
0.024,-0.011
0.023,-0.011
0.024,-0.012
0.025,-0.012
0.025,-0.012
0.026,-0.014
0.026,-0.015
0.026,-0.015
0.029,-0.017
0.028,-0.017
0.028,-0.019
0.030,-0.020
0.029,-0.020
0.030,-0.021
0.031,-0.020
0.029,-0.019
0.031,-0.018
0.031,-0.017
0.029,-0.014
0.031,-0.014
0.031,-0.013
0.030,-0.013
0.031,-0.014
0.032,-0.013
0.032,-0.013
0.033,-0.013
0.033,-0.012
0.031,-0.010
0.034,-0.010
0.033,-0.008
0.031,-0.008
0.034,-0.009
0.035,-0.007
0.033,-0.009
0.035,-0.009
0.035,-0.011
0.034,-0.011
0.036,-0.011
0.035,-0.012
0.035,-0.011
0.036,-0.010
0.036,-0.010
0.035,-0.011
0.036,-0.010
0.036,-0.011
0.036,-0.013
0.037,-0.011
0.036,-0.012
0.036,-0.011
0.037,-0.010
0.036,-0.010
0.036,-0.010
0.037,-0.011
0.037,-0.012
0.036,-0.014
0.038,-0.015
0.037,-0.016
0.036,-0.017
0.037,-0.018
0.038,-0.020
0.038,-0.018
0.038,-0.019
0.039,-0.018
0.038,-0.017
0.040,-0.017
0.039,-0.018
0.038,-0.016
0.040,-0.017
0.039,-0.017
0.038,-0.016
0.039,-0.015
0.038,-0.015
0.037,-0.013
0.038,-0.014
0.037,-0.014
0.037,-0.015
0.039,-0.015
0.038,-0.014
0.039,-0.013
0.041,-0.013
0.040,-0.013
0.039,-0.013
0.041,-0.013
0.039,-0.013
0.040,-0.013
0.041,-0.013
0.040,-0.014
0.040,-0.013
0.043,-0.013
0.041,-0.013
0.041,-0.012
0.043,-0.014
0.041,-0.015
0.041,-0.015
0.044,-0.016
0.043,-0.016
0.043,-0.015
0.045,-0.016
0.044,-0.015
0.044,-0.015
0.046,-0.015
0.046,-0.015
0.047,-0.015
0.049,-0.015
0.047,-0.014
0.048,-0.014
0.050,-0.014
0.047,-0.014
0.048,-0.014
0.050,-0.015
0.048,-0.014
0.050,-0.015
0.053,-0.015
0.051,-0.014
0.052,-0.014
0.054,-0.013
0.051,-0.012
0.053,-0.010
0.054,-0.010
0.052,-0.009
0.054,-0.011
0.055,-0.011
0.053,-0.011
0.056,-0.013
0.056,-0.012
0.055,-0.013
0.057,-0.013
0.057,-0.012
0.056,-0.014
0.058,-0.014
0.056,-0.015
0.056,-0.017
0.058,-0.018
0.056,-0.017
0.056,-0.020
0.059,-0.018
0.057,-0.017
0.058,-0.018
0.059,-0.016
0.059,-0.016
0.059,-0.016
0.062,-0.014
0.061,-0.014
0.062,-0.017
0.064,-0.017
0.063,-0.017
0.064,-0.019
0.065,-0.018
0.063,-0.020
0.063,-0.020
0.065,-0.018
0.064,-0.019
0.064,-0.017
0.065,-0.016
0.065,-0.015
0.066,-0.016
0.067,-0.014
0.069,-0.014
0.069,-0.014
0.071,-0.013
0.070,-0.014
0.072,-0.012
0.073,-0.011
0.072,-0.013
0.072,-0.014
0.072,-0.013
0.072,-0.014
0.073,-0.015
0.074,-0.015
0.074,-0.016
0.075,-0.015
0.077,-0.015
0.076,-0.014
0.076,-0.015
0.078,-0.013
0.080,-0.013
0.081,-0.014
0.080,-0.013
0.081,-0.014
0.082,-0.013
0.084,-0.013
0.083,-0.015
0.083,-0.016
0.085,-0.015
0.086,-0.016
0.087,-0.016
0.086,-0.016
0.088,-0.018
0.090,-0.016
0.090,-0.017
0.090,-0.017
0.091,-0.016
0.093,-0.014
0.094,-0.014
0.094,-0.015
0.095,-0.013
0.096,-0.013
0.097,-0.013
0.096,-0.014
0.096,-0.014
0.097,-0.012
0.099,-0.012
0.097,-0.012
0.098,-0.013
0.100,-0.013
0.102,-0.015
0.102,-0.016
0.105,-0.016
0.105,-0.016
0.106,-0.017
0.107,-0.018
0.106,-0.017
0.107,-0.017
0.106,-0.015
0.106,-0.015
0.105,-0.015
0.106,-0.014
0.105,-0.015
0.105,-0.015
0.106,-0.015
0.102,-0.014
0.103,-0.013
0.103,-0.011
0.104,-0.012
0.105,-0.012
0.104,-0.011
0.104,-0.011
0.103,-0.010
0.102,-0.011
0.101,-0.012
0.102,-0.012
0.101,-0.009
0.101,-0.009
0.100,-0.007
0.100,-0.006
0.101,-0.007
0.101,-0.008
0.099,-0.009
0.097,-0.008
0.099,-0.009
0.097,-0.009
0.097,-0.013
0.098,-0.011
0.098,-0.011
0.101,-0.012
0.099,-0.011
0.099,-0.010
0.100,-0.010
0.101,-0.009
0.100,-0.009
0.099,-0.009
0.099,-0.007
0.098,-0.007
0.098,-0.009
0.097,-0.007
0.098,-0.009
0.098,-0.008
0.097,-0.008
0.096,-0.009
0.097,-0.008
0.096,-0.006
0.096,-0.006
0.098,-0.006
0.093,-0.005
0.095,-0.007
0.095,-0.008
0.095,-0.008
0.096,-0.011
0.096,-0.011
0.094,-0.009
0.094,-0.011
0.096,-0.011
0.093,-0.011
0.096,-0.012
0.096,-0.011
0.095,-0.009
0.095,-0.008
0.095,-0.008
0.096,-0.005
0.096,-0.005
0.096,-0.005
0.095,-0.004
0.097,-0.004
0.098,-0.003
0.097,-0.003
0.099,-0.003
0.100,-0.002
0.101,0.001
0.099,0.001
0.101,0.002
0.099,0.003
0.102,0.001
0.101,0.001
0.101,0.001
0.102,0.000
0.102,0.000
0.103,0.001
0.104,0.001
0.105,0.002
0.104,0.004
0.106,0.004
0.106,0.004
0.105,0.005
0.108,0.003
0.107,0.004
0.107,0.004
0.109,0.002
0.107,0.003
0.107,0.002
0.110,0.001
0.108,0.001
0.109,0.002
0.111,0.002
0.109,0.003
0.111,0.004
0.113,0.005
0.112,0.007
0.114,0.007
0.115,0.009
0.113,0.009
0.114,0.008
0.115,0.008
0.112,0.006
0.113,0.003
0.114,0.002
0.112,0.001
0.114,-0.001
0.114,-0.000
0.112,0.000
0.114,0.001
0.115,0.004
0.113,0.006
0.115,0.008
0.115,0.011
0.114,0.011
0.116,0.010
0.115,0.010
0.114,0.008
0.116,0.007
0.116,0.007
0.115,0.006
0.116,0.007
0.115,0.007
0.114,0.007
0.116,0.008
0.115,0.007
0.116,0.006
0.117,0.006
0.116,0.006
0.116,0.005
0.117,0.006
0.115,0.006
0.115,0.006
0.116,0.006
0.115,0.005
0.114,0.004
0.115,0.006
0.113,0.006
0.113,0.008
0.114,0.009
0.113,0.010
0.112,0.011
0.115,0.012
0.115,0.012
0.114,0.013
0.116,0.011
0.115,0.011
0.114,0.011
0.115,0.011
0.115,0.011
0.114,0.012
0.115,0.012
0.114,0.012
0.114,0.013
0.115,0.013
0.114,0.011
0.114,0.012
0.115,0.012
0.114,0.011
0.113,0.012
0.114,0.012
0.113,0.012
0.113,0.012
0.114,0.012
0.113,0.012
0.114,0.012
0.115,0.010
0.113,0.010
0.114,0.010
0.114,0.010
0.113,0.009
0.113,0.009
0.114,0.009
0.113,0.008
0.113,0.009
0.114,0.009
0.112,0.011
0.112,0.011
0.113,0.011
0.112,0.013
0.111,0.013
0.113,0.015
0.110,0.016
0.110,0.018
0.111,0.017
0.109,0.018
0.110,0.017
0.111,0.017
0.110,0.018
0.110,0.018
0.112,0.017
0.109,0.017
0.110,0.016
0.112,0.014
0.109,0.014
0.110,0.014
0.112,0.014
0.109,0.016
0.109,0.016
0.109,0.016
0.107,0.016
0.107,0.017
0.108,0.016
0.106,0.017
0.106,0.018
0.107,0.017
0.106,0.018
0.107,0.017
0.107,0.017
0.105,0.015
0.105,0.013
0.106,0.013
0.105,0.012
0.107,0.012
0.108,0.012
0.107,0.013
0.110,0.013
0.110,0.013
0.109,0.014
0.110,0.014
0.110,0.016
0.108,0.019
0.110,0.020
0.110,0.021
0.109,0.022
0.112,0.022
0.112,0.022
0.111,0.022
0.114,0.023
0.115,0.023
0.114,0.023
0.115,0.024
0.116,0.025
0.115,0.024
0.118,0.024
0.118,0.025
0.117,0.025
0.119,0.024
0.119,0.024
0.119,0.024
0.121,0.025
0.122,0.024
0.122,0.023
0.125,0.024
0.124,0.023
0.123,0.023
0.126,0.023
0.125,0.023
0.125,0.023
0.126,0.023
0.127,0.024
0.127,0.023
0.129,0.023
0.129,0.024
0.129,0.023
0.132,0.023
0.130,0.025
0.132,0.024
0.134,0.025
0.132,0.025
0.134,0.024
0.137,0.026
0.134,0.024
0.135,0.023
0.136,0.024
0.135,0.023
0.136,0.023
0.138,0.023
0.135,0.024
0.137,0.023
0.138,0.025
0.136,0.025
0.137,0.026
0.139,0.028
0.136,0.028
0.138,0.030
0.140,0.031
0.138,0.030
0.139,0.030
0.139,0.029
0.139,0.028
0.138,0.029
0.139,0.030
0.138,0.031
0.138,0.034
0.138,0.034
0.136,0.035
0.136,0.035
0.136,0.034
0.135,0.034
0.133,0.035
0.134,0.034
0.134,0.034
0.132,0.035
0.134,0.034
0.131,0.034
0.131,0.034
0.131,0.033
0.130,0.033
0.130,0.033
0.131,0.034
0.129,0.034
0.128,0.034
0.129,0.032
0.127,0.033
0.127,0.033
0.127,0.033
0.124,0.035
0.125,0.033
0.124,0.033
0.122,0.034
0.121,0.034
0.122,0.034
0.119,0.036
0.120,0.036
0.120,0.036
0.116,0.037
0.117,0.036
0.116,0.037
0.114,0.036
0.115,0.036
0.114,0.036
0.112,0.036
0.113,0.037
0.111,0.038
0.109,0.038
0.112,0.039
0.110,0.040
0.109,0.038
0.110,0.039
0.109,0.041
0.108,0.040
0.109,0.041
0.108,0.041
0.107,0.042
0.110,0.044
0.108,0.044
0.107,0.045
0.109,0.045
0.108,0.047
0.107,0.046
0.108,0.047
0.106,0.047
0.106,0.045
0.107,0.045
0.105,0.044
0.107,0.042
0.108,0.041
0.106,0.041
0.107,0.038
0.109,0.039
0.108,0.039
0.107,0.039
0.110,0.041
0.107,0.042
0.107,0.041
0.108,0.043
0.107,0.045
0.109,0.044
0.110,0.047
0.109,0.047
0.110,0.047
0.110,0.050
0.109,0.049
0.110,0.049
0.110,0.050
0.109,0.049
0.111,0.048
0.110,0.048
0.110,0.045
0.110,0.044
0.109,0.045
0.109,0.042
0.110,0.043
0.109,0.044
0.109,0.043
0.110,0.044
0.108,0.045
0.110,0.044
0.112,0.045
0.111,0.047
0.112,0.046
0.114,0.048
0.113,0.049
0.115,0.049
0.116,0.050
0.117,0.051
0.116,0.050
0.117,0.052
0.117,0.052
0.117,0.050
0.116,0.052
0.116,0.052
0.116,0.051
0.115,0.053
0.115,0.053
0.115,0.053
0.114,0.054
0.114,0.053
0.115,0.053
0.114,0.053
0.114,0.053
0.114,0.053
0.113,0.055
0.113,0.056
0.112,0.056
0.111,0.057
0.112,0.057
0.112,0.057
0.111,0.057
0.111,0.057
0.111,0.056
0.109,0.056
0.109,0.057
0.108,0.055
0.107,0.056
0.106,0.056
0.106,0.056
0.105,0.056
0.104,0.055
0.105,0.055
0.103,0.055
0.104,0.055
0.103,0.055
0.103,0.056
0.103,0.055
0.102,0.055
0.102,0.055
0.103,0.054
0.103,0.054
0.101,0.054
0.103,0.053
0.102,0.054
0.101,0.054
0.101,0.053
0.101,0.055
0.100,0.055
0.100,0.055
0.099,0.056
0.099,0.056
0.099,0.055
0.097,0.055
0.096,0.056
0.097,0.056
0.096,0.057
0.095,0.057
0.096,0.057
0.096,0.057
0.096,0.057
0.096,0.057
0.096,0.057
0.094,0.058
0.094,0.058
0.094,0.058
0.093,0.059
0.093,0.059
0.092,0.059
0.092,0.059
0.091,0.059
0.091,0.058
0.090,0.060
0.089,0.062
0.089,0.061
0.090,0.063
0.089,0.063
0.089,0.062
0.089,0.063
0.088,0.062
0.089,0.062
0.088,0.062
0.088,0.061
0.089,0.060
0.088,0.060
0.088,0.058
0.089,0.057
0.088,0.058
0.088,0.057
0.088,0.057
0.087,0.059
0.088,0.059
0.087,0.059
0.085,0.062
0.086,0.062
0.086,0.061
0.084,0.063
0.083,0.062
0.082,0.063
0.081,0.065
0.081,0.064
0.081,0.065
0.080,0.068
0.082,0.067
0.080,0.067
0.079,0.067
0.080,0.066
0.079,0.066
0.079,0.064
0.080,0.063
0.078,0.063
0.078,0.064
0.080,0.063
0.078,0.064
0.079,0.062
0.080,0.062
0.078,0.063
0.079,0.062
0.079,0.064
0.077,0.065
0.077,0.066
0.076,0.066
0.075,0.067
0.075,0.066
0.076,0.065
0.073,0.066
0.075,0.065
0.076,0.064
0.074,0.064
0.075,0.065
0.077,0.064
0.075,0.064
0.075,0.065
0.076,0.065
0.074,0.067
0.075,0.067
0.075,0.068
0.073,0.069
0.075,0.069
0.075,0.068
0.073,0.068
0.074,0.069
0.074,0.069
0.071,0.070
0.073,0.070
0.073,0.071
0.072,0.072
0.074,0.072
0.074,0.072
0.072,0.072
0.074,0.071
0.073,0.072
0.071,0.070
0.073,0.071
0.072,0.071
0.072,0.071
0.072,0.071
0.072,0.071
0.071,0.070
0.072,0.069
0.071,0.070
0.070,0.070
0.072,0.071
0.070,0.072
0.069,0.072
0.071,0.072
0.069,0.073
0.069,0.073
0.070,0.073
0.070,0.073
0.069,0.074
0.071,0.072
0.070,0.072
0.069,0.073
0.071,0.072
0.069,0.071
0.068,0.072
0.069,0.072
0.068,0.072
0.067,0.073
0.068,0.074
0.067,0.074
0.066,0.073
0.067,0.072
0.065,0.071
0.065,0.071
0.067,0.071
0.066,0.071
0.066,0.071
0.068,0.071
0.066,0.071
0.066,0.070
0.067,0.071
0.064,0.070
0.065,0.071
0.066,0.073
0.063,0.073
0.064,0.072
0.065,0.072
0.065,0.071
0.064,0.070
0.065,0.070
0.064,0.069
0.064,0.068
0.065,0.069
0.062,0.068
0.062,0.068
0.062,0.069
0.060,0.068
0.060,0.069
0.062,0.070
0.061,0.070
0.062,0.071
0.062,0.070
0.060,0.071
0.060,0.071
0.059,0.071
0.059,0.071
0.059,0.071
0.060,0.070
0.059,0.070
0.059,0.071
0.058,0.070
0.057,0.070
0.057,0.071
0.058,0.070
0.057,0.070
0.058,0.070
0.057,0.070
0.056,0.070
0.056,0.070
0.057,0.070
0.055,0.070
0.055,0.071
0.056,0.069
0.054,0.068
0.055,0.067
0.055,0.065
0.054,0.066
0.055,0.067
0.055,0.067
0.054,0.069
0.055,0.071
0.056,0.071
0.054,0.072
0.054,0.071
0.054,0.070
0.051,0.069
0.052,0.066
0.052,0.066
0.049,0.066
0.050,0.065
0.049,0.065
0.047,0.066
0.050,0.065
0.050,0.066
0.049,0.067
0.049,0.066
0.050,0.067
0.047,0.068
0.049,0.069
0.047,0.070
0.046,0.070
0.048,0.070
0.046,0.069
0.046,0.067
0.048,0.065
0.047,0.064
0.047,0.062
0.049,0.062
0.047,0.063
0.045,0.062
0.048,0.062
0.045,0.062
0.045,0.061
0.047,0.062
0.044,0.065
0.044,0.065
0.046,0.068
0.044,0.070
0.045,0.069
0.048,0.071
0.046,0.071
0.046,0.070
0.048,0.071
0.046,0.071
0.047,0.070
0.049,0.070
0.046,0.071
0.048,0.071
0.049,0.072
0.046,0.072
0.046,0.071
0.047,0.071
0.045,0.069
0.045,0.068
0.046,0.066
0.045,0.066
0.045,0.066
0.047,0.067
0.046,0.067
0.047,0.069
0.048,0.069
0.047,0.068
0.048,0.068
0.048,0.066
0.047,0.064
0.047,0.063
0.047,0.063
0.046,0.063
0.045,0.063
0.046,0.064
0.044,0.064
0.045,0.064
0.045,0.064
0.044,0.064
0.044,0.065
0.046,0.064
0.045,0.064
0.044,0.065
0.047,0.067
0.044,0.065
0.044,0.066
0.044,0.065
0.043,0.065
0.043,0.065
0.043,0.064
0.042,0.065
0.042,0.066
0.043,0.066
0.041,0.068
0.041,0.069
0.042,0.070
0.040,0.069
0.041,0.068
0.041,0.067
0.041,0.067
0.040,0.067
0.039,0.066
0.039,0.066
0.039,0.067
0.038,0.066
0.037,0.066
0.038,0.066
0.037,0.065
0.037,0.064
0.037,0.062
0.036,0.061
0.036,0.059
0.036,0.058
0.035,0.056
0.035,0.054
0.036,0.055
0.034,0.054
0.033,0.054
0.035,0.054
0.033,0.053
0.032,0.054
0.033,0.055
0.034,0.055
0.033,0.055
0.034,0.055
0.033,0.055
0.032,0.056
0.033,0.056
0.031,0.056
0.029,0.058
0.030,0.058
0.030,0.058
0.028,0.057
0.029,0.058
0.028,0.057
0.026,0.057
0.026,0.056
0.026,0.056
0.025,0.057
0.026,0.056
0.026,0.058
0.025,0.058
0.027,0.058
0.024,0.057
0.024,0.056
0.026,0.056
0.023,0.055
0.023,0.054
0.023,0.053
0.021,0.053
0.021,0.051
0.020,0.052
0.017,0.053
0.016,0.052
0.018,0.055
0.015,0.056
0.015,0.056
0.015,0.058
0.013,0.059
0.012,0.057
0.013,0.056
0.011,0.055
0.011,0.053
0.012,0.054
0.010,0.054
0.009,0.056
0.009,0.057
0.006,0.056
0.007,0.054
0.006,0.055
0.002,0.054
0.002,0.053
0.001,0.054
-0.000,0.052
-0.000,0.052
-0.002,0.054
-0.002,0.054
-0.003,0.055
-0.006,0.056
-0.006,0.055
-0.004,0.053
-0.006,0.054
-0.007,0.052
-0.006,0.053
-0.009,0.053
-0.008,0.050
-0.009,0.051
-0.010,0.052
-0.010,0.053
-0.011,0.054
-0.013,0.057
-0.014,0.056
-0.012,0.056
-0.012,0.055
-0.014,0.053
-0.014,0.054
-0.015,0.054
-0.015,0.054
-0.016,0.055
-0.018,0.055
-0.018,0.055
-0.018,0.058
-0.020,0.057
-0.019,0.056
-0.019,0.058
-0.019,0.056
-0.018,0.056
-0.018,0.056
-0.020,0.058
-0.018,0.058
-0.020,0.059
-0.019,0.058
-0.017,0.057
-0.019,0.058
-0.017,0.059
-0.016,0.057
-0.016,0.058
-0.015,0.056
-0.015,0.056
-0.015,0.056
-0.016,0.055
-0.016,0.055
-0.016,0.056
-0.013,0.054
-0.014,0.053
-0.013,0.054
-0.012,0.055
-0.012,0.056
-0.012,0.057
-0.012,0.056
-0.011,0.056
-0.011,0.055
-0.011,0.055
-0.011,0.055
-0.012,0.053
-0.011,0.053
-0.011,0.053
-0.011,0.053
-0.011,0.053
-0.011,0.053
-0.010,0.053
-0.010,0.051
-0.010,0.050
-0.011,0.050
-0.011,0.051
-0.012,0.049
-0.011,0.050
-0.010,0.050
-0.009,0.049
-0.009,0.050
-0.009,0.050
-0.011,0.050
-0.010,0.052
-0.010,0.054
-0.010,0.054
-0.008,0.056
-0.009,0.056
-0.008,0.058
-0.008,0.058
-0.009,0.057
-0.009,0.056
-0.009,0.058
-0.008,0.057
-0.009,0.054
-0.010,0.054
-0.011,0.051
-0.007,0.049
-0.008,0.050
-0.009,0.050
-0.008,0.050
-0.009,0.051
-0.009,0.049
-0.009,0.047
-0.009,0.047
-0.008,0.046
-0.007,0.045
-0.008,0.046
-0.009,0.044
-0.006,0.045
-0.006,0.046
-0.007,0.046
-0.008,0.045
-0.009,0.047
-0.010,0.046
-0.011,0.045
-0.013,0.046
-0.015,0.044
-0.014,0.043
-0.016,0.044
-0.016,0.041
-0.016,0.040
-0.016,0.042
-0.015,0.041
-0.016,0.043
-0.015,0.045
-0.015,0.045
-0.016,0.046
-0.016,0.048
-0.016,0.047
-0.017,0.047
-0.020,0.048
-0.019,0.045
-0.019,0.044
-0.021,0.043
-0.019,0.040
-0.020,0.040
-0.021,0.039
-0.021,0.038
-0.022,0.038
-0.023,0.038
-0.022,0.037
-0.024,0.038
-0.026,0.039
-0.025,0.037
-0.026,0.037
-0.026,0.037
-0.026,0.037
-0.026,0.038
-0.028,0.040
-0.027,0.041
-0.028,0.043
-0.028,0.044
-0.027,0.044
-0.028,0.045
-0.027,0.044
-0.027,0.043
-0.029,0.043
-0.028,0.041
-0.029,0.039
-0.030,0.040
-0.030,0.041
-0.030,0.040
-0.033,0.041
-0.032,0.040
-0.031,0.040
-0.034,0.041
-0.033,0.039
-0.032,0.039
-0.034,0.038
-0.032,0.036
-0.031,0.036
-0.033,0.037
-0.031,0.035
-0.031,0.036
-0.035,0.035
-0.033,0.033
-0.032,0.033
-0.035,0.032
-0.032,0.031
-0.032,0.032
-0.034,0.033
-0.031,0.033
-0.031,0.033
-0.033,0.034
-0.031,0.033
-0.031,0.034
-0.032,0.032
-0.031,0.033
-0.032,0.033
-0.032,0.032
-0.030,0.033
-0.030,0.033
-0.030,0.035
-0.029,0.036
-0.029,0.037
-0.029,0.038
-0.027,0.038
-0.027,0.038
-0.027,0.036
-0.025,0.036
-0.025,0.035
-0.025,0.035
-0.024,0.035
-0.025,0.035
-0.024,0.035
-0.024,0.034
-0.024,0.034
-0.025,0.035
-0.023,0.036
-0.024,0.036
-0.026,0.036
-0.024,0.035
-0.025,0.033
-0.025,0.033
-0.025,0.032
-0.025,0.032
-0.026,0.032
-0.026,0.031
-0.026,0.030
-0.028,0.029
-0.027,0.028
-0.027,0.026
-0.026,0.029
-0.025,0.030
-0.025,0.031
-0.026,0.033
-0.024,0.034
-0.023,0.033
-0.024,0.035
-0.023,0.033
-0.024,0.032
-0.024,0.034
-0.023,0.033
-0.023,0.033
-0.023,0.034
-0.023,0.033
-0.023,0.034
-0.023,0.033
-0.022,0.032
-0.024,0.032
-0.024,0.033
-0.022,0.032
-0.024,0.033
-0.022,0.033
-0.020,0.032
-0.021,0.031
-0.020,0.030
-0.018,0.029
-0.020,0.029
-0.019,0.029
-0.018,0.028
-0.020,0.028
-0.020,0.029
-0.018,0.027
-0.020,0.028
-0.021,0.028
-0.020,0.028
-0.022,0.027
-0.023,0.029
-0.021,0.028
-0.023,0.027
-0.023,0.027
-0.022,0.026
-0.023,0.027
-0.023,0.026
-0.023,0.025
-0.026,0.024
-0.026,0.025
-0.026,0.023
-0.028,0.024
-0.028,0.024
-0.028,0.023
-0.029,0.023
-0.029,0.022
-0.029,0.021
-0.031,0.022
-0.031,0.021
-0.030,0.021
-0.033,0.021
-0.032,0.020
-0.032,0.019
-0.036,0.020
-0.035,0.020
-0.035,0.020
-0.038,0.021
-0.037,0.020
-0.037,0.020
-0.039,0.021
-0.038,0.019
-0.039,0.019
-0.042,0.019
-0.040,0.019
-0.042,0.019
-0.043,0.017
-0.042,0.017
-0.044,0.017
-0.046,0.014
-0.045,0.015
-0.047,0.016
-0.048,0.015
-0.046,0.016
-0.048,0.018
-0.048,0.018
-0.046,0.019
-0.048,0.020
-0.048,0.019
-0.047,0.021
-0.049,0.023
-0.049,0.022
-0.047,0.024
-0.050,0.024
-0.049,0.025
-0.048,0.025
-0.049,0.025
-0.048,0.024
-0.047,0.023
-0.048,0.022
-0.048,0.020
-0.047,0.021
-0.049,0.021
-0.048,0.021
-0.047,0.021
-0.048,0.022
-0.047,0.021
-0.046,0.021
-0.047,0.020
-0.045,0.018
-0.044,0.018
-0.044,0.017
-0.044,0.017
-0.043,0.018
-0.044,0.018
-0.043,0.018
-0.041,0.019
-0.042,0.020
-0.040,0.020
-0.039,0.022
-0.040,0.022
-0.038,0.023
-0.037,0.023
-0.039,0.022
-0.037,0.022
-0.038,0.022
-0.038,0.021
-0.037,0.022
-0.037,0.023
-0.037,0.022
-0.035,0.021
-0.033,0.020
-0.033,0.019
-0.031,0.018
-0.031,0.018
-0.030,0.016
-0.029,0.018
-0.029,0.018
-0.028,0.016
-0.028,0.019
-0.028,0.019
-0.027,0.017
-0.027,0.018
-0.027,0.016
-0.026,0.013
-0.025,0.014
-0.025,0.013
-0.023,0.012
-0.022,0.014
-0.022,0.015
-0.021,0.014
-0.021,0.015
-0.020,0.015
-0.020,0.016
-0.020,0.018
-0.019,0.018
-0.018,0.018
-0.018,0.018
-0.017,0.017
-0.018,0.016
-0.018,0.015
-0.017,0.012
-0.018,0.011
-0.017,0.012
-0.017,0.011
-0.018,0.012
-0.018,0.010
-0.018,0.010
-0.019,0.011
-0.019,0.011
-0.018,0.011
-0.019,0.011
-0.019,0.010
-0.018,0.009
-0.020,0.008
-0.019,0.007
-0.019,0.006
-0.020,0.005
-0.020,0.005
-0.020,0.004
-0.022,0.003
-0.020,0.003
-0.021,0.003
-0.022,0.003
-0.021,0.003
-0.022,0.003
-0.022,0.002
-0.022,0.002
-0.022,0.003
-0.022,0.002
-0.022,0.002
-0.023,0.003
-0.023,0.002
-0.022,0.003
-0.022,0.003
-0.022,0.002
-0.022,0.003
-0.024,0.003
-0.023,0.003
-0.024,0.004
-0.024,0.002
-0.025,0.002
-0.026,0.002
-0.026,0.001
-0.027,0.000
-0.029,0.002
-0.030,0.001
-0.029,-0.000
-0.031,0.000
-0.031,-0.001
-0.030,-0.001
-0.031,0.001
-0.031,-0.000
-0.032,-0.001
-0.034,-0.000
-0.035,-0.001
-0.035,-0.002
-0.036,-0.001
-0.037,-0.003
-0.036,-0.003
-0.037,-0.002
-0.036,-0.002
-0.036,-0.001
-0.036,-0.001
-0.035,-0.001
-0.034,-0.000
-0.035,0.000
-0.035,0.001
-0.035,0.001
-0.037,0.002
-0.036,0.001
-0.036,0.000
-0.037,0.001
-0.035,-0.001
-0.035,0.001
-0.035,0.001
-0.035,0.000
-0.035,0.002
-0.037,0.004
-0.035,0.003
-0.037,0.004
-0.037,0.005
-0.036,0.003
-0.036,0.003
-0.036,0.003
-0.034,0.002
-0.034,0.003
-0.035,0.003
-0.032,0.002
-0.033,0.002
-0.032,0.000
-0.031,-0.001
-0.032,-0.001
-0.031,-0.002
-0.029,-0.002
-0.031,-0.001
-0.029,-0.001
-0.028,0.000
-0.030,0.000
-0.028,-0.001
-0.027,-0.001
-0.029,-0.001
-0.026,-0.001
-0.025,-0.001
-0.027,-0.001
-0.025,-0.002
-0.023,-0.001
-0.026,-0.001
-0.024,-0.002
-0.023,-0.001
-0.025,-0.000
-0.022,-0.001
-0.022,-0.001
-0.022,-0.002
-0.020,-0.002
-0.020,-0.002
-0.021,-0.002
-0.019,-0.000
-0.019,0.001
-0.021,0.001
-0.019,0.001
-0.020,0.000
-0.020,-0.002
-0.019,-0.002
-0.020,-0.002
-0.019,-0.002
-0.018,-0.002
-0.017,-0.001
-0.017,-0.002
-0.016,-0.003
-0.016,-0.005
-0.017,-0.008
-0.016,-0.010
-0.016,-0.012
-0.015,-0.012
-0.014,-0.012
-0.014,-0.013
-0.015,-0.011
-0.013,-0.010
-0.012,-0.011
-0.013,-0.009
-0.011,-0.009
-0.011,-0.009
-0.011,-0.008
-0.010,-0.007
-0.009,-0.006
-0.009,-0.006
-0.007,-0.007
-0.007,-0.009
-0.007,-0.010
-0.006,-0.011
-0.005,-0.011
-0.007,-0.009
-0.004,-0.009
-0.005,-0.008
-0.006,-0.007
-0.004,-0.007
-0.003,-0.008
-0.005,-0.008
-0.003,-0.008
-0.004,-0.010
-0.003,-0.011
-0.001,-0.013
-0.002,-0.014
-0.001,-0.014
0.000,-0.013
-0.001,-0.012
-0.000,-0.012
0.001,-0.010
-0.000,-0.009
0.001,-0.009
0.003,-0.009
0.001,-0.009
0.002,-0.010
0.004,-0.011
0.003,-0.011
0.003,-0.011
0.005,-0.012
0.005,-0.013
0.004,-0.013
0.005,-0.016
0.005,-0.017
0.004,-0.017
0.005,-0.017
0.004,-0.016
0.004,-0.014
0.005,-0.013
0.004,-0.013
0.004,-0.011
0.007,-0.012
0.005,-0.011
0.006,-0.011
0.008,-0.011
0.007,-0.011
0.008,-0.010
0.010,-0.009
0.008,-0.008
0.009,-0.008
0.010,-0.009
0.009,-0.009
0.009,-0.010
0.010,-0.011
0.009,-0.011
0.010,-0.012
0.010,-0.012
0.008,-0.011
0.008,-0.011
0.010,-0.010
0.008,-0.009
0.009,-0.009
0.010,-0.010
0.009,-0.009
0.010,-0.010
0.010,-0.011
0.010,-0.011
0.011,-0.013
0.012,-0.013
0.011,-0.013
0.013,-0.013
0.012,-0.011
0.012,-0.009
0.014,-0.008
0.013,-0.006
0.012,-0.007
0.014,-0.007
0.013,-0.007
0.013,-0.010
0.015,-0.010
0.013,-0.008
0.012,-0.010
0.015,-0.010
0.013,-0.009
0.013,-0.010
0.016,-0.010
0.015,-0.009
0.016,-0.009
0.018,-0.007
0.017,-0.006
0.017,-0.006
0.021,-0.005
0.019,-0.004
0.019,-0.005
0.021,-0.005
0.020,-0.006
0.020,-0.008
0.021,-0.009
0.020,-0.011
0.020,-0.013
0.023,-0.013
0.021,-0.014
0.022,-0.015
0.023,-0.015
0.021,-0.015
0.021,-0.015
0.022,-0.015
0.021,-0.014
0.022,-0.014
0.023,-0.013
0.023,-0.013
0.023,-0.012
0.025,-0.012
0.024,-0.012
0.025,-0.013
0.026,-0.013
0.025,-0.013
0.026,-0.013
0.027,-0.011
0.024,-0.011
0.024,-0.011
0.026,-0.010
0.022,-0.009
0.024,-0.009
0.024,-0.008
0.023,-0.009
0.025,-0.010
0.025,-0.009
0.025,-0.009
0.026,-0.009
0.025,-0.007
0.025,-0.009
0.026,-0.010
0.025,-0.009
0.024,-0.013
0.027,-0.012
0.027,-0.012
0.028,-0.014
0.029,-0.013
0.028,-0.012
0.029,-0.013
0.030,-0.011
0.028,-0.010
0.029,-0.010
0.029,-0.009
0.027,-0.008
0.029,-0.009
0.029,-0.009
0.028,-0.010
0.029,-0.014
0.030,-0.012
0.030,-0.013
0.031,-0.014
0.032,-0.013
0.032,-0.014
0.033,-0.015
0.034,-0.013
0.034,-0.013
0.035,-0.012
0.036,-0.010
0.037,-0.010
0.037,-0.011
0.036,-0.009
0.037,-0.010
0.037,-0.010
0.037,-0.010
0.038,-0.011
0.038,-0.010
0.038,-0.010
0.038,-0.011
0.038,-0.009
0.038,-0.009
0.039,-0.012
0.039,-0.012
0.039,-0.013
0.040,-0.014
0.040,-0.014
0.039,-0.015
0.040,-0.015
0.041,-0.016
0.041,-0.016
0.040,-0.017
0.040,-0.016
0.041,-0.016
0.039,-0.016
0.039,-0.016
0.039,-0.016
0.040,-0.015
0.039,-0.015
0.040,-0.015
0.039,-0.016
0.038,-0.016
0.040,-0.015
0.040,-0.014
0.041,-0.015
0.042,-0.015
0.042,-0.015
0.042,-0.016
0.043,-0.015
0.043,-0.015
0.041,-0.015
0.042,-0.014
0.043,-0.013
0.042,-0.012
0.043,-0.012
0.043,-0.012
0.045,-0.013
0.045,-0.013
0.044,-0.015
0.045,-0.015
0.045,-0.015
0.045,-0.016
0.045,-0.016
0.045,-0.015
0.046,-0.013
0.047,-0.013
0.045,-0.011
0.046,-0.011
0.046,-0.010
0.046,-0.009
0.046,-0.012
0.047,-0.013
0.048,-0.013
0.047,-0.013
0.048,-0.014
0.048,-0.012
0.049,-0.013
0.049,-0.013
0.049,-0.012
0.050,-0.013
0.049,-0.014
0.050,-0.013
0.049,-0.013
0.050,-0.015
0.050,-0.014
0.051,-0.015
0.052,-0.015
0.053,-0.014
0.053,-0.014
0.053,-0.014
0.052,-0.012
0.052,-0.013
0.053,-0.012
0.052,-0.010
0.052,-0.011
0.053,-0.011
0.053,-0.011
0.054,-0.013
0.054,-0.012
0.054,-0.011
0.055,-0.012
0.056,-0.012
0.055,-0.010
0.056,-0.010
0.057,-0.010
0.055,-0.010
0.057,-0.012
0.058,-0.012
0.057,-0.011
0.058,-0.014
0.058,-0.013
0.058,-0.013
0.060,-0.015
0.059,-0.014
0.059,-0.013
0.062,-0.013
0.061,-0.011
0.061,-0.009
0.063,-0.010
0.063,-0.010
0.064,-0.010
0.065,-0.012
0.065,-0.014
0.065,-0.015
0.067,-0.014
0.064,-0.013
0.065,-0.012
0.066,-0.011
0.064,-0.009
0.067,-0.010
0.068,-0.008
0.066,-0.008
0.068,-0.010
0.070,-0.010
0.068,-0.012
0.071,-0.013
0.072,-0.013
0.070,-0.012
0.074,-0.012
0.074,-0.010
0.072,-0.009
0.074,-0.008
0.076,-0.007
0.075,-0.006
0.076,-0.007
0.076,-0.006
0.075,-0.005
0.079,-0.006
0.078,-0.006
0.079,-0.006
0.081,-0.005
0.081,-0.005
0.081,-0.005
0.082,-0.006
0.086,-0.007
0.086,-0.008
0.088,-0.008
0.088,-0.009
0.088,-0.009
0.091,-0.007
0.092,-0.009
0.092,-0.009
0.094,-0.008
0.094,-0.006
0.093,-0.006
0.095,-0.006
0.096,-0.006
0.097,-0.007
0.099,-0.008
0.099,-0.010
0.098,-0.009
0.101,-0.010
0.101,-0.009
0.100,-0.008
0.103,-0.008
0.101,-0.006
0.100,-0.005
0.102,-0.006
0.101,-0.007
0.101,-0.007
0.103,-0.009
0.103,-0.010
0.103,-0.011
0.104,-0.012
0.104,-0.012
0.105,-0.014
0.107,-0.013
0.106,-0.013
0.106,-0.013
0.107,-0.012
0.106,-0.011
0.105,-0.012
0.108,-0.010
0.108,-0.009
0.106,-0.009
0.109,-0.007
0.107,-0.008
0.107,-0.008
0.110,-0.008
0.107,-0.008
0.106,-0.008
0.108,-0.008
0.106,-0.007
0.106,-0.009
0.108,-0.009
0.106,-0.010
0.107,-0.008
0.107,-0.008
0.105,-0.007
0.107,-0.006
0.109,-0.007
0.108,-0.006
0.108,-0.007
0.108,-0.007
0.107,-0.008
0.106,-0.008
0.107,-0.008
0.106,-0.008
0.103,-0.008
0.104,-0.009
0.103,-0.007
0.102,-0.008
0.104,-0.010
0.103,-0.011
0.103,-0.011
0.104,-0.010
0.102,-0.010
0.101,-0.009
0.104,-0.008
0.102,-0.007
0.101,-0.008
0.101,-0.008
0.099,-0.007
0.099,-0.007
0.101,-0.007
0.098,-0.006
0.100,-0.006
0.101,-0.005
0.098,-0.004
0.099,-0.006
0.100,-0.005
0.099,-0.005
0.100,-0.006
0.101,-0.005
0.099,-0.004
0.101,-0.004
0.101,-0.004
0.099,-0.005
0.101,-0.006
0.101,-0.004
0.098,-0.005
0.099,-0.006
0.099,-0.006
0.098,-0.007
0.099,-0.007
0.099,-0.007
0.097,-0.008
0.099,-0.007
0.097,-0.008
0.097,-0.009
0.099,-0.009
0.095,-0.008
0.097,-0.008
0.098,-0.006
0.096,-0.004
0.097,-0.006
0.099,-0.003
0.098,-0.003
0.098,-0.003
0.098,-0.002
0.098,-0.002
0.100,-0.003
0.101,-0.002
0.099,-0.003
0.100,-0.003
0.101,-0.002
0.101,-0.003
0.102,-0.003
0.104,-0.003
0.104,-0.003
0.104,-0.003
0.104,-0.002
0.104,-0.004
0.104,-0.005
0.104,-0.004
0.104,-0.005
0.104,-0.003
0.104,-0.003
0.105,-0.004
0.105,-0.003
0.107,-0.002
0.108,-0.002
0.109,-0.001
0.111,0.000
0.111,0.000
0.112,0.000
0.114,0.000
0.113,-0.002
0.114,-0.002
0.115,-0.002
0.115,-0.001
0.115,-0.001
0.116,0.000
0.116,0.001
0.116,0.000
0.117,0.001
0.117,0.001
0.117,0.001
0.119,0.002
0.118,0.002
0.119,0.003
0.121,0.004
0.121,0.005
0.121,0.006
0.121,0.007
0.120,0.007
0.119,0.007
0.121,0.006
0.119,0.006
0.119,0.005
0.119,0.006
0.118,0.006
0.118,0.006
0.118,0.007
0.118,0.006
0.119,0.006
0.119,0.006
0.119,0.005
0.117,0.004
0.117,0.004
0.117,0.004
0.117,0.004
0.116,0.005
0.115,0.004
0.116,0.005
0.116,0.006
0.115,0.005
0.115,0.005
0.116,0.005
0.115,0.005
0.115,0.005
0.114,0.006
0.115,0.006
0.116,0.005
0.116,0.006
0.116,0.005
0.117,0.004
0.117,0.004
0.116,0.004
0.116,0.004
0.116,0.004
0.114,0.005
0.114,0.005
0.115,0.007
0.114,0.008
0.114,0.008
0.114,0.010
0.113,0.010
0.114,0.012
0.113,0.013
0.113,0.012
0.114,0.012
0.114,0.014
0.114,0.013
0.113,0.013
0.113,0.013
0.112,0.011
0.112,0.010
0.111,0.010
0.111,0.009
0.112,0.010
0.110,0.011
0.110,0.011
0.111,0.014
0.111,0.015
0.111,0.014
0.113,0.014
0.112,0.013
0.112,0.012
0.113,0.013
0.111,0.013
0.112,0.012
0.112,0.014
0.112,0.013
0.113,0.013
0.113,0.014
0.113,0.014
0.114,0.012
0.113,0.013
0.113,0.012
0.114,0.011
0.111,0.011
0.112,0.009
0.113,0.008
0.111,0.010
0.111,0.008
0.111,0.009
0.109,0.011
0.110,0.010
0.111,0.012
0.109,0.013
0.110,0.012
0.111,0.013
0.109,0.015
0.110,0.014
0.111,0.014
0.110,0.015
0.111,0.013
0.112,0.014
0.111,0.015
0.112,0.015
0.112,0.015
0.111,0.015
0.112,0.014
0.112,0.015
0.111,0.015
0.112,0.015
0.112,0.016
0.112,0.015
0.113,0.015
0.113,0.016
0.113,0.017
0.114,0.017
0.114,0.018
0.115,0.020
0.117,0.019
0.116,0.021
0.115,0.023
0.116,0.023
0.116,0.023
0.116,0.023
0.118,0.022
0.118,0.023
0.119,0.025
0.120,0.025
0.119,0.026
0.120,0.026
0.123,0.024
0.122,0.024
0.123,0.025
0.125,0.026
0.126,0.028
0.126,0.030
0.127,0.030
0.127,0.031
0.128,0.032
0.130,0.032
0.129,0.033
0.130,0.032
0.131,0.032
0.130,0.031
0.130,0.030
0.131,0.029
0.130,0.029
0.131,0.028
0.132,0.029
0.130,0.029
0.132,0.030
0.133,0.032
0.133,0.033
0.135,0.033
0.136,0.035
0.134,0.034
0.137,0.034
0.137,0.033
0.135,0.032
0.137,0.031
0.136,0.033
0.135,0.034
0.137,0.033
0.136,0.033
0.134,0.034
0.136,0.034
0.136,0.035
0.134,0.035
0.135,0.035
0.135,0.036
0.134,0.037
0.134,0.036
0.135,0.037
0.134,0.036
0.135,0.035
0.135,0.034
0.133,0.033
0.134,0.032
0.132,0.031
0.131,0.032
0.131,0.031
0.131,0.030
0.131,0.031
0.130,0.032
0.130,0.031
0.129,0.033
0.128,0.033
0.127,0.031
0.127,0.031
0.126,0.031
0.126,0.030
0.125,0.031
0.125,0.033
0.125,0.034
0.124,0.035
0.124,0.036
0.123,0.035
0.122,0.037
0.121,0.037
0.121,0.036
0.118,0.037
0.119,0.036
0.119,0.034
0.117,0.034
0.117,0.032
0.117,0.031
0.115,0.032
0.115,0.032
0.114,0.033
0.113,0.035
0.113,0.036
0.113,0.036
0.111,0.038
0.113,0.037
0.112,0.038
0.110,0.039
0.111,0.037
0.109,0.037
0.109,0.037
0.110,0.036
0.108,0.035
0.108,0.036
0.111,0.036
0.109,0.038
0.108,0.038
0.110,0.039
0.107,0.039
0.108,0.038
0.109,0.038
0.107,0.038
0.107,0.037
0.108,0.037
0.106,0.037
0.107,0.036
0.110,0.037
0.107,0.039
0.108,0.039
0.110,0.039
0.109,0.040
0.110,0.038
0.111,0.038
0.108,0.039
0.109,0.038
0.110,0.038
0.108,0.040
0.109,0.040
0.110,0.040
0.108,0.042
0.110,0.042
0.110,0.043
0.108,0.044
0.109,0.045
0.111,0.045
0.109,0.045
0.111,0.044
0.112,0.044
0.110,0.043
0.112,0.043
0.112,0.043
0.111,0.043
0.113,0.044
0.114,0.045
0.113,0.046
0.114,0.047
0.114,0.049
0.114,0.050
0.116,0.051
0.115,0.052
0.115,0.051
0.117,0.051
0.115,0.052
0.114,0.052
0.116,0.053
0.116,0.054
0.115,0.053
0.117,0.054
0.117,0.054
0.117,0.055
0.118,0.055
0.117,0.057
0.116,0.059
0.118,0.057
0.117,0.056
0.116,0.055
0.118,0.055
0.117,0.054
0.115,0.053
0.117,0.053
0.115,0.052
0.114,0.051
0.116,0.050
0.115,0.050
0.114,0.050
0.115,0.050
0.114,0.051
0.112,0.052
0.114,0.053
0.111,0.053
0.111,0.054
0.112,0.053
0.110,0.054
0.109,0.054
0.110,0.054
0.109,0.053
0.108,0.054
0.110,0.054
0.106,0.054
0.106,0.055
0.108,0.056
0.106,0.056
0.106,0.055
0.106,0.056
0.105,0.055
0.103,0.055
0.105,0.056
0.103,0.056
0.102,0.057
0.104,0.058
0.101,0.057
0.101,0.057
0.102,0.056
0.101,0.055
0.101,0.056
0.101,0.056
0.100,0.057
0.098,0.059
0.100,0.059
0.099,0.060
0.098,0.061
0.098,0.060
0.097,0.061
0.095,0.061
0.096,0.060
0.094,0.059
0.094,0.060
0.094,0.058
0.093,0.059
0.092,0.059
0.093,0.059
0.091,0.062
0.091,0.063
0.093,0.062
0.091,0.063
0.090,0.062
0.091,0.059
0.088,0.058
0.090,0.058
0.090,0.058
0.088,0.060
0.088,0.061
0.089,0.062
0.087,0.061
0.087,0.060
0.088,0.061
0.086,0.060
0.087,0.061
0.088,0.061
0.085,0.062
0.088,0.061
0.088,0.060
0.085,0.060
0.087,0.059
0.087,0.059
0.084,0.058
0.085,0.058
0.085,0.059
0.082,0.059
0.084,0.058
0.083,0.058
0.082,0.058
0.083,0.058
0.083,0.060
0.081,0.059
0.082,0.060
0.081,0.060
0.078,0.059
0.080,0.060
0.079,0.062
0.078,0.062
0.080,0.063
0.079,0.063
0.078,0.061
0.079,0.060
0.078,0.058
0.077,0.057
0.079,0.058
0.076,0.058
0.076,0.059
0.078,0.063
0.075,0.065
0.075,0.066
0.077,0.069
0.076,0.070
0.076,0.068
0.077,0.069
0.075,0.067
0.076,0.065
0.079,0.066
0.076,0.065
0.078,0.063
0.079,0.065
0.078,0.065
0.077,0.064
0.077,0.066
0.075,0.066
0.074,0.067
0.074,0.068
0.073,0.068
0.073,0.069
0.073,0.068
0.072,0.068
0.072,0.069
0.073,0.069
0.073,0.069
0.073,0.069
0.075,0.070
0.074,0.069
0.073,0.071
0.074,0.071
0.072,0.071
0.072,0.072
0.072,0.072
0.072,0.072
0.072,0.072
0.074,0.071
0.074,0.072
0.074,0.073
0.077,0.074
0.075,0.075
0.075,0.074
0.075,0.074
0.073,0.074
0.073,0.073
0.072,0.074
0.071,0.073
0.072,0.073
0.073,0.073
0.072,0.072
0.072,0.073
0.073,0.074
0.073,0.074
0.072,0.075
0.072,0.076
0.071,0.076
0.071,0.076
0.070,0.075
0.070,0.074
0.071,0.073
0.071,0.071
0.070,0.070
0.070,0.071
0.070,0.072
0.069,0.071
0.068,0.071
0.069,0.071
0.069,0.069
0.069,0.070
0.069,0.070
0.067,0.070
0.068,0.071
0.068,0.070
0.067,0.070
0.067,0.069
0.067,0.070
0.065,0.069
0.065,0.070
0.065,0.070
0.063,0.070
0.064,0.069
0.063,0.069
0.063,0.069
0.064,0.069
0.065,0.071
0.064,0.070
0.065,0.070
0.065,0.071
0.064,0.070
0.065,0.069
0.064,0.071
0.064,0.071
0.064,0.072
0.063,0.073
0.063,0.072
0.063,0.073
0.062,0.074
0.062,0.073
0.063,0.073
0.062,0.074
0.062,0.072
0.063,0.073
0.061,0.074
0.061,0.072
0.060,0.072
0.059,0.072
0.059,0.070
0.060,0.070
0.059,0.070
0.060,0.069
0.061,0.071
0.059,0.070
0.061,0.069
0.061,0.070
0.060,0.069
0.061,0.067
0.061,0.069
0.060,0.069
0.060,0.069
0.059,0.071
0.057,0.071
0.059,0.070
0.058,0.071
0.058,0.070
0.059,0.069
0.057,0.071
0.057,0.070
0.057,0.070
0.056,0.071
0.055,0.071
0.056,0.071
0.055,0.073
0.054,0.072
0.055,0.073
0.052,0.075
0.054,0.074
0.053,0.074
0.052,0.074
0.053,0.071
0.054,0.070
0.052,0.071
0.053,0.070
0.053,0.071
0.052,0.071
0.052,0.069
0.051,0.070
0.050,0.070
0.049,0.066
0.049,0.065
0.048,0.065
0.048,0.064
0.047,0.065
0.047,0.066
0.048,0.066
0.047,0.068
0.047,0.069
0.047,0.068
0.047,0.069
0.047,0.069
0.048,0.069
0.048,0.070
0.047,0.071
0.048,0.070
0.047,0.070
0.047,0.071
0.047,0.069
0.046,0.070
0.047,0.071
0.047,0.069
0.047,0.070
0.046,0.071
0.048,0.071
0.046,0.072
0.046,0.073
0.047,0.072
0.046,0.072
0.046,0.072
0.047,0.070
0.046,0.071
0.047,0.070
0.047,0.069
0.046,0.069
0.047,0.068
0.048,0.067
0.046,0.066
0.048,0.065
0.048,0.065
0.047,0.065
0.048,0.064
0.048,0.064
0.045,0.064
0.046,0.062
0.046,0.063
0.044,0.063
0.046,0.063
0.045,0.064
0.044,0.065
0.045,0.064
0.045,0.066
0.044,0.065
0.045,0.063
0.044,0.064
0.042,0.064
0.044,0.063
0.043,0.064
0.041,0.065
0.043,0.066
0.042,0.067
0.042,0.067
0.043,0.067
0.043,0.066
0.042,0.065
0.043,0.064
0.043,0.062
0.042,0.062
0.042,0.062
0.041,0.061
0.041,0.061
0.040,0.060
0.040,0.059
0.040,0.060
0.039,0.061
0.039,0.061
0.038,0.062
0.038,0.062
0.037,0.062
0.037,0.062
0.037,0.062
0.038,0.060
0.037,0.059
0.037,0.059
0.037,0.057
0.036,0.058
0.037,0.058
0.037,0.057
0.037,0.058
0.037,0.058
0.037,0.059
0.037,0.061
0.037,0.062
0.036,0.062
0.036,0.063
0.036,0.063
0.037,0.062
0.036,0.065
0.036,0.066
0.036,0.067
0.035,0.069
0.036,0.067
0.036,0.067
0.035,0.068
0.035,0.066
0.035,0.066
0.033,0.068
0.033,0.066
0.033,0.065
0.030,0.065
0.031,0.062
0.031,0.061
0.029,0.060
0.029,0.057
0.028,0.056
0.028,0.056
0.028,0.055
0.026,0.056
0.025,0.057
0.026,0.057
0.026,0.060
0.024,0.060
0.025,0.060
0.023,0.061
0.022,0.062
0.023,0.059
0.020,0.058
0.020,0.056
0.021,0.056
0.017,0.057
0.018,0.057
0.018,0.058
0.015,0.059
0.016,0.058
0.017,0.058
0.011,0.060
0.013,0.059
0.013,0.058
0.010,0.058
0.012,0.054
0.011,0.054
0.009,0.053
0.008,0.051
0.007,0.050
0.004,0.050
0.004,0.049
0.004,0.051
-0.001,0.052
0.000,0.052
-0.002,0.054
-0.002,0.055
-0.001,0.056
-0.002,0.057
-0.004,0.056
-0.003,0.056
-0.003,0.055
-0.005,0.052
-0.003,0.052
-0.005,0.050
-0.007,0.049
-0.007,0.050
-0.008,0.050
-0.009,0.050
-0.007,0.051
-0.010,0.052
-0.012,0.051
-0.011,0.053
-0.012,0.053
-0.013,0.053
-0.012,0.053
-0.013,0.052
-0.014,0.054
-0.014,0.054
-0.015,0.055
-0.016,0.055
-0.014,0.055
-0.016,0.055
-0.016,0.055
-0.016,0.056
-0.017,0.056
-0.017,0.056
-0.016,0.056
-0.015,0.056
-0.017,0.056
-0.015,0.058
-0.016,0.057
-0.016,0.056
-0.015,0.056
-0.016,0.056
-0.016,0.057
-0.015,0.057
-0.017,0.056
-0.018,0.057
-0.015,0.057
-0.017,0.056
-0.017,0.056
-0.016,0.056
-0.018,0.056
-0.017,0.055
-0.017,0.055
-0.018,0.057
-0.016,0.056
-0.017,0.057
-0.018,0.059
-0.019,0.057
-0.017,0.058
-0.018,0.057
-0.019,0.058
-0.017,0.057
-0.019,0.057
-0.019,0.058
-0.016,0.058
-0.017,0.058
-0.017,0.057
-0.014,0.058
-0.017,0.057
-0.016,0.058
-0.013,0.056
-0.014,0.055
-0.014,0.056
-0.012,0.054
-0.014,0.056
-0.014,0.056
-0.012,0.055
-0.012,0.054
-0.010,0.055
-0.011,0.054
-0.010,0.054
-0.010,0.055
-0.009,0.054
-0.010,0.054
-0.010,0.055
-0.009,0.054
-0.011,0.054
-0.011,0.054
-0.010,0.054
-0.010,0.052
-0.010,0.052
-0.010,0.051
-0.011,0.052
-0.011,0.049
-0.010,0.048
-0.012,0.047
-0.010,0.047
-0.007,0.046
-0.010,0.045
-0.008,0.046
-0.007,0.044
-0.009,0.045
-0.008,0.045
-0.007,0.044
-0.010,0.045
-0.009,0.043
-0.008,0.043
-0.010,0.043
-0.009,0.043
-0.008,0.043
-0.009,0.047
-0.009,0.047
-0.009,0.047
-0.011,0.047
-0.009,0.044
-0.010,0.044
-0.012,0.041
-0.012,0.039
-0.013,0.039
-0.016,0.038
-0.013,0.037
-0.015,0.039
-0.017,0.038
-0.014,0.040
-0.016,0.041
-0.017,0.040
-0.016,0.041
-0.018,0.042
-0.017,0.041
-0.016,0.043
-0.019,0.043
-0.019,0.042
-0.018,0.042
-0.021,0.041
-0.021,0.039
-0.020,0.039
-0.023,0.037
-0.022,0.034
-0.021,0.034
-0.024,0.032
-0.024,0.031
-0.023,0.033
-0.025,0.033
-0.024,0.034
-0.023,0.036
-0.025,0.038
-0.025,0.037
-0.024,0.039
-0.026,0.038
-0.027,0.038
-0.027,0.038
-0.028,0.036
-0.028,0.035
-0.029,0.035
-0.029,0.035
-0.030,0.034
-0.029,0.036
-0.030,0.036
-0.031,0.037
-0.029,0.038
-0.030,0.036
-0.030,0.037
-0.029,0.037
-0.029,0.037
-0.029,0.038
-0.029,0.039
-0.029,0.037
-0.030,0.036
-0.029,0.034
-0.030,0.032
-0.029,0.033
-0.029,0.033
-0.030,0.034
-0.029,0.036
-0.028,0.037
-0.028,0.038
-0.028,0.038
-0.026,0.040
-0.026,0.041
-0.026,0.042
-0.025,0.041
-0.027,0.042
-0.026,0.041
-0.025,0.040
-0.025,0.041
-0.025,0.041
-0.024,0.040
-0.024,0.040
-0.024,0.039
-0.023,0.038
-0.025,0.038
-0.025,0.038
-0.024,0.039
-0.024,0.039
-0.024,0.038
-0.023,0.038
-0.024,0.036
-0.023,0.036
-0.022,0.036
-0.023,0.034
-0.023,0.033
-0.023,0.032
-0.023,0.031
-0.022,0.030
-0.022,0.030
-0.023,0.028
-0.023,0.029
-0.022,0.031
-0.023,0.032
-0.022,0.034
-0.023,0.035
-0.024,0.036
-0.023,0.036
-0.023,0.037
-0.024,0.038
-0.024,0.037
-0.023,0.038
-0.024,0.037
-0.024,0.036
-0.024,0.036
-0.025,0.037
-0.024,0.036
-0.023,0.036
-0.024,0.035
-0.022,0.034
-0.021,0.033
-0.022,0.032
-0.020,0.032
-0.020,0.032
-0.021,0.031
-0.020,0.030
-0.021,0.030
-0.021,0.030
-0.021,0.030
-0.022,0.032
-0.023,0.031
-0.023,0.032
-0.024,0.033
-0.023,0.031
-0.022,0.031
-0.023,0.031
-0.022,0.030
-0.022,0.031
-0.023,0.031
-0.023,0.030
-0.022,0.031
-0.023,0.031
-0.023,0.029
-0.023,0.030
-0.024,0.031
-0.023,0.030
-0.023,0.032
-0.024,0.033
-0.022,0.031
-0.022,0.032
-0.022,0.033
-0.021,0.031
-0.021,0.033
-0.022,0.031
-0.022,0.030
-0.023,0.030
-0.026,0.029
-0.024,0.029
-0.025,0.029
-0.025,0.028
-0.024,0.027
-0.025,0.029
-0.024,0.028
-0.025,0.027
-0.027,0.027
-0.027,0.024
-0.026,0.023
-0.028,0.023
-0.028,0.021
-0.027,0.021
-0.029,0.023
-0.029,0.022
-0.029,0.023
-0.031,0.024
-0.032,0.023
-0.032,0.023
-0.033,0.024
-0.034,0.024
-0.034,0.024
-0.036,0.024
-0.035,0.023
-0.035,0.023
-0.035,0.023
-0.035,0.021
-0.035,0.022
-0.036,0.022
-0.036,0.023
-0.037,0.025
-0.037,0.026
-0.037,0.027
-0.038,0.027
-0.039,0.028
-0.040,0.027
-0.041,0.027
-0.042,0.027
-0.042,0.025
-0.043,0.024
-0.043,0.024
-0.042,0.023
-0.043,0.022
-0.043,0.023
-0.042,0.022
-0.043,0.022
-0.042,0.021
-0.043,0.020
-0.044,0.021
-0.043,0.020
-0.044,0.021
-0.045,0.021
-0.043,0.020
-0.044,0.019
-0.045,0.019
-0.044,0.019
-0.045,0.019
-0.045,0.019
-0.045,0.018
-0.045,0.019
-0.045,0.018
-0.045,0.017
-0.045,0.018
-0.046,0.019
-0.045,0.019
-0.046,0.019
-0.046,0.020
-0.044,0.021
-0.045,0.022
-0.045,0.022
-0.044,0.022
-0.045,0.021
-0.045,0.020
-0.043,0.020
-0.043,0.021
-0.043,0.022
-0.041,0.022
-0.042,0.022
-0.041,0.021
-0.040,0.022
-0.041,0.022
-0.040,0.021
-0.039,0.022
-0.039,0.022
-0.037,0.022
-0.036,0.021
-0.036,0.021
-0.034,0.022
-0.034,0.023
-0.033,0.023
-0.032,0.023
-0.031,0.024
-0.030,0.023
-0.030,0.022
-0.030,0.022
-0.030,0.021
-0.029,0.021
-0.029,0.022
-0.029,0.020
-0.027,0.019
-0.028,0.020
-0.026,0.017
-0.025,0.018
-0.025,0.018
-0.024,0.018
-0.022,0.018
-0.023,0.018
-0.022,0.017
-0.021,0.016
-0.022,0.016
-0.020,0.015
-0.020,0.016
-0.020,0.016
-0.019,0.016
-0.018,0.019
-0.018,0.017
-0.018,0.015
-0.019,0.016
-0.018,0.014
-0.017,0.013
-0.019,0.015
-0.018,0.013
-0.016,0.012
-0.016,0.014
-0.017,0.012
-0.016,0.012
-0.017,0.013
-0.018,0.011
-0.017,0.011
-0.019,0.011
-0.019,0.010
-0.018,0.009
-0.019,0.010
-0.019,0.009
-0.018,0.009
-0.018,0.009
-0.018,0.007
-0.018,0.006
-0.018,0.007
-0.018,0.006
-0.017,0.005
-0.017,0.005
-0.017,0.003
-0.017,0.002
-0.018,0.002
-0.018,0.001
-0.016,0.001
-0.017,0.001
-0.018,0.000
-0.018,0.000
-0.019,0.001
-0.019,0.000
-0.020,0.001
-0.020,0.001
-0.020,0.000
-0.021,0.001
-0.021,0.001
-0.022,0.000
-0.022,0.000
-0.024,-0.001
-0.024,-0.002
-0.025,-0.002
-0.026,-0.003
-0.026,-0.003
-0.028,-0.001
-0.027,-0.001
-0.028,0.000
-0.028,0.002
-0.028,0.002
-0.027,0.002
-0.028,0.002
-0.029,0.003
-0.029,0.003
-0.030,0.005
-0.030,0.007
-0.031,0.007
-0.032,0.008
-0.034,0.008
-0.034,0.007
-0.034,0.006
-0.035,0.006
-0.035,0.003
-0.035,0.003
-0.035,0.002
-0.036,0.002
-0.037,0.004
-0.036,0.005
-0.035,0.006
-0.038,0.007
-0.035,0.007
-0.035,0.007
-0.037,0.005
-0.035,0.003
-0.035,0.002
-0.037,0.001
-0.035,-0.002
-0.036,-0.001
-0.037,-0.001
-0.035,-0.002
-0.036,0.000
-0.036,0.002
-0.034,0.003
-0.034,0.004
-0.035,0.006
-0.033,0.006
-0.033,0.006
-0.033,0.005
-0.032,0.005
-0.031,0.003
-0.031,0.002
-0.030,0.002
-0.031,0.002
-0.031,0.002
-0.030,0.003
-0.031,0.003
-0.031,0.002
-0.030,0.002
-0.029,0.000
-0.028,-0.000
-0.027,-0.001
-0.027,-0.002
-0.026,-0.001
-0.025,-0.001
-0.025,-0.001
-0.024,0.000
-0.022,0.001
-0.023,0.001
-0.023,0.001
-0.022,0.002
-0.021,0.001
-0.023,0.002
-0.022,0.003
-0.021,0.002
-0.020,0.002
-0.018,-0.001
-0.018,-0.001
-0.017,-0.000
-0.016,-0.002
-0.016,-0.003
-0.016,-0.003
-0.015,-0.004
-0.016,-0.005
-0.015,-0.004
-0.013,-0.004
-0.014,-0.004
-0.013,-0.004
-0.012,-0.003
-0.012,-0.002
-0.011,-0.001
-0.009,-0.001
-0.011,-0.001
-0.010,-0.001
-0.009,-0.002
-0.010,-0.003
-0.009,-0.003
-0.008,-0.005
-0.008,-0.005
-0.007,-0.005
-0.005,-0.006
-0.006,-0.007
-0.005,-0.006
-0.003,-0.007
-0.005,-0.007
-0.004,-0.007
-0.002,-0.009
-0.003,-0.010
-0.002,-0.009
0.000,-0.010
-0.001,-0.009
0.001,-0.009
0.001,-0.010
0.001,-0.009
0.002,-0.010
0.003,-0.010
0.001,-0.009
0.002,-0.009
0.002,-0.010
0.000,-0.010
0.002,-0.011
0.003,-0.011
0.001,-0.011
0.004,-0.011
0.005,-0.011
0.004,-0.009
0.008,-0.010
0.007,-0.010
0.006,-0.010
0.007,-0.013
0.008,-0.012
0.006,-0.011
0.008,-0.010
0.007,-0.008
0.006,-0.008
0.008,-0.007
0.005,-0.006
0.006,-0.008
0.009,-0.007
0.007,-0.006
0.007,-0.009
0.010,-0.009
0.007,-0.009
0.007,-0.013
0.009,-0.013
0.006,-0.013
0.007,-0.015
0.010,-0.015
0.006,-0.014
0.008,-0.015
0.010,-0.013
0.007,-0.014
0.007,-0.015
0.010,-0.014
0.008,-0.014
0.008,-0.016
0.009,-0.015
0.006,-0.016
0.007,-0.017
0.008,-0.016
0.007,-0.017
0.008,-0.018
0.010,-0.017
0.008,-0.017
0.009,-0.017
0.011,-0.016
0.009,-0.016
0.010,-0.016
0.011,-0.015
0.011,-0.013
0.011,-0.012
0.012,-0.009
0.012,-0.009
0.013,-0.009
0.014,-0.008
0.014,-0.009
0.015,-0.008
0.015,-0.010
0.016,-0.012
0.015,-0.014
0.016,-0.016
0.017,-0.017
0.016,-0.017
0.017,-0.016
0.016,-0.015
0.017,-0.013
0.017,-0.013
0.016,-0.013
0.016,-0.013
0.017,-0.014
0.016,-0.015
0.016,-0.016
0.019,-0.016
0.019,-0.016
0.018,-0.016
0.020,-0.014
0.019,-0.013
0.019,-0.011
0.021,-0.011
0.021,-0.011
0.022,-0.012
0.023,-0.012
0.022,-0.012
0.022,-0.012
0.023,-0.012
0.020,-0.013
0.020,-0.013
0.021,-0.014
0.020,-0.013
0.022,-0.014
0.023,-0.013
0.023,-0.014
0.024,-0.013
0.024,-0.013
0.024,-0.014
0.025,-0.013
0.025,-0.012
0.025,-0.011
0.025,-0.011
0.025,-0.010
0.025,-0.012
0.025,-0.012
0.024,-0.013
0.025,-0.014
0.028,-0.014
0.027,-0.015
0.027,-0.015
0.030,-0.016
0.029,-0.015
0.028,-0.016
0.030,-0.017
0.029,-0.017
0.028,-0.019
0.030,-0.019
0.029,-0.020
0.028,-0.020
0.031,-0.019
0.030,-0.020
0.030,-0.018
0.032,-0.018
0.031,-0.016
0.031,-0.016
0.033,-0.014
0.032,-0.012
0.032,-0.013
0.034,-0.013
0.034,-0.014
0.034,-0.014
0.037,-0.015
0.037,-0.015
0.036,-0.016
0.038,-0.015
0.037,-0.016
0.036,-0.017
0.038,-0.018
0.037,-0.018
0.037,-0.018
0.038,-0.017
0.036,-0.015
0.037,-0.014
0.038,-0.013
0.037,-0.012
0.038,-0.013
0.040,-0.013
0.039,-0.015
0.039,-0.016
0.041,-0.016
0.039,-0.016
0.041,-0.017
0.041,-0.017
0.041,-0.017
0.041,-0.017
0.043,-0.017
0.041,-0.017
0.042,-0.016
0.044,-0.016
0.042,-0.016
0.043,-0.016
0.044,-0.016
0.041,-0.016
0.041,-0.016
0.043,-0.015
0.040,-0.016
0.041,-0.016
0.043,-0.016
0.041,-0.015
0.043,-0.015
0.043,-0.013
0.041,-0.013
0.043,-0.014
0.042,-0.012
0.041,-0.013
0.042,-0.012
0.042,-0.012
0.041,-0.014
0.043,-0.013
0.042,-0.014
0.042,-0.016
0.043,-0.015
0.042,-0.013
0.042,-0.014
0.043,-0.011
0.041,-0.009
0.042,-0.010
0.043,-0.008
0.042,-0.008
0.042,-0.009
0.044,-0.008
0.042,-0.009
0.043,-0.011
0.044,-0.010
0.043,-0.012
0.044,-0.015
0.046,-0.014
0.044,-0.015
0.045,-0.016
0.045,-0.015
0.044,-0.015
0.045,-0.014
0.044,-0.013
0.044,-0.013
0.044,-0.014
0.045,-0.014
0.046,-0.016
0.046,-0.016
0.047,-0.016
0.047,-0.017
0.048,-0.015
0.048,-0.014
0.048,-0.014
0.047,-0.012
0.048,-0.011
0.049,-0.011
0.048,-0.011
0.049,-0.012
0.049,-0.013
0.050,-0.013
0.049,-0.014
0.050,-0.015
0.050,-0.014
0.051,-0.014
0.052,-0.013
0.052,-0.012
0.054,-0.012
0.054,-0.012
0.054,-0.011
0.055,-0.010
0.055,-0.010
0.054,-0.010
0.055,-0.009
0.055,-0.009
0.055,-0.009
0.056,-0.009
0.056,-0.008
0.056,-0.008
0.057,-0.008
0.056,-0.011
0.057,-0.012
0.057,-0.013
0.058,-0.014
0.057,-0.014
0.057,-0.014
0.058,-0.016
0.058,-0.015
0.057,-0.015
0.057,-0.015
0.057,-0.012
0.057,-0.011
0.057,-0.011
0.058,-0.012
0.058,-0.012
0.059,-0.012
0.059,-0.012
0.060,-0.010
0.060,-0.010
0.061,-0.009
0.062,-0.007
0.063,-0.006
0.063,-0.007
0.065,-0.007
0.065,-0.007
0.066,-0.008
0.067,-0.009
0.067,-0.009
0.068,-0.010
0.069,-0.009
0.069,-0.008
0.069,-0.009
0.069,-0.008
0.069,-0.008
0.070,-0.010
0.071,-0.008
0.070,-0.008
0.071,-0.008
0.072,-0.006
0.072,-0.005
0.072,-0.006
0.073,-0.005
0.072,-0.005
0.073,-0.006
0.074,-0.005
0.074,-0.007
0.076,-0.008
0.077,-0.007
0.076,-0.009
0.079,-0.008
0.079,-0.007
0.080,-0.008
0.081,-0.009
0.082,-0.007
0.083,-0.008
0.084,-0.005
0.084,-0.003
0.086,-0.005
0.087,-0.005
0.088,-0.003
0.089,-0.004
0.091,-0.004
0.089,-0.002
0.092,-0.003
0.092,-0.003
0.092,-0.002
0.095,-0.005
0.094,-0.003
0.094,-0.003
0.096,-0.006
0.096,-0.005
0.096,-0.006
0.099,-0.007
0.099,-0.006
0.098,-0.007
0.101,-0.008
0.100,-0.005
0.102,-0.009
0.103,-0.007
0.101,-0.004
0.101,-0.004
0.103,-0.003
0.101,-0.002
0.102,-0.003
0.105,-0.001
0.102,0.002
0.103,-0.000
0.103,0.002
0.101,0.002
0.105,-0.000
0.107,-0.001
0.105,-0.001
0.108,-0.002
0.109,-0.002
0.107,-0.001
0.109,-0.005
0.109,-0.004
0.107,-0.005
0.109,-0.005
0.108,-0.005
0.107,-0.006
0.109,-0.006
0.109,-0.006
0.107,-0.005
0.109,-0.005
0.106,-0.002
0.106,-0.001
0.107,-0.003
0.107,-0.001
0.107,-0.002
0.107,-0.002
0.107,-0.001
0.105,-0.002
0.107,-0.002
0.106,-0.004
0.106,-0.005
0.107,-0.005
0.105,-0.007
0.104,-0.009
0.103,-0.011
0.103,-0.012
0.103,-0.011
0.103,-0.010
0.102,-0.008
0.102,-0.006
0.103,-0.004
0.101,-0.003
0.102,-0.000
0.102,-0.000
0.101,-0.000
0.100,0.001
0.100,-0.001
0.101,-0.003
0.101,-0.004
0.100,-0.006
0.098,-0.007
0.099,-0.006
0.099,-0.006
0.100,-0.008
0.099,-0.007
0.099,-0.006
0.100,-0.005
0.097,-0.003
0.098,-0.005
0.098,-0.004
0.100,-0.003
0.100,-0.004
0.099,-0.006
0.098,-0.003
0.098,-0.003
0.097,-0.004
0.096,-0.002
0.097,-0.003
0.095,-0.001
0.096,0.000
0.096,-0.001
0.095,-0.001
0.097,0.001
0.097,0.001
0.097,0.002
0.096,0.002
0.096,0.001
0.095,0.001
0.097,-0.001
0.097,-0.001
0.096,-0.002
0.098,-0.002
0.099,-0.002
0.100,-0.003
0.100,-0.004
0.101,-0.003
0.101,-0.003
0.101,-0.001
0.102,-0.001
0.101,-0.001
0.102,0.001
0.103,0.001
0.103,0.002
0.103,0.003
0.105,0.005
0.105,0.006
0.106,0.007
0.107,0.006
0.108,0.008
0.109,0.009
0.110,0.009
0.108,0.010
0.111,0.011
0.112,0.011
0.110,0.012
0.112,0.010
0.114,0.009
0.112,0.008
0.114,0.005
0.114,0.004
0.114,0.005
0.115,0.003
0.114,0.002
0.113,0.003
0.114,0.004
0.114,0.005
0.113,0.008
0.115,0.009
0.116,0.010
0.114,0.013
0.117,0.012
0.117,0.014
0.116,0.013
0.119,0.013
0.118,0.013
0.116,0.013
0.118,0.013
0.117,0.014
0.115,0.014
0.119,0.015
0.117,0.016
0.117,0.016
0.120,0.015
0.117,0.016
0.117,0.014
0.120,0.014
0.117,0.015
0.117,0.014
0.120,0.014
0.118,0.014
0.117,0.012
0.120,0.012
0.117,0.012
0.117,0.010
0.119,0.011
0.115,0.011
0.116,0.010
0.118,0.013
0.115,0.013
0.117,0.012
0.118,0.012
0.115,0.012
0.117,0.011
0.118,0.010
0.115,0.009
0.116,0.008
0.117,0.008
0.115,0.006
0.115,0.006
0.115,0.007
0.114,0.006
0.114,0.007
0.114,0.007
0.114,0.008
0.114,0.009
0.114,0.010
0.114,0.010
0.115,0.011
0.117,0.012
0.114,0.013
0.116,0.014
0.116,0.015
0.114,0.017
0.115,0.018
0.114,0.019
0.113,0.018
0.114,0.018
0.114,0.017
0.114,0.014
0.114,0.015
0.115,0.014
0.114,0.014
0.114,0.016
0.113,0.018
0.114,0.017
0.114,0.019
0.113,0.019
0.114,0.017
0.115,0.018
0.114,0.017
0.114,0.016
0.115,0.017
0.114,0.016
0.114,0.015
0.116,0.018
0.115,0.019
0.116,0.019
0.115,0.022
0.115,0.022
0.115,0.022
0.116,0.023
0.115,0.023
0.114,0.023
0.115,0.022
0.114,0.021
0.114,0.020
0.115,0.019
0.116,0.019
0.114,0.019
0.115,0.021
0.114,0.021
0.113,0.023
0.114,0.023
0.113,0.024
0.111,0.024
0.111,0.023
0.112,0.022
0.111,0.021
0.113,0.020
0.111,0.020
0.110,0.019
0.111,0.018
0.111,0.019
0.111,0.019
0.112,0.019
0.112,0.021
0.112,0.022
0.114,0.023
0.113,0.025
0.113,0.025
0.116,0.027
0.114,0.028
0.114,0.027
0.116,0.028
0.115,0.029
0.115,0.026
0.115,0.025
0.115,0.025
0.115,0.024
0.117,0.024
0.115,0.024
0.116,0.023
0.117,0.024
0.116,0.026
0.117,0.026
0.119,0.029
0.118,0.031
0.119,0.032
0.121,0.034
0.119,0.036
0.121,0.036
0.123,0.036
0.122,0.038
0.124,0.038
0.124,0.039
0.123,0.040
0.126,0.039
0.127,0.040
0.127,0.040
0.128,0.040
0.129,0.040
0.128,0.039
0.130,0.038
0.130,0.037
0.130,0.035
0.132,0.034
0.132,0.035
0.132,0.033
0.134,0.033
0.135,0.034
0.135,0.032
0.137,0.033
0.136,0.034
0.136,0.034
0.137,0.036
0.136,0.037
0.136,0.036
0.138,0.038
0.137,0.038
0.138,0.036
0.139,0.038
0.138,0.038
0.138,0.037
0.139,0.038
0.139,0.038
0.139,0.037
0.139,0.038
0.139,0.037
0.139,0.036
0.140,0.037
0.139,0.036
0.139,0.036
0.139,0.037
0.139,0.036
0.139,0.035
0.139,0.035
0.140,0.034
0.139,0.033
0.139,0.034
0.139,0.033
0.139,0.033
0.139,0.033
0.139,0.033
0.139,0.033
0.137,0.035
0.136,0.035
0.136,0.035
0.134,0.036
0.133,0.035
0.132,0.035
0.132,0.036
0.130,0.036
0.130,0.036
0.130,0.038
0.129,0.038
0.129,0.038
0.128,0.041
0.128,0.041
0.127,0.039
0.127,0.040
0.127,0.039
0.127,0.038
0.126,0.037
0.124,0.038
0.124,0.039
0.123,0.040
0.121,0.041
0.121,0.041
0.121,0.043
0.120,0.042
0.119,0.042
0.119,0.042
0.119,0.042
0.118,0.041
0.117,0.041
0.118,0.041
0.117,0.042
0.115,0.043
0.116,0.043
0.116,0.044
0.115,0.044
0.116,0.043
0.116,0.045
0.115,0.046
0.115,0.046
0.115,0.048
0.115,0.049
0.114,0.049
0.114,0.050
0.114,0.051
0.113,0.050
0.112,0.050
0.112,0.050
0.111,0.050
0.110,0.050
0.111,0.050
0.111,0.050
0.111,0.049
0.112,0.050
0.111,0.051
0.113,0.052
0.113,0.052
0.112,0.053
0.112,0.051
0.113,0.052
0.112,0.053
0.111,0.053
0.113,0.055
0.112,0.057
0.113,0.058
0.113,0.058
0.113,0.059
0.114,0.058
0.115,0.057
0.115,0.055
0.115,0.054
0.115,0.056
0.114,0.055
0.114,0.056
0.114,0.056
0.113,0.056
0.113,0.056
0.113,0.056
0.114,0.056
0.114,0.056
0.114,0.059
0.115,0.059
0.116,0.061
0.115,0.063
0.115,0.064
0.117,0.064
0.116,0.064
0.116,0.062
0.117,0.062
0.117,0.062
0.117,0.060
0.118,0.060
0.119,0.060
0.120,0.059
0.119,0.060
0.119,0.058
0.121,0.057
0.120,0.058
0.120,0.058
0.121,0.059
0.118,0.059
0.119,0.059
0.120,0.058
0.118,0.059
0.119,0.056
0.118,0.057
0.117,0.057
0.117,0.055
0.119,0.055
0.116,0.055
0.118,0.053
0.118,0.052
0.117,0.053
0.117,0.052
0.116,0.051
0.115,0.052
0.114,0.052
0.115,0.053
0.113,0.055
0.113,0.055
0.113,0.055
0.112,0.056
0.113,0.056
0.113,0.056
0.112,0.057
0.113,0.057
0.112,0.057
0.111,0.059
0.112,0.058
0.110,0.058
0.109,0.058
0.109,0.057
0.109,0.056
0.107,0.056
0.108,0.056
0.108,0.057
0.107,0.058
0.107,0.058
0.106,0.058
0.106,0.060
0.106,0.059
0.105,0.060
0.103,0.060
0.104,0.058
0.102,0.059
0.100,0.059
0.101,0.057
0.100,0.057
0.098,0.057
0.100,0.056
0.098,0.057
0.099,0.058
0.098,0.056
0.098,0.058
0.097,0.058
0.097,0.057
0.096,0.059
0.095,0.059
0.097,0.059
0.095,0.059
0.096,0.059
0.096,0.058
0.095,0.059
0.096,0.060
0.095,0.060
0.093,0.061
0.093,0.060
0.093,0.060
0.090,0.060
0.090,0.057
0.089,0.058
0.086,0.058
0.088,0.057
0.087,0.058
0.085,0.059
0.087,0.059
0.086,0.061
0.084,0.062
0.085,0.062
0.085,0.062
0.082,0.062
0.084,0.061
0.084,0.061
0.081,0.060
0.082,0.060
0.081,0.062
0.081,0.061
0.081,0.062
0.081,0.062
0.081,0.062
0.083,0.064
0.082,0.065
0.082,0.065
0.082,0.066
0.082,0.067
0.080,0.069
0.081,0.070
0.080,0.070
0.079,0.069
0.079,0.069
0.079,0.068
0.078,0.069
0.079,0.069
0.079,0.068
0.078,0.068
0.079,0.067
0.079,0.067
0.078,0.066
0.078,0.066
0.078,0.066
0.077,0.066
0.077,0.065
0.076,0.065
0.075,0.066
0.076,0.066
0.075,0.066
0.075,0.068
0.076,0.069
0.076,0.071
0.075,0.072
0.077,0.073
0.076,0.072
0.076,0.073
0.078,0.072
0.076,0.071
0.076,0.071
0.077,0.070
0.076,0.068
0.075,0.068
0.076,0.067
0.075,0.066
0.074,0.067
0.076,0.067
0.074,0.068
0.074,0.068
0.075,0.069
0.075,0.069
0.074,0.068
0.075,0.069
0.074,0.068
0.073,0.070
0.076,0.070
0.075,0.068
0.074,0.068
0.075,0.068
0.075,0.068
0.073,0.069
0.075,0.069
0.073,0.070
0.073,0.071
0.074,0.070
0.072,0.069
0.072,0.069
0.074,0.069
0.071,0.071
0.071,0.071
0.073,0.071
0.070,0.072
0.071,0.071
0.072,0.071
0.069,0.070
0.070,0.068
0.072,0.067
0.070,0.068
0.070,0.066
0.071,0.065
0.070,0.066
0.071,0.066
0.071,0.068
0.070,0.068
0.070,0.069
0.069,0.071
0.067,0.070
0.068,0.070
0.068,0.072
0.068,0.072
0.069,0.073
0.069,0.074
0.067,0.073
0.068,0.075
0.068,0.077
0.066,0.076
0.068,0.077
0.066,0.078
0.066,0.075
0.066,0.075
0.064,0.074
0.064,0.072
0.065,0.072
0.063,0.071
0.063,0.069
0.064,0.070
0.064,0.069
0.063,0.068
0.063,0.070
0.062,0.071
0.063,0.072
0.063,0.074
0.062,0.073
0.062,0.073
0.062,0.073
0.061,0.071
0.060,0.070
0.060,0.070
0.058,0.068
0.059,0.067
0.059,0.067
0.060,0.066
0.059,0.066
0.058,0.068
0.058,0.067
0.058,0.068
0.058,0.069
0.058,0.069
0.059,0.069
0.058,0.070
0.057,0.070
0.057,0.070
0.057,0.072
0.056,0.071
0.056,0.070
0.056,0.071
0.056,0.070
0.057,0.070
0.056,0.070
0.056,0.069
0.056,0.069
0.056,0.070
0.055,0.069
0.054,0.068
0.054,0.068
0.055,0.066
0.054,0.067
0.054,0.067
0.054,0.067
0.053,0.067
0.053,0.068
0.053,0.070
0.052,0.071
0.052,0.073
0.052,0.074
0.051,0.075
0.051,0.075
0.051,0.074
0.052,0.073
0.052,0.072
0.054,0.071
0.053,0.070
0.052,0.070
0.053,0.069
0.052,0.069
0.051,0.070
0.051,0.069
0.051,0.069
0.049,0.069
0.049,0.068
0.049,0.069
0.047,0.071
0.048,0.071
0.048,0.072
0.047,0.073
0.048,0.072
0.049,0.071
0.048,0.071
0.049,0.070
0.049,0.068
0.049,0.069
0.048,0.066
0.049,0.065
0.048,0.065
0.048,0.064
0.048,0.064
0.048,0.066
0.048,0.066
0.048,0.065
0.049,0.067
0.049,0.069
0.049,0.069
0.049,0.071
0.049,0.071
0.049,0.072
0.049,0.073
0.049,0.072
0.049,0.072
0.049,0.073
0.049,0.072
0.049,0.072
0.048,0.074
0.049,0.073
0.049,0.073
0.049,0.074
0.049,0.074
0.050,0.075
0.049,0.076
0.050,0.076
0.051,0.075
0.049,0.077
0.050,0.076
0.050,0.076
0.049,0.078
0.049,0.077
0.048,0.077
0.047,0.077
0.047,0.075
0.046,0.075
0.046,0.075
0.047,0.073
0.047,0.073
0.047,0.075
0.048,0.073
0.047,0.075
0.046,0.075
0.047,0.075
0.046,0.076
0.045,0.076
0.046,0.075
0.045,0.075
0.045,0.075
0.046,0.074
0.045,0.075
0.045,0.075
0.046,0.075
0.043,0.076
0.044,0.074
0.045,0.074
0.042,0.074
0.043,0.072
0.044,0.071
0.040,0.072
0.041,0.071
0.041,0.071
0.039,0.072
0.041,0.071
0.041,0.073
0.038,0.073
0.040,0.071
0.039,0.071
0.036,0.071
0.038,0.070
0.037,0.069
0.036,0.069
0.038,0.068
0.039,0.068
0.037,0.068
0.039,0.069
0.039,0.071
0.036,0.071
0.038,0.072
0.036,0.073
0.036,0.074
0.036,0.075
0.035,0.075
0.034,0.074
0.035,0.073
0.035,0.071
0.033,0.069
0.035,0.068
0.035,0.067
0.034,0.067
0.034,0.067
0.032,0.069
0.030,0.071
0.031,0.071
0.031,0.071
0.029,0.071
0.030,0.070
0.029,0.070
0.027,0.071
0.028,0.070
0.026,0.069
0.025,0.068
0.026,0.066
0.026,0.065
0.024,0.064
0.026,0.062
0.024,0.061
0.022,0.061
0.024,0.061
0.022,0.061
0.020,0.062
0.021,0.063
0.019,0.063
0.019,0.062
0.019,0.063
0.016,0.064
0.017,0.065
0.018,0.066
0.015,0.066
0.015,0.065
0.017,0.065
0.015,0.065
0.015,0.064
0.015,0.065
0.012,0.065
0.013,0.063
0.014,0.064
0.011,0.065
0.012,0.066
0.012,0.066
0.010,0.067
0.010,0.065
0.010,0.066
0.008,0.066
0.007,0.066
0.006,0.067
0.003,0.066
0.003,0.066
0.002,0.066
-0.001,0.066
-0.002,0.065
-0.002,0.066
-0.003,0.065
-0.003,0.064
-0.003,0.064
-0.004,0.063
-0.004,0.065
-0.005,0.065
-0.005,0.065
-0.005,0.066
-0.006,0.065
-0.006,0.063
-0.006,0.062
-0.008,0.059
-0.009,0.057
-0.009,0.057
-0.008,0.055
-0.010,0.055
-0.011,0.057
-0.011,0.058
-0.012,0.060
-0.014,0.061
-0.015,0.060
-0.015,0.059
-0.016,0.059
-0.016,0.057
-0.018,0.057
-0.017,0.058
-0.016,0.056
-0.017,0.057
-0.016,0.057
-0.015,0.057
-0.016,0.058
-0.016,0.059
-0.015,0.058
-0.017,0.059
-0.015,0.060
-0.015,0.059
-0.017,0.060
-0.017,0.060
-0.016,0.061
-0.017,0.062
-0.016,0.061
-0.015,0.061
-0.017,0.062
-0.014,0.062
-0.014,0.061
-0.015,0.061
-0.013,0.060
-0.013,0.061
-0.015,0.062
-0.013,0.062
-0.013,0.062
-0.014,0.061
-0.011,0.061
-0.012,0.061
-0.013,0.060
-0.011,0.060
-0.012,0.061
-0.012,0.059
-0.010,0.058
-0.014,0.060
-0.013,0.060
-0.011,0.061
-0.013,0.061
-0.013,0.061
-0.009,0.064
-0.012,0.065
-0.012,0.064
-0.010,0.064
-0.010,0.064
-0.010,0.063
-0.008,0.063
-0.010,0.064
-0.010,0.063
-0.008,0.063
-0.010,0.062
-0.010,0.060
-0.009,0.059
-0.010,0.059
-0.010,0.059
-0.010,0.058
-0.012,0.058
-0.011,0.058
-0.009,0.059
-0.011,0.058
-0.012,0.057
-0.011,0.057
-0.012,0.056
-0.011,0.054
-0.009,0.053
-0.011,0.052
-0.010,0.051
-0.009,0.050
-0.011,0.048
-0.010,0.047
-0.009,0.048
-0.011,0.047
-0.009,0.047
-0.010,0.047
-0.012,0.049
-0.010,0.050
-0.010,0.051
-0.012,0.050
-0.012,0.051
-0.011,0.051
-0.012,0.049
-0.011,0.048
-0.011,0.047
-0.013,0.048
-0.012,0.048
-0.014,0.049
-0.015,0.048
-0.015,0.050
-0.015,0.052
-0.014,0.049
-0.015,0.052
-0.015,0.052
-0.014,0.050
-0.014,0.051
-0.015,0.049
-0.016,0.046
-0.015,0.045
-0.016,0.045
-0.016,0.045
-0.016,0.047
-0.017,0.046
-0.017,0.047
-0.018,0.049
-0.019,0.049
-0.019,0.050
-0.020,0.051
-0.020,0.051
-0.021,0.051
-0.021,0.051
-0.021,0.050
-0.022,0.050
-0.022,0.050
-0.023,0.049
-0.023,0.049
-0.024,0.049
-0.024,0.049
-0.025,0.049
-0.026,0.049
-0.026,0.049
-0.026,0.048
-0.026,0.049
-0.028,0.048
-0.028,0.049
-0.028,0.049
-0.028,0.049
-0.030,0.049
-0.029,0.050
-0.029,0.049
-0.030,0.048
-0.029,0.049
-0.030,0.049
-0.030,0.049
-0.028,0.048
-0.029,0.049
-0.029,0.047
-0.028,0.047
-0.028,0.046
-0.028,0.045
-0.026,0.045
-0.027,0.045
-0.027,0.045
-0.025,0.044
-0.026,0.044
-0.026,0.044
-0.025,0.045
-0.025,0.047
-0.025,0.046
-0.024,0.047
-0.026,0.047
-0.026,0.047
-0.025,0.048
-0.027,0.047
-0.026,0.047
-0.026,0.046
-0.027,0.045
-0.027,0.042
-0.027,0.042
-0.028,0.040
-0.027,0.039
-0.027,0.040
-0.027,0.040
-0.026,0.040
-0.026,0.041
-0.026,0.040
-0.025,0.040
-0.025,0.042
-0.026,0.041
-0.025,0.040
-0.025,0.040
-0.025,0.038
-0.024,0.038
-0.024,0.039
-0.025,0.039
-0.023,0.040
-0.025,0.040
-0.025,0.040
-0.024,0.040
-0.025,0.041
-0.025,0.039
-0.025,0.039
-0.025,0.040
-0.025,0.039
-0.025,0.038
-0.025,0.038
-0.026,0.038
-0.026,0.038
-0.026,0.038
-0.025,0.038
-0.025,0.039
-0.025,0.039
-0.024,0.037
-0.022,0.037
-0.023,0.037
-0.023,0.036
-0.023,0.036
-0.024,0.037
-0.023,0.036
-0.023,0.038
-0.024,0.039
-0.022,0.039
-0.022,0.043
-0.022,0.042
-0.020,0.041
-0.022,0.042
-0.020,0.039
-0.019,0.036
-0.022,0.035
-0.021,0.033
-0.020,0.032
-0.022,0.034
-0.021,0.031
-0.020,0.032
-0.022,0.034
-0.020,0.032
-0.019,0.032
-0.022,0.033
-0.020,0.031
-0.020,0.030
-0.022,0.030
-0.021,0.028
-0.021,0.028
-0.022,0.029
-0.020,0.028
-0.021,0.030
-0.022,0.030
-0.021,0.031
-0.021,0.031
-0.023,0.032
-0.022,0.032
-0.022,0.032
-0.024,0.031
-0.023,0.030
-0.024,0.031
-0.025,0.030
-0.025,0.030
-0.025,0.030
-0.026,0.031
-0.025,0.031
-0.027,0.030
-0.027,0.030
-0.027,0.028
-0.028,0.029
-0.029,0.029
-0.028,0.029
-0.028,0.031
-0.030,0.031
-0.029,0.031
-0.030,0.030
-0.031,0.029
-0.029,0.028
-0.032,0.027
-0.033,0.026
-0.033,0.024
-0.036,0.023
-0.038,0.023
-0.037,0.023
-0.039,0.024
-0.041,0.026
-0.040,0.028
-0.042,0.031
-0.041,0.032
-0.042,0.031
-0.043,0.030
-0.042,0.028
-0.042,0.026
-0.044,0.024
-0.044,0.022
-0.042,0.022
-0.045,0.021
-0.045,0.021
-0.044,0.021
-0.046,0.021
-0.045,0.021
-0.045,0.020
-0.047,0.020
-0.047,0.020
-0.046,0.020
-0.048,0.020
-0.046,0.020
-0.045,0.019
-0.047,0.018
-0.047,0.017
-0.046,0.018
-0.047,0.017
-0.047,0.017
-0.045,0.018
-0.046,0.018
-0.045,0.019
-0.043,0.017
-0.045,0.018
-0.045,0.019
-0.044,0.018
-0.045,0.018
-0.046,0.020
-0.044,0.019
-0.045,0.018
-0.044,0.019
-0.043,0.018
-0.043,0.019
-0.042,0.021
-0.041,0.020
-0.041,0.021
-0.040,0.022
-0.038,0.022
-0.039,0.022
-0.038,0.023
-0.037,0.023
-0.038,0.023
-0.035,0.023
-0.035,0.021
-0.036,0.022
-0.035,0.021
-0.034,0.021
-0.035,0.022
-0.033,0.022
-0.030,0.023
-0.031,0.022
-0.029,0.021
-0.027,0.021
-0.027,0.021
-0.025,0.020
-0.024,0.020
-0.024,0.021
-0.022,0.021
-0.022,0.021
-0.023,0.019
-0.021,0.017
-0.020,0.016
-0.021,0.014
-0.018,0.014
-0.020,0.014
-0.019,0.013
-0.018,0.013
-0.019,0.015
-0.019,0.015
-0.018,0.017
-0.020,0.017
-0.020,0.018
-0.017,0.018
-0.018,0.018
-0.018,0.017
-0.015,0.018
-0.016,0.018
-0.016,0.017
-0.014,0.016
-0.016,0.016
-0.015,0.015
-0.013,0.014
-0.014,0.013
-0.014,0.013
-0.013,0.011
-0.015,0.011
-0.015,0.010
-0.014,0.009
-0.016,0.009
-0.015,0.008
-0.013,0.008
-0.014,0.008
-0.014,0.008
-0.012,0.008
-0.014,0.008
-0.014,0.007
-0.012,0.008
-0.014,0.007
-0.015,0.007
-0.013,0.009
-0.015,0.010
-0.015,0.009
-0.015,0.010
-0.018,0.011
-0.016,0.010
-0.016,0.011
-0.018,0.011
-0.017,0.010
-0.016,0.010
-0.018,0.009
-0.017,0.008
-0.016,0.008
-0.019,0.007
-0.017,0.006
-0.017,0.007
-0.018,0.008
-0.017,0.008
-0.017,0.008
-0.020,0.007
-0.019,0.007
-0.019,0.008
-0.022,0.007
-0.022,0.007
-0.024,0.007
-0.025,0.007
-0.024,0.008
-0.026,0.008
-0.026,0.007
-0.026,0.007
-0.028,0.006
-0.029,0.002
-0.028,0.002
-0.030,0.001
-0.031,-0.001
-0.032,0.000
-0.034,0.001
-0.034,0.000
-0.034,0.002
-0.036,0.002
-0.035,0.000
-0.035,0.002
-0.037,0.001
-0.038,-0.001
-0.038,0.001
-0.040,-0.000
-0.039,-0.002
-0.039,0.000
-0.040,0.000
-0.040,0.001
-0.038,0.004
-0.039,0.005
-0.038,0.005
-0.038,0.005
-0.039,0.003
-0.038,0.002
-0.037,0.003
-0.037,0.001
-0.036,0.000
-0.036,0.001
-0.036,0.000
-0.036,0.002
-0.035,0.003
-0.035,0.003
-0.035,0.003
-0.033,0.004
-0.033,0.002
-0.034,0.002
-0.033,0.002
-0.033,0.000
-0.034,0.000
-0.034,-0.000
-0.033,-0.001
-0.032,0.000
-0.031,0.001
-0.030,0.000
-0.030,0.001
-0.029,0.002
-0.028,0.001
-0.028,0.003
-0.027,0.003
-0.027,0.003
-0.028,0.004
-0.026,0.003
-0.026,0.003
-0.026,0.002
-0.025,0.001
-0.024,0.000
-0.024,0.000
-0.022,-0.000
-0.022,0.001
-0.022,0.001
-0.019,0.001
-0.020,0.001
-0.020,0.000
-0.019,-0.000
-0.019,0.000
-0.019,-0.002
-0.018,-0.002
-0.019,-0.002
-0.019,-0.002
-0.017,-0.002
-0.019,-0.002
-0.017,-0.002
-0.016,-0.001
-0.016,-0.001
-0.015,-0.001
-0.014,-0.001
-0.015,0.000
-0.014,0.000
-0.013,0.001
-0.014,0.001
-0.013,-0.000
-0.013,-0.000
-0.013,-0.001
-0.012,-0.002
-0.012,-0.002
-0.011,-0.004
-0.009,-0.005
-0.009,-0.005
-0.009,-0.006
-0.008,-0.006
-0.008,-0.006
-0.008,-0.006
-0.006,-0.007
-0.007,-0.006
-0.007,-0.008
-0.007,-0.008
-0.007,-0.006
-0.009,-0.007
-0.008,-0.007
-0.008,-0.006
-0.008,-0.005
-0.007,-0.005
-0.006,-0.004
-0.006,-0.004
-0.004,-0.004
-0.003,-0.003
-0.004,-0.003
-0.002,-0.002
-0.002,-0.002
-0.003,-0.003
-0.000,-0.003
-0.001,-0.003
-0.001,-0.003
0.000,-0.003
0.000,-0.002
0.000,-0.004
0.001,-0.004
0.000,-0.004
-0.000,-0.005
0.000,-0.004
0.000,-0.004
0.000,-0.005
0.002,-0.005
0.001,-0.004
0.003,-0.006
0.003,-0.006
0.003,-0.007
0.004,-0.009
0.005,-0.009
0.004,-0.008
0.006,-0.009
0.006,-0.009
0.005,-0.009
0.007,-0.011
0.007,-0.010
0.007,-0.009
0.009,-0.011
0.009,-0.009
0.007,-0.008
0.009,-0.008
0.008,-0.006
0.007,-0.006
0.008,-0.007
0.008,-0.006
0.007,-0.007
0.009,-0.009
0.007,-0.007
0.008,-0.008
0.009,-0.010
0.007,-0.010
0.008,-0.013
0.010,-0.013
0.008,-0.015
0.009,-0.016
0.010,-0.016
0.008,-0.015
0.010,-0.016
0.010,-0.014
0.009,-0.011
0.010,-0.011
0.012,-0.008
0.009,-0.007
0.011,-0.008
0.011,-0.008
0.009,-0.009
0.012,-0.011
0.011,-0.011
0.011,-0.010
0.013,-0.012
0.013,-0.011
0.012,-0.012
0.014,-0.013
0.014,-0.013
0.013,-0.013
0.014,-0.013
0.013,-0.013
0.013,-0.012
0.014,-0.013
0.012,-0.013
0.012,-0.012
0.013,-0.012
0.013,-0.012
0.013,-0.012
0.014,-0.011
0.014,-0.011
0.015,-0.011
0.016,-0.011
0.015,-0.011
0.016,-0.012
0.016,-0.013
0.017,-0.014
0.017,-0.013
0.017,-0.013
0.017,-0.013
0.016,-0.012
0.017,-0.012
0.017,-0.012
0.017,-0.011
0.019,-0.011
0.020,-0.011
0.020,-0.010
0.020,-0.012
0.020,-0.013
0.021,-0.012
0.021,-0.014
0.020,-0.015
0.021,-0.015
0.021,-0.016
0.020,-0.017
0.020,-0.018
0.021,-0.018
0.021,-0.018
0.021,-0.016
0.021,-0.015
0.020,-0.014
0.021,-0.012
0.022,-0.013
0.021,-0.013
0.023,-0.012
0.024,-0.014
0.023,-0.015
0.024,-0.016
0.026,-0.017
0.025,-0.018
0.024,-0.017
0.025,-0.016
0.023,-0.015
0.024,-0.015
0.025,-0.015
0.024,-0.014
0.025,-0.013
0.026,-0.013
0.024,-0.012
0.025,-0.011
0.027,-0.011
0.026,-0.012
0.027,-0.011
0.028,-0.013
0.028,-0.012
0.028,-0.011
0.028,-0.012
0.027,-0.010
0.028,-0.010
0.030,-0.010
0.028,-0.009
0.030,-0.009
0.032,-0.011
0.030,-0.011
0.032,-0.012
0.033,-0.011
0.032,-0.011
0.034,-0.012
0.036,-0.012
0.035,-0.013
0.037,-0.014
0.038,-0.015
0.036,-0.014
0.038,-0.014
0.039,-0.013
0.037,-0.012
0.039,-0.012
0.039,-0.011
0.037,-0.010
0.039,-0.010
0.039,-0.010
0.037,-0.010
0.040,-0.011
0.039,-0.010
0.039,-0.010
0.041,-0.012
0.040,-0.011
0.039,-0.011
0.040,-0.011
0.039,-0.011
0.037,-0.011
0.040,-0.012
0.038,-0.011
0.037,-0.011
0.040,-0.012
0.039,-0.010
0.038,-0.011
0.041,-0.011
0.039,-0.011
0.039,-0.013
0.042,-0.013
0.039,-0.013
0.040,-0.014
0.042,-0.013
0.040,-0.011
0.041,-0.011
0.042,-0.011
0.040,-0.010
0.041,-0.011
0.043,-0.010
0.041,-0.011
0.041,-0.013
0.043,-0.013
0.040,-0.014
0.041,-0.013
0.041,-0.012
0.040,-0.012
0.040,-0.011
0.041,-0.010
0.040,-0.010
0.040,-0.009
0.042,-0.010
0.041,-0.010
0.043,-0.008
0.044,-0.007
0.044,-0.005
0.045,-0.003
0.045,-0.002
0.045,-0.003
0.045,-0.002
0.046,-0.003
0.045,-0.005
0.047,-0.006
0.048,-0.006
0.047,-0.007
0.049,-0.007
0.049,-0.007
0.049,-0.007
0.050,-0.005
0.052,-0.006
0.051,-0.006
0.052,-0.006
0.053,-0.006
0.052,-0.006
0.053,-0.007
0.053,-0.007
0.052,-0.007
0.053,-0.007
0.054,-0.008
0.052,-0.007
0.054,-0.006
0.054,-0.007
0.052,-0.007
0.053,-0.007
0.053,-0.008
0.053,-0.008
0.055,-0.009
0.055,-0.009
0.055,-0.009
0.057,-0.008
0.056,-0.008
0.057,-0.008
0.058,-0.007
0.057,-0.008
0.057,-0.009
0.058,-0.008
0.056,-0.009
0.057,-0.011
0.057,-0.010
0.057,-0.010
0.056,-0.010
0.057,-0.008
0.057,-0.008
0.057,-0.008
0.058,-0.008
0.058,-0.009
0.058,-0.008
0.060,-0.009
0.060,-0.010
0.059,-0.011
0.060,-0.013
0.059,-0.015
0.059,-0.014
0.060,-0.015
0.059,-0.013
0.059,-0.011
0.061,-0.009
0.060,-0.008
0.060,-0.008
0.062,-0.007
0.061,-0.007
0.062,-0.009
0.063,-0.010
0.063,-0.009
0.064,-0.010
0.066,-0.011
0.064,-0.011
0.066,-0.012
0.068,-0.010
0.067,-0.009
0.068,-0.009
0.070,-0.008
0.070,-0.007
0.072,-0.007
0.073,-0.007
0.073,-0.006
0.075,-0.007
0.076,-0.006
0.076,-0.004
0.077,-0.004
0.078,-0.003
0.079,-0.002
0.080,-0.002
0.081,-0.001
0.082,-0.002
0.085,0.000
0.086,0.001
0.087,0.002
0.088,0.002
0.088,0.004
0.089,0.004
0.091,0.004
0.090,0.005
0.089,0.004
0.091,0.006
0.091,0.007
0.091,0.004
0.092,0.002
0.092,0.004
0.093,0.002
0.095,0.003
0.092,0.004
0.094,0.004
0.097,0.006
0.097,0.006
0.096,0.005
0.098,0.006
0.097,0.006
0.098,0.002
0.097,0.000
0.096,0.001
0.097,-0.000
0.098,0.000
0.097,-0.001
0.097,-0.002
0.098,-0.002
0.099,-0.002
0.099,-0.003
0.098,-0.003
0.099,-0.004
0.101,-0.004
0.101,-0.003
0.102,-0.003
0.101,-0.003
0.102,-0.002
0.103,-0.002
0.105,-0.004
0.105,-0.004
0.105,-0.005
0.107,-0.006
0.107,-0.005
0.107,-0.006
0.107,-0.004
0.108,-0.002
0.107,-0.002
0.107,-0.002
0.106,0.000
0.105,0.001
0.107,-0.001
0.106,-0.000
0.105,-0.002
0.106,-0.002
0.106,-0.002
0.106,-0.003
0.105,-0.004
0.106,-0.003
0.105,-0.002
0.106,-0.003
0.102,-0.002
0.103,-0.001
0.104,-0.001
0.105,-0.000
0.104,-0.003
0.103,-0.002
0.104,-0.001
0.103,-0.003
0.103,-0.003
0.101,-0.003
0.102,-0.005
0.102,-0.005
0.101,-0.005
0.101,-0.006
0.101,-0.005
0.101,-0.004
0.101,-0.005
0.101,-0.005
0.099,-0.003
0.100,-0.004
0.100,-0.003
0.098,-0.004
0.098,-0.005
0.098,-0.003
0.097,-0.002
0.097,-0.003
0.097,-0.002
0.096,-0.002
0.099,-0.002
0.099,-0.001
0.099,-0.003
0.101,-0.001
0.100,-0.001
0.101,-0.000
0.101,0.000
0.101,0.000
0.101,0.002
0.102,0.002
0.101,0.002
0.101,0.002
0.101,0.003
0.100,0.002
0.102,0.001
0.100,0.001
0.099,0.000
0.100,0.001
0.101,0.001
0.101,0.001
0.101,0.002
0.101,0.003
0.101,0.002
0.103,0.003
0.102,0.002
0.104,0.002
0.105,0.004
0.104,0.004
0.104,0.004
0.102,0.004
0.104,0.005
0.105,0.004
0.105,0.006
0.105,0.006
0.107,0.006
0.107,0.007
0.107,0.005
0.108,0.004
0.107,0.006
0.107,0.005
0.107,0.005
0.107,0.007
0.107,0.006
0.108,0.007
0.109,0.007
0.108,0.006
0.109,0.006
0.109,0.007
0.109,0.006
0.110,0.006
0.110,0.009
0.111,0.009
0.111,0.010
0.111,0.010
0.112,0.010
0.112,0.010
0.112,0.010
0.114,0.010
0.113,0.010
0.114,0.010
0.116,0.009
0.114,0.009
0.116,0.007
0.116,0.007
0.115,0.008
0.116,0.006
0.117,0.006
0.115,0.008
0.116,0.007
0.117,0.008
0.115,0.010
0.116,0.010
0.117,0.009
0.115,0.010
0.116,0.010
0.116,0.009
0.115,0.009
0.117,0.008
0.118,0.007
0.117,0.006
0.118,0.004
0.118,0.003
0.117,0.004
0.118,0.004
0.118,0.004
0.117,0.006
0.118,0.005
0.117,0.006
0.115,0.007
0.117,0.007
0.116,0.007
0.114,0.008
0.117,0.008
0.116,0.009
0.115,0.010
0.116,0.010
0.116,0.012
0.115,0.013
0.117,0.011
0.117,0.012
0.114,0.012
0.117,0.011
0.116,0.011
0.114,0.012
0.117,0.011
0.116,0.013
0.114,0.013
0.114,0.011
0.113,0.012
0.111,0.013
0.114,0.012
0.113,0.013
0.113,0.014
0.115,0.015
0.114,0.017
0.114,0.018
0.115,0.019
0.114,0.019
0.114,0.019
0.117,0.018
0.115,0.018
0.116,0.017
0.118,0.017
0.115,0.018
0.117,0.017
0.118,0.018
0.116,0.017
0.116,0.016
0.117,0.016
0.114,0.016
0.116,0.014
0.116,0.015
0.114,0.014
0.115,0.014
0.116,0.015
0.114,0.016
0.116,0.015
0.116,0.017
0.115,0.016
0.116,0.016
0.117,0.017
0.114,0.016
0.116,0.016
0.115,0.016
0.114,0.016
0.114,0.017
0.113,0.019
0.112,0.021
0.112,0.024
0.111,0.024
0.110,0.023
0.111,0.024
0.110,0.023
0.109,0.022
0.111,0.023
0.110,0.023
0.110,0.021
0.110,0.022
0.111,0.021
0.110,0.021
0.111,0.022
0.111,0.021
0.109,0.021
0.110,0.023
0.111,0.022
0.110,0.023
0.111,0.023
0.112,0.023
0.111,0.024
0.112,0.023
0.113,0.023
0.112,0.023
0.114,0.023
0.113,0.022
0.112,0.023
0.114,0.024
0.114,0.025
0.114,0.025
0.115,0.026
0.115,0.026
0.115,0.026
0.117,0.027
0.116,0.027
0.116,0.028
0.119,0.029
0.117,0.030
0.117,0.030
0.119,0.031
0.119,0.030
0.119,0.029
0.120,0.028
0.120,0.026
0.119,0.026
0.121,0.026
0.121,0.027
0.121,0.030
0.123,0.031
0.124,0.032
0.123,0.033
0.126,0.033
0.125,0.032
0.124,0.032
0.127,0.030
0.127,0.030
0.127,0.029
0.129,0.028
0.129,0.030
0.129,0.030
0.131,0.031
0.130,0.032
0.130,0.032
0.133,0.033
0.132,0.034
0.132,0.034
0.134,0.036
0.132,0.037
0.132,0.036
0.134,0.036
0.132,0.036
0.133,0.035
0.136,0.035
0.134,0.036
0.136,0.036
0.138,0.037
0.136,0.038
0.138,0.038
0.139,0.039
0.138,0.039
0.139,0.038
0.140,0.038
0.139,0.036
0.140,0.035
0.139,0.035
0.137,0.033
0.140,0.032
0.138,0.033
0.137,0.031
0.138,0.033
0.136,0.036
0.136,0.035
0.136,0.038
0.134,0.041
0.134,0.039
0.135,0.041
0.134,0.041
0.133,0.039
0.133,0.039
0.132,0.039
0.132,0.036
0.131,0.037
0.130,0.037
0.130,0.036
0.130,0.037
0.129,0.038
0.128,0.038
0.127,0.039
0.125,0.040
0.125,0.039
0.124,0.038
0.123,0.038
0.122,0.037
0.122,0.039
0.121,0.038
0.120,0.036
0.118,0.037
0.117,0.036
0.116,0.036
0.115,0.038
0.115,0.040
0.115,0.040
0.115,0.041
0.115,0.041
0.116,0.040
0.115,0.039
0.114,0.038
0.115,0.038
0.112,0.040
0.113,0.041
0.112,0.043
0.110,0.046
0.112,0.045
0.110,0.046
0.110,0.047
0.110,0.045
0.111,0.046
0.109,0.047
0.109,0.046
0.109,0.048
0.107,0.048
0.109,0.046
0.108,0.047
0.107,0.048
0.109,0.047
0.108,0.048
0.106,0.048
0.108,0.048
0.108,0.049
0.107,0.050
0.108,0.049
0.107,0.050
0.107,0.050
0.109,0.049
0.108,0.048
0.109,0.047
0.110,0.047
0.109,0.047
0.109,0.048
0.110,0.049
0.110,0.048
0.110,0.046
0.111,0.044
0.110,0.043
0.110,0.043
0.111,0.043
0.111,0.044
0.111,0.047
0.111,0.047
0.111,0.049
0.110,0.051
0.111,0.051
0.111,0.052
0.111,0.053
0.111,0.053
0.111,0.054
0.112,0.054
0.113,0.054
0.112,0.053
0.113,0.054
0.114,0.055
0.113,0.054
0.115,0.054
0.116,0.054
0.114,0.054
0.116,0.053
0.117,0.054
0.115,0.054
0.117,0.054
0.117,0.054
0.115,0.054
0.118,0.055
0.118,0.055
0.116,0.055
0.117,0.054
0.118,0.054
0.117,0.053
0.117,0.053
0.117,0.053
0.116,0.053
0.117,0.053
0.116,0.053
0.115,0.052
0.116,0.053
0.115,0.053
0.115,0.053
0.115,0.055
0.115,0.056
0.114,0.058
0.114,0.060
0.114,0.060
0.113,0.058
0.114,0.060
0.114,0.057
0.113,0.054
0.112,0.053
0.112,0.051
0.111,0.050
0.110,0.051
0.110,0.051
0.109,0.051
0.110,0.052
0.109,0.052
0.109,0.053
0.110,0.053
0.109,0.052
0.107,0.053
0.107,0.054
0.107,0.054
0.104,0.055
0.104,0.054
0.104,0.054
0.101,0.055
0.102,0.055
0.101,0.058
0.099,0.061
0.100,0.061
0.100,0.062
0.098,0.062
0.100,0.060
0.099,0.060
0.096,0.061
0.098,0.060
0.097,0.060
0.095,0.061
0.097,0.060
0.096,0.061
0.095,0.062
0.096,0.062
0.095,0.062
0.092,0.063
0.094,0.062
0.092,0.063
0.092,0.061
0.093,0.060
0.091,0.061
0.091,0.059
0.093,0.060
0.090,0.060
0.089,0.061
0.093,0.061
0.089,0.063
0.090,0.063
0.092,0.063
0.090,0.064
0.090,0.063
0.091,0.063
0.089,0.063
0.089,0.062
0.091,0.060
0.088,0.061
0.088,0.061
0.089,0.061
0.086,0.062
0.086,0.062
0.087,0.064
0.085,0.065
0.085,0.065
0.087,0.065
0.085,0.064
0.086,0.065
0.086,0.065
0.084,0.066
0.085,0.067
0.086,0.068
0.084,0.069
0.085,0.067
0.086,0.068
0.084,0.067
0.085,0.066
0.085,0.066
0.083,0.066
0.085,0.065
0.085,0.066
0.083,0.066
0.084,0.066
0.083,0.067
0.080,0.067
0.081,0.068
0.083,0.069
0.080,0.068
0.082,0.067
0.082,0.066
0.080,0.065
0.082,0.064
0.081,0.065
0.079,0.065
0.080,0.065
0.079,0.065
0.076,0.066
0.078,0.068
0.076,0.069
0.075,0.070
0.076,0.070
0.076,0.071
0.077,0.070
0.078,0.071
0.078,0.072
0.077,0.072
0.080,0.073
0.078,0.072
0.079,0.070
0.080,0.071
0.077,0.070
0.079,0.068
0.079,0.069
0.077,0.070
0.078,0.069
0.078,0.072
0.075,0.073
0.075,0.072
0.076,0.074
0.074,0.075
0.074,0.075
0.077,0.077
0.075,0.076
0.076,0.073
0.077,0.074
0.077,0.071
0.076,0.070
0.077,0.070
0.076,0.069
0.076,0.071
0.077,0.071
0.075,0.071
0.075,0.071
0.075,0.071
0.074,0.071
0.073,0.069
0.074,0.069
0.073,0.068
0.072,0.068
0.072,0.068
0.072,0.068
0.071,0.068
0.072,0.067
0.072,0.067
0.070,0.068
0.071,0.067
0.070,0.067
0.068,0.067
0.069,0.066
0.067,0.067
0.066,0.068
0.067,0.068
0.066,0.070
0.065,0.071
0.067,0.071
0.066,0.072
0.066,0.072
0.069,0.071
0.067,0.072
0.067,0.071
0.069,0.069
0.067,0.069
0.067,0.067
0.068,0.066
0.065,0.067
0.065,0.066
0.066,0.066
0.064,0.067
0.064,0.067
0.066,0.068
0.063,0.069
0.064,0.068
0.064,0.067
0.062,0.065
0.062,0.064
0.063,0.063
0.061,0.063
0.062,0.062
0.062,0.063
0.060,0.065
0.062,0.067
0.062,0.068
0.061,0.067
0.063,0.067
0.063,0.067
0.063,0.065
0.064,0.066
0.063,0.067
0.063,0.067
0.063,0.069
0.063,0.072
0.062,0.072
0.062,0.074
0.062,0.076
0.061,0.074
0.062,0.075
0.061,0.074
0.060,0.071
0.061,0.071
0.060,0.071
0.060,0.071
0.061,0.071
0.061,0.072
0.060,0.072
0.061,0.073
0.060,0.073
0.059,0.073
0.060,0.073
0.059,0.072
0.058,0.071
0.058,0.070
0.057,0.070
0.057,0.070
0.057,0.071
0.056,0.072
0.056,0.071
0.057,0.073
0.055,0.073
0.055,0.073
0.056,0.073
0.054,0.071
0.054,0.070
0.054,0.070
0.052,0.070
0.053,0.068
0.053,0.069
0.051,0.068
0.052,0.069
0.053,0.070
0.052,0.070
0.053,0.069
0.054,0.070
0.053,0.069
0.054,0.068
0.053,0.069
0.053,0.069
0.052,0.070
0.051,0.072
0.051,0.072
0.050,0.072
0.049,0.072
0.049,0.071
0.049,0.070
0.048,0.071
0.048,0.070
0.048,0.071
0.048,0.072
0.047,0.069
0.047,0.069
0.047,0.069
0.048,0.067
0.048,0.067
0.047,0.067
0.048,0.067
0.048,0.068
0.046,0.069
0.047,0.067
0.047,0.069
0.047,0.068
0.047,0.066
0.047,0.067
0.046,0.066
0.047,0.067
0.047,0.067
0.046,0.068
0.047,0.067
0.048,0.067
0.047,0.067
0.048,0.065
0.049,0.065
0.049,0.065
0.050,0.066
0.049,0.066
0.049,0.067
0.049,0.067
0.048,0.067
0.048,0.067
0.047,0.066
0.048,0.065
0.048,0.065
0.048,0.064
0.048,0.063
0.048,0.063
0.048,0.063
0.047,0.062
0.048,0.063
0.048,0.064
0.047,0.065
0.047,0.067
0.046,0.068
0.047,0.067
0.047,0.069
0.046,0.068
0.046,0.067
0.046,0.068
0.045,0.065
0.046,0.064
0.046,0.063
0.045,0.062
0.045,0.063
0.044,0.064
0.044,0.064
0.043,0.064
0.042,0.065
0.042,0.065
0.040,0.064
0.040,0.063
0.040,0.061
0.040,0.061
0.041,0.060
0.041,0.060
0.039,0.062
0.039,0.063
0.039,0.063
0.037,0.064
0.038,0.064
0.038,0.062
0.037,0.062
0.036,0.061
0.037,0.061
0.035,0.061
0.035,0.060
0.036,0.061
0.034,0.061
0.036,0.061
0.037,0.059
0.036,0.061
0.037,0.060
0.037,0.060
0.034,0.061
0.035,0.060
0.036,0.060
0.035,0.062
0.035,0.061
0.035,0.061
0.034,0.064
0.035,0.064
0.034,0.063
0.032,0.063
0.032,0.062
0.033,0.060
0.031,0.060
0.031,0.058
0.032,0.058
0.030,0.059
0.031,0.058
0.030,0.057
0.029,0.058
0.030,0.058
0.030,0.059
0.027,0.061
0.029,0.061
0.028,0.062
0.025,0.062
0.026,0.062
0.024,0.062
0.023,0.062
0.024,0.062
0.023,0.061
0.022,0.062
0.023,0.061
0.023,0.061
0.020,0.061
0.023,0.060
0.021,0.061
0.021,0.060
0.022,0.058
0.019,0.057
0.017,0.056
0.017,0.056
0.016,0.055
0.014,0.054
0.015,0.054
0.014,0.054
0.012,0.055
0.014,0.054
0.012,0.053
0.011,0.052
0.012,0.053
0.011,0.054
0.009,0.055
0.010,0.055
0.009,0.056
0.008,0.056
0.007,0.055
0.003,0.055
0.003,0.055
0.003,0.055
0.000,0.055
-0.001,0.054
0.001,0.053
-0.001,0.053
-0.002,0.053
-0.003,0.052
-0.005,0.052
-0.003,0.052
-0.004,0.053
-0.007,0.053
-0.007,0.054
-0.007,0.055
-0.010,0.055
-0.009,0.053
-0.009,0.055
-0.010,0.055
-0.009,0.056
-0.011,0.055
-0.013,0.053
-0.012,0.055
-0.010,0.056
-0.011,0.057
-0.012,0.058
-0.013,0.059
-0.013,0.056
-0.013,0.057
-0.014,0.054
-0.013,0.053
-0.014,0.057
-0.016,0.055
-0.016,0.055
-0.016,0.057
-0.015,0.057
-0.016,0.058
-0.015,0.059
-0.017,0.057
-0.018,0.056
-0.019,0.057
-0.017,0.055
-0.018,0.055
-0.018,0.056
-0.017,0.056
-0.018,0.056
-0.016,0.057
-0.016,0.055
-0.016,0.056
-0.015,0.057
-0.015,0.056
-0.016,0.058
-0.016,0.056
-0.014,0.056
-0.016,0.056
-0.016,0.056
-0.015,0.056
-0.016,0.056
-0.015,0.055
-0.013,0.052
-0.016,0.052
-0.014,0.051
-0.013,0.053
-0.016,0.055
-0.014,0.054
-0.013,0.055
-0.014,0.056
-0.011,0.055
-0.011,0.055
-0.014,0.058
-0.010,0.056
-0.011,0.057
-0.012,0.056
-0.009,0.056
-0.010,0.057
-0.011,0.055
-0.008,0.052
-0.010,0.051
-0.012,0.050
-0.008,0.049
-0.010,0.050
-0.011,0.050
-0.008,0.050
-0.011,0.052
-0.009,0.052
-0.007,0.053
-0.009,0.055
-0.010,0.055
-0.008,0.054
-0.009,0.055
-0.010,0.052
-0.007,0.051
-0.009,0.052
-0.010,0.051
-0.008,0.052
-0.011,0.051
-0.012,0.050
-0.008,0.050
-0.011,0.050
-0.011,0.049
-0.009,0.049
-0.011,0.051
-0.010,0.052
-0.009,0.052
-0.012,0.052
-0.011,0.053
-0.010,0.053
-0.012,0.050
-0.011,0.049
-0.009,0.049
-0.009,0.049
-0.008,0.049
-0.008,0.050
-0.010,0.051
-0.009,0.049
-0.008,0.049
-0.011,0.048
-0.011,0.047
-0.011,0.047
-0.014,0.047
-0.013,0.046
-0.014,0.046
-0.016,0.046
-0.016,0.044
-0.016,0.045
-0.019,0.044
-0.019,0.044
-0.019,0.045
-0.021,0.045
-0.021,0.044
-0.021,0.044
-0.023,0.041
-0.021,0.041
-0.022,0.042
-0.023,0.041
-0.022,0.043
-0.024,0.043
-0.025,0.042
-0.023,0.043
-0.025,0.042
-0.026,0.041
-0.025,0.041
-0.027,0.041
-0.027,0.038
-0.026,0.040
-0.028,0.040
-0.028,0.038
-0.026,0.040
-0.027,0.041
-0.026,0.040
-0.025,0.041
-0.028,0.041
-0.028,0.039
-0.027,0.040
-0.028,0.039
-0.029,0.039
-0.029,0.040
-0.029,0.039
-0.029,0.039
-0.029,0.039
-0.028,0.039
-0.028,0.037
-0.027,0.037
-0.027,0.037
-0.027,0.038
-0.026,0.041
-0.027,0.042
-0.027,0.042
-0.027,0.044
-0.028,0.043
-0.027,0.042
-0.027,0.042
-0.028,0.041
-0.026,0.041
-0.026,0.043
-0.027,0.043
-0.027,0.044
-0.026,0.046
-0.028,0.046
-0.027,0.045
-0.028,0.046
-0.028,0.043
-0.028,0.042
-0.028,0.042
-0.027,0.039
-0.027,0.039
-0.027,0.039
-0.028,0.037
-0.027,0.036
-0.027,0.037
-0.028,0.036
-0.027,0.038
-0.028,0.038
-0.028,0.038
-0.028,0.039
-0.029,0.039
-0.028,0.038
-0.027,0.038
-0.027,0.037
-0.026,0.034
-0.026,0.033
-0.027,0.032
-0.026,0.029
-0.028,0.029
-0.028,0.029
-0.028,0.028
-0.029,0.029
-0.027,0.031
-0.028,0.031
-0.027,0.031
-0.027,0.031
-0.027,0.032
-0.027,0.031
-0.028,0.031
-0.027,0.031
-0.028,0.031
-0.025,0.030
-0.026,0.030
-0.026,0.029
-0.025,0.028
-0.027,0.029
-0.026,0.028
-0.027,0.029
-0.027,0.031
-0.028,0.031
-0.026,0.032
-0.027,0.032
-0.027,0.033
-0.026,0.033
-0.026,0.034
-0.025,0.033
-0.025,0.034
-0.024,0.033
-0.024,0.031
-0.024,0.031
-0.024,0.030
-0.024,0.031
-0.024,0.032
-0.025,0.031
-0.023,0.032
-0.024,0.034
-0.024,0.032
-0.024,0.032
-0.024,0.035
-0.024,0.033
-0.024,0.035
-0.023,0.035
-0.023,0.034
-0.023,0.034
-0.023,0.033
-0.022,0.031
-0.023,0.031
-0.022,0.029
-0.022,0.028
-0.024,0.028
-0.022,0.027
-0.023,0.026
-0.024,0.027
-0.023,0.025
-0.023,0.024
-0.025,0.024
-0.026,0.023
-0.025,0.024
-0.027,0.025
-0.026,0.024
-0.026,0.024
-0.028,0.025
-0.027,0.025
-0.027,0.024
-0.029,0.025
-0.029,0.024
-0.028,0.022
-0.029,0.022
-0.028,0.021
-0.028,0.020
-0.029,0.021
-0.029,0.020
-0.029,0.020
-0.030,0.021
-0.030,0.021
-0.030,0.020
-0.032,0.021
-0.031,0.020
-0.032,0.019
-0.035,0.019
-0.034,0.017
-0.035,0.016
-0.037,0.017
-0.037,0.015
-0.038,0.015
-0.040,0.016
-0.039,0.015
-0.039,0.015
-0.042,0.017
-0.041,0.015
-0.041,0.016
-0.042,0.016
-0.041,0.015
-0.042,0.017
-0.043,0.017
-0.042,0.017
-0.042,0.018
-0.044,0.019
-0.042,0.019
-0.043,0.019
-0.045,0.018
-0.043,0.017
-0.045,0.018
-0.046,0.017
-0.045,0.017
-0.046,0.018
-0.047,0.018
-0.046,0.018
-0.048,0.019
-0.047,0.019
-0.045,0.018
-0.047,0.018
-0.046,0.016
-0.044,0.015
-0.046,0.015
-0.046,0.013
-0.044,0.015
-0.047,0.015
-0.045,0.015
-0.044,0.015
-0.046,0.016
-0.044,0.016
-0.043,0.016
-0.045,0.016
-0.044,0.014
-0.043,0.013
-0.045,0.012
-0.043,0.012
-0.043,0.012
-0.044,0.012
-0.042,0.015
-0.041,0.016
-0.041,0.018
-0.040,0.021
-0.038,0.021
-0.039,0.021
-0.038,0.021
-0.038,0.021
-0.038,0.020
-0.036,0.021
-0.036,0.021
-0.036,0.021
-0.034,0.021
-0.033,0.020
-0.033,0.018
-0.031,0.018
-0.031,0.018
-0.031,0.017
-0.030,0.019
-0.028,0.019
-0.030,0.019
-0.029,0.019
-0.028,0.019
-0.028,0.020
-0.027,0.020
-0.026,0.019
-0.027,0.019
-0.026,0.018
-0.025,0.017
-0.026,0.017
-0.024,0.017
-0.023,0.016
-0.024,0.016
-0.022,0.014
-0.022,0.013
-0.023,0.012
-0.022,0.012
-0.021,0.012
-0.022,0.012
-0.020,0.013
-0.019,0.012
-0.020,0.013
-0.017,0.014
-0.017,0.015
-0.018,0.014
-0.016,0.015
-0.016,0.016
-0.016,0.014
-0.015,0.015
-0.017,0.014
-0.016,0.013
-0.015,0.012
-0.016,0.011
-0.017,0.010
-0.016,0.010
-0.016,0.011
-0.017,0.009
-0.016,0.010
-0.016,0.009
-0.017,0.008
-0.016,0.008
-0.016,0.009
-0.016,0.008
-0.016,0.008
-0.017,0.009
-0.017,0.010
-0.017,0.011
-0.017,0.013
-0.018,0.015
-0.016,0.015
-0.018,0.016
-0.018,0.015
-0.017,0.013
-0.019,0.012
-0.020,0.010
-0.018,0.009
-0.019,0.009
-0.019,0.008
-0.017,0.008
-0.020,0.009
-0.020,0.010
-0.019,0.011
-0.023,0.012
-0.023,0.011
-0.022,0.011
-0.025,0.011
-0.025,0.010
-0.025,0.010
-0.028,0.010
-0.028,0.009
-0.028,0.009
-0.032,0.009
-0.031,0.007
-0.032,0.008
-0.034,0.007
-0.034,0.006
-0.033,0.008
-0.034,0.007
-0.034,0.007
-0.034,0.006
-0.036,0.005
-0.036,0.004
-0.037,0.004
-0.039,0.004
-0.038,0.004
-0.039,0.006
-0.040,0.006
-0.038,0.006
-0.039,0.007
-0.040,0.005
-0.039,0.006
-0.040,0.006
-0.040,0.004
-0.040,0.006
-0.042,0.007
-0.041,0.005
-0.041,0.007
-0.042,0.008
-0.041,0.005
-0.040,0.006
-0.040,0.005
-0.040,0.002
-0.039,0.003
-0.040,0.003
-0.039,0.003
-0.038,0.004
-0.039,0.005
-0.038,0.004
-0.037,0.006
-0.037,0.004
-0.036,0.002
-0.035,0.003
-0.035,0.002
-0.034,-0.001
-0.034,-0.000
-0.035,-0.000
-0.033,0.000
-0.034,0.002
-0.033,0.003
-0.034,0.004
-0.032,0.006
-0.032,0.004
-0.032,0.004
-0.031,0.004
-0.030,0.004
-0.029,0.003
-0.029,0.004
-0.028,0.002
-0.028,0.001
-0.028,0.000
-0.027,-0.001
-0.026,0.000
-0.026,0.000
-0.024,0.001
-0.024,0.003
-0.024,0.004
-0.022,0.005
-0.023,0.006
-0.022,0.007
-0.020,0.006
-0.021,0.007
-0.020,0.005
-0.020,0.004
-0.020,0.003
-0.019,0.002
-0.019,0.002
-0.018,0.002
-0.018,0.001
-0.017,0.000
-0.017,-0.001
-0.016,-0.002
-0.016,-0.001
-0.015,-0.001
-0.015,0.000
-0.015,-0.000
-0.015,-0.002
-0.014,-0.002
-0.015,-0.003
-0.015,-0.003
-0.012,-0.003
-0.013,-0.002
-0.013,-0.003
-0.011,-0.003
-0.011,-0.001
-0.010,-0.002
-0.009,-0.002
-0.009,0.000
-0.009,-0.001
-0.006,-0.000
-0.007,-0.001
-0.007,-0.002
-0.005,-0.002
-0.006,-0.002
-0.005,-0.003
-0.003,-0.002
-0.004,-0.001
-0.004,-0.002
-0.003,-0.001
-0.004,-0.001
-0.003,-0.003
-0.003,-0.003
-0.005,-0.002
-0.004,-0.002
-0.005,-0.002
-0.005,-0.002
-0.005,-0.003
-0.004,-0.003
-0.005,-0.004
-0.003,-0.004
-0.003,-0.003
-0.003,-0.004
-0.002,-0.004
-0.002,-0.003
-0.002,-0.004
-0.000,-0.004
0.000,-0.003
0.000,-0.003
0.001,-0.003
0.002,-0.003
0.001,-0.004
0.003,-0.005
0.002,-0.006
0.001,-0.008
0.003,-0.008
0.001,-0.009
0.000,-0.010
0.002,-0.009
0.002,-0.009
0.001,-0.009
0.003,-0.008
0.003,-0.007
0.003,-0.007
0.003,-0.007
0.002,-0.006
0.003,-0.007
0.003,-0.007
0.003,-0.007
0.002,-0.008
0.004,-0.009
0.004,-0.009
0.003,-0.010
0.004,-0.009
0.004,-0.009
0.004,-0.010
0.004,-0.008
0.003,-0.008
0.003,-0.008
0.004,-0.008
0.004,-0.009
0.004,-0.009
0.004,-0.010
0.004,-0.011
0.006,-0.013
0.006,-0.014
0.006,-0.014
0.007,-0.015
0.006,-0.014
0.006,-0.015
0.006,-0.014
0.007,-0.013
0.006,-0.014
0.007,-0.015
0.007,-0.014
0.007,-0.015
0.008,-0.015
0.009,-0.014
0.009,-0.013
0.010,-0.012
0.010,-0.010
0.010,-0.011
0.012,-0.010
0.011,-0.008
0.012,-0.008
0.013,-0.008
0.012,-0.007
0.013,-0.009
0.013,-0.009
0.011,-0.008
0.013,-0.011
0.014,-0.009
0.013,-0.009
0.015,-0.009
0.016,-0.009
0.015,-0.010
0.017,-0.014
0.016,-0.015
0.016,-0.014
0.017,-0.016
0.017,-0.015
0.017,-0.014
0.018,-0.014
0.018,-0.013
0.018,-0.012
0.020,-0.011
0.020,-0.010
0.020,-0.009
0.020,-0.009
0.020,-0.008
0.021,-0.009
0.021,-0.010
0.021,-0.011
0.021,-0.011
0.022,-0.011
0.022,-0.012
0.022,-0.011
0.024,-0.011
0.024,-0.011
0.024,-0.010
0.025,-0.012
0.025,-0.012
0.026,-0.013
0.028,-0.015
0.026,-0.017
0.027,-0.017
0.028,-0.018
0.027,-0.019
0.027,-0.017
0.027,-0.017
0.027,-0.016
0.027,-0.015
0.028,-0.013
0.027,-0.012
0.027,-0.010
0.029,-0.010
0.027,-0.009
0.029,-0.008
0.029,-0.007
0.029,-0.006
0.031,-0.005
0.031,-0.005
0.030,-0.006
0.031,-0.007
0.031,-0.007
0.030,-0.007
0.031,-0.007
0.031,-0.006
0.029,-0.004
0.031,-0.005
0.031,-0.004
0.030,-0.004
0.032,-0.004
0.032,-0.004
0.032,-0.006
0.034,-0.007
0.034,-0.009
0.034,-0.009
0.034,-0.008
0.035,-0.007
0.034,-0.007
0.036,-0.005
0.036,-0.007
0.036,-0.007
0.038,-0.007
0.038,-0.008
0.037,-0.007
0.038,-0.008
0.039,-0.009
0.038,-0.009
0.039,-0.008
0.038,-0.008
0.038,-0.007
0.038,-0.006
0.038,-0.007
0.036,-0.006
0.037,-0.005
0.036,-0.006
0.036,-0.005
0.038,-0.007
0.039,-0.007
0.038,-0.007
0.039,-0.007
0.040,-0.008
0.037,-0.008
0.040,-0.010
0.039,-0.011
0.039,-0.009
0.040,-0.010
0.040,-0.010
0.039,-0.008
0.040,-0.008
0.040,-0.008
0.038,-0.006
0.041,-0.008
0.041,-0.009
0.039,-0.009
0.041,-0.011
0.040,-0.011
0.040,-0.012
0.043,-0.013
0.043,-0.013
0.042,-0.012
0.044,-0.013
0.042,-0.013
0.041,-0.014
0.044,-0.016
0.041,-0.016
0.042,-0.016
0.044,-0.016
0.042,-0.015
0.043,-0.015
0.045,-0.015
0.043,-0.015
0.043,-0.017
0.046,-0.018
0.043,-0.018
0.045,-0.019
0.047,-0.019
0.045,-0.017
0.045,-0.016
0.048,-0.016
0.045,-0.014
0.046,-0.014
0.049,-0.014
0.045,-0.015
0.046,-0.016
0.048,-0.016
0.046,-0.014
0.048,-0.013
0.049,-0.012
0.048,-0.011
0.049,-0.009
0.051,-0.006
0.049,-0.006
0.051,-0.005
0.052,-0.003
0.050,-0.003
0.051,-0.002
0.051,-0.001
0.050,-0.001
0.051,-0.002
0.053,-0.002
0.051,-0.002
0.053,-0.003
0.054,-0.003
0.053,-0.005
0.055,-0.005
0.056,-0.004
0.055,-0.004
0.056,-0.003
0.056,-0.001
0.055,-0.001
0.055,-0.001
0.055,-0.002
0.053,-0.003
0.055,-0.003
0.055,-0.003
0.054,-0.003
0.056,-0.002
0.055,-0.002
0.057,-0.005
0.058,-0.004
0.057,-0.004
0.059,-0.006
0.061,-0.005
0.060,-0.005
0.060,-0.006
0.062,-0.005
0.060,-0.006
0.061,-0.007
0.061,-0.005
0.061,-0.006
0.062,-0.005
0.062,-0.003
0.063,-0.003
0.064,-0.001
0.064,0.001
0.064,0.000
0.066,0.001
0.066,0.000
0.067,-0.002
0.067,-0.001
0.067,-0.000
0.067,-0.002
0.068,-0.002
0.068,-0.002
0.069,-0.003
0.069,-0.003
0.070,-0.003
0.070,-0.003
0.070,-0.003
0.071,-0.004
0.073,-0.004
0.072,-0.003
0.073,-0.004
0.074,-0.005
0.075,-0.005
0.076,-0.005
0.076,-0.005
0.076,-0.005
0.078,-0.004
0.078,-0.003
0.078,-0.005
0.081,-0.004
0.081,-0.004
0.080,-0.006
0.082,-0.006
0.082,-0.005
0.084,-0.006
0.086,-0.006
0.087,-0.007
0.088,-0.008
0.089,-0.006
0.088,-0.007
0.089,-0.007
0.090,-0.006
0.091,-0.006
0.093,-0.004
0.093,-0.003
0.092,-0.002
0.094,-0.001
0.094,0.001
0.096,-0.000
0.096,-0.000
0.096,0.000
0.096,-0.001
0.097,-0.002
0.097,-0.003
0.096,-0.004
0.099,-0.006
0.100,-0.004
0.100,-0.004
0.101,-0.004
0.101,-0.002
0.102,-0.003
0.103,-0.003
0.102,-0.001
0.101,-0.002
0.102,-0.003
0.102,-0.001
0.102,-0.003
0.104,-0.004
0.105,-0.002
0.105,-0.003
0.105,-0.003
0.105,-0.003
0.104,-0.005
0.106,-0.005
0.105,-0.005
0.104,-0.007
0.104,-0.006
0.103,-0.005
0.104,-0.006
0.104,-0.007
0.103,-0.006
0.104,-0.005
0.104,-0.003
0.103,-0.003
0.105,-0.003
0.105,-0.001
0.105,0.000
0.106,-0.001
0.104,0.001
0.104,0.002
0.106,-0.000
0.106,-0.001
0.104,-0.002
0.105,-0.001
0.103,0.001
0.102,0.000
0.103,-0.000
0.100,0.000
0.102,-0.001
0.102,-0.002
0.100,-0.002
0.100,-0.003
0.101,-0.004
0.099,-0.003
0.100,-0.004
0.099,-0.004
0.096,-0.003
0.098,-0.004
0.099,-0.002
0.095,-0.001
0.096,-0.003
0.098,-0.001
0.096,0.001
0.098,-0.000
0.098,0.001
0.096,0.001
0.098,0.001
0.098,0.001
0.093,0.001
0.095,0.000
0.097,0.002
0.094,0.002
0.097,-0.001
0.097,0.000
0.095,0.001
0.097,0.001
0.097,0.001
0.094,0.003
0.097,0.003
0.098,0.003
0.096,0.003
0.096,0.003
0.096,0.006
0.096,0.007
0.097,0.008
0.097,0.009
0.096,0.010
0.098,0.011
0.098,0.009
0.098,0.007
0.100,0.005
0.099,0.005
0.099,0.004
0.101,0.005
0.100,0.006
0.100,0.006
0.102,0.007
0.102,0.006
0.101,0.007
0.102,0.007
0.102,0.008
0.104,0.009
0.105,0.008
0.104,0.007
0.105,0.009
0.107,0.009
0.106,0.009
0.106,0.010
0.108,0.010
0.108,0.011
0.109,0.011
0.109,0.011
0.108,0.010
0.109,0.010
0.111,0.010
0.111,0.009
0.111,0.009
0.113,0.010
0.112,0.010
0.113,0.010
0.114,0.011
0.113,0.012
0.114,0.011
0.115,0.012
0.114,0.010
0.114,0.010
0.115,0.009
0.114,0.006
0.116,0.005
0.116,0.005
0.114,0.004
0.116,0.005
0.117,0.006
0.116,0.007
0.117,0.008
0.118,0.009
0.117,0.009
0.118,0.010
0.118,0.010
0.117,0.009
0.118,0.009
0.118,0.009
0.118,0.009
0.119,0.009
0.119,0.010
0.118,0.010
0.118,0.011
0.120,0.011
0.118,0.013
0.119,0.012
0.119,0.012
0.118,0.012
0.118,0.011
0.117,0.010
0.117,0.011
0.117,0.011
0.118,0.009
0.117,0.009
0.117,0.009
0.118,0.009
0.117,0.010
0.118,0.010
0.119,0.011
0.117,0.011
0.118,0.011
0.119,0.010
0.116,0.010
0.117,0.010
0.116,0.010
0.116,0.011
0.117,0.012
0.116,0.011
0.115,0.010
0.115,0.009
0.115,0.007
0.113,0.007
0.114,0.006
0.114,0.006
0.112,0.006
0.114,0.005
0.114,0.006
0.112,0.007
0.114,0.008
0.115,0.010
0.113,0.012
0.113,0.012
0.114,0.014
0.112,0.018
0.113,0.018
0.112,0.021
0.110,0.022
0.111,0.020
0.110,0.020
0.108,0.019
0.111,0.017
0.111,0.017
0.109,0.018
0.112,0.018
0.110,0.020
0.110,0.022
0.112,0.022
0.111,0.023
0.111,0.022
0.113,0.020
0.110,0.020
0.109,0.018
0.112,0.017
0.109,0.017
0.110,0.017
0.112,0.016
0.110,0.019
0.111,0.018
0.112,0.019
0.108,0.020
0.109,0.018
0.112,0.018
0.108,0.018
0.108,0.016
0.110,0.017
0.106,0.018
0.108,0.017
0.109,0.019
0.107,0.022
0.109,0.022
0.110,0.024
0.108,0.025
0.109,0.024
0.111,0.026
0.107,0.026
0.108,0.024
0.108,0.025
0.107,0.023
0.108,0.022
0.108,0.023
0.107,0.022
0.107,0.023
0.108,0.023
0.106,0.024
0.108,0.024
0.108,0.025
0.107,0.024
0.108,0.026
0.108,0.028
0.108,0.028
0.109,0.030
0.110,0.031
0.109,0.032
0.111,0.032
0.112,0.032
0.111,0.031
0.114,0.030
0.114,0.030
0.113,0.030
0.115,0.030
0.115,0.031
0.114,0.030
0.116,0.030
0.116,0.028
0.116,0.028
0.119,0.027
0.118,0.027
0.119,0.028
0.121,0.028
0.122,0.029
0.122,0.029
0.123,0.030
0.124,0.030
0.123,0.030
0.125,0.033
0.125,0.035
0.126,0.036
0.127,0.037
0.128,0.038
0.128,0.037
0.130,0.038
0.129,0.037
0.129,0.037
0.131,0.038
0.130,0.037
0.131,0.037
0.132,0.037
0.132,0.036
0.133,0.034
0.134,0.035
0.134,0.035
0.134,0.035
0.136,0.036
0.134,0.036
0.134,0.037
0.136,0.037
0.134,0.038
0.134,0.038
0.136,0.040
0.135,0.041
0.136,0.041
0.138,0.041
0.137,0.041
0.136,0.042
0.138,0.042
0.137,0.042
0.137,0.043
0.138,0.042
0.138,0.043
0.136,0.043
0.138,0.042
0.138,0.043
0.137,0.043
0.138,0.042
0.137,0.043
0.136,0.042
0.137,0.042
0.136,0.043
0.136,0.042
0.137,0.041
0.134,0.040
0.134,0.040
0.136,0.040
0.134,0.041
0.134,0.040
0.136,0.039
0.134,0.040
0.134,0.039
0.134,0.041
0.132,0.042
0.132,0.042
0.133,0.044
0.131,0.044
0.132,0.043
0.132,0.042
0.129,0.041
0.129,0.040
0.127,0.041
0.126,0.039
0.127,0.039
0.126,0.040
0.125,0.040
0.125,0.041
0.123,0.041
0.122,0.041
0.123,0.041
0.120,0.043
0.120,0.044
0.119,0.045
0.117,0.048
0.117,0.048
0.116,0.048
0.114,0.050
0.113,0.049
0.114,0.049
0.113,0.049
0.114,0.049
0.115,0.049
0.114,0.050
0.114,0.049
0.114,0.049
0.113,0.049
0.112,0.047
0.112,0.047
0.111,0.047
0.111,0.047
0.110,0.047
0.110,0.048
0.110,0.049
0.110,0.050
0.109,0.050
0.109,0.050
0.109,0.051
0.108,0.052
0.108,0.052
0.107,0.053
0.106,0.053
0.107,0.052
0.107,0.052
0.106,0.054
0.107,0.053
0.107,0.054
0.106,0.053
0.107,0.054
0.107,0.056
0.107,0.055
0.108,0.055
0.108,0.057
0.108,0.056
0.108,0.055
0.108,0.055
0.108,0.055
0.109,0.054
0.107,0.054
0.107,0.054
0.108,0.055
0.107,0.057
0.108,0.056
0.109,0.058
0.108,0.058
0.110,0.056
0.110,0.055
0.108,0.055
0.110,0.053
0.111,0.056
0.110,0.056
0.112,0.055
0.112,0.056
0.110,0.056
0.112,0.055
0.112,0.055
0.111,0.056
0.113,0.054
0.113,0.054
0.113,0.054
0.114,0.052
0.114,0.052
0.114,0.052
0.115,0.053
0.114,0.054
0.113,0.055
0.114,0.056
0.113,0.057
0.114,0.058
0.114,0.058
0.114,0.058
0.113,0.056
0.113,0.056
0.112,0.055
0.111,0.055
0.113,0.055
0.111,0.054
0.111,0.055
0.112,0.054
0.111,0.055
0.112,0.056
0.112,0.056
0.111,0.055
0.110,0.057
0.110,0.056
0.109,0.056
0.108,0.057
0.108,0.056
0.108,0.056
0.107,0.056
0.109,0.055
0.109,0.054
0.108,0.054
0.109,0.054
0.108,0.055
0.108,0.057
0.107,0.057
0.106,0.059
0.106,0.060
0.107,0.061
0.105,0.062
0.106,0.062
0.106,0.064
0.104,0.063
0.104,0.063
0.106,0.062
0.103,0.061
0.103,0.060
0.103,0.060
0.102,0.060
0.102,0.061
0.102,0.060
0.100,0.059
0.100,0.059
0.100,0.059
0.097,0.059
0.097,0.060
0.097,0.060
0.096,0.062
0.095,0.062
0.095,0.061
0.093,0.061
0.093,0.060
0.094,0.060
0.092,0.061
0.092,0.061
0.092,0.060
0.090,0.061
0.090,0.061
0.091,0.060
0.089,0.060
0.089,0.059
0.090,0.057
0.088,0.056
0.089,0.057
0.090,0.056
0.088,0.058
0.090,0.058
0.089,0.057
0.088,0.057
0.088,0.058
0.088,0.059
0.088,0.060
0.088,0.061
0.088,0.063
0.086,0.064
0.087,0.064
0.086,0.063
0.084,0.063
0.085,0.061
0.085,0.062
0.084,0.062
0.084,0.062
0.084,0.062
0.082,0.064
0.083,0.064
0.082,0.065
0.079,0.067
0.081,0.066
0.080,0.068
0.078,0.067
0.081,0.068
0.080,0.068
0.079,0.068
0.081,0.067
0.079,0.068
0.078,0.069
0.079,0.068
0.077,0.069
0.075,0.070
0.078,0.071
0.077,0.072
0.076,0.073
0.078,0.073
0.077,0.071
0.076,0.069
0.077,0.068
0.075,0.068
0.075,0.067
0.076,0.068
0.075,0.068
0.075,0.070
0.077,0.071
0.075,0.072
0.075,0.073
0.076,0.074
0.074,0.075
0.074,0.075
0.074,0.075
0.073,0.075
0.074,0.075
0.075,0.075
0.072,0.075
0.073,0.074
0.074,0.076
0.071,0.075
0.072,0.075
0.073,0.075
0.073,0.074
0.074,0.073
0.075,0.072
0.075,0.071
0.076,0.072
0.077,0.073
0.075,0.073
0.075,0.074
0.075,0.073
0.073,0.072
0.073,0.072
0.073,0.072
0.072,0.071
0.071,0.072
0.072,0.071
0.071,0.071
0.071,0.073
0.073,0.073
0.072,0.074
0.072,0.074
0.073,0.074
0.072,0.073
0.071,0.074
0.072,0.073
0.070,0.073
0.071,0.073
0.072,0.073
0.071,0.073
0.071,0.073
0.072,0.072
0.071,0.073
0.071,0.073
0.072,0.073
0.070,0.073
0.069,0.073
0.071,0.072
0.068,0.072
0.069,0.072
0.071,0.071
0.069,0.073
0.070,0.072
0.070,0.071
0.068,0.072
0.069,0.072
0.071,0.071
0.068,0.071
0.069,0.071
0.070,0.071
0.069,0.071
0.069,0.072
0.069,0.072
0.067,0.073
0.069,0.073
0.068,0.074
0.066,0.074
0.067,0.074
0.066,0.073
0.064,0.072
0.066,0.072
0.065,0.072
0.064,0.071
0.066,0.070
0.064,0.071
0.063,0.069
0.065,0.069
0.064,0.067
0.064,0.066
0.066,0.068
0.064,0.069
0.064,0.069
0.065,0.070
0.063,0.071
0.062,0.070
0.063,0.071
0.062,0.072
0.060,0.071
0.062,0.071
0.059,0.071
0.059,0.069
0.060,0.070
0.059,0.070
0.058,0.069
0.060,0.070
0.058,0.070
0.057,0.070
0.059,0.070
0.057,0.070
0.057,0.070
0.058,0.069
0.056,0.070
0.056,0.070
0.057,0.070
0.056,0.070
0.054,0.069
0.057,0.069
0.055,0.069
0.054,0.067
0.056,0.067
0.054,0.067
0.055,0.066
0.055,0.065
0.053,0.064
0.053,0.063
0.054,0.064
0.051,0.063
0.051,0.063
0.053,0.064
0.051,0.065
0.052,0.063
0.052,0.065
0.051,0.066
0.052,0.065
0.052,0.068
0.050,0.067
0.050,0.066
0.050,0.068
0.048,0.069
0.048,0.068
0.048,0.069
0.046,0.069
0.047,0.069
0.047,0.071
0.046,0.071
0.046,0.071
0.046,0.072
0.044,0.071
0.046,0.070
0.045,0.071
0.044,0.069
0.046,0.070
0.044,0.072
0.045,0.070
0.045,0.070
0.043,0.072
0.043,0.071
0.044,0.072
0.043,0.073
0.043,0.073
0.044,0.074
0.043,0.072
0.044,0.071
0.044,0.071
0.046,0.069
0.046,0.066
0.047,0.067
0.046,0.067
0.045,0.067
0.044,0.068
0.043,0.069
0.045,0.069
0.044,0.071
0.045,0.070
0.045,0.069
0.045,0.071
0.046,0.069
0.045,0.070
0.045,0.071
0.047,0.070
0.047,0.071
0.047,0.072
0.048,0.071
0.048,0.071
0.046,0.072
0.047,0.071
0.045,0.071
0.045,0.070
0.045,0.068
0.046,0.067
0.046,0.066
0.047,0.066
0.047,0.065
0.047,0.065
0.047,0.064
0.046,0.064
0.046,0.065
0.045,0.065
0.045,0.066
0.045,0.067
0.044,0.069
0.044,0.070
0.044,0.071
0.045,0.071
0.045,0.069
0.044,0.067
0.044,0.067
0.044,0.067
0.043,0.067
0.041,0.068
0.041,0.068
0.040,0.067
0.040,0.066
0.040,0.063
0.039,0.063
0.040,0.062
0.039,0.062
0.039,0.062
0.039,0.060
0.039,0.062
0.038,0.061
0.039,0.061
0.038,0.061
0.037,0.061
0.036,0.061
0.036,0.060
0.035,0.061
0.034,0.059
0.034,0.058
0.033,0.057
0.033,0.057
0.033,0.057
0.033,0.058
0.034,0.058
0.033,0.058
0.035,0.059
0.033,0.059
0.034,0.059
0.034,0.060
0.034,0.059
0.034,0.058
0.033,0.059
0.033,0.060
0.033,0.059
0.032,0.061
0.032,0.061
0.033,0.062
0.031,0.063
0.032,0.063
0.032,0.062
0.031,0.063
0.032,0.061
0.032,0.059
0.031,0.061
0.032,0.058
0.032,0.058
0.031,0.059
0.030,0.058
0.030,0.058
0.029,0.060
0.028,0.059
0.028,0.059
0.026,0.060
0.027,0.058
0.025,0.059
0.025,0.058
0.025,0.057
0.024,0.060
0.024,0.060
0.024,0.060
0.023,0.060
0.022,0.060
0.023,0.059
0.020,0.059
0.020,0.058
0.021,0.057
0.018,0.059
0.019,0.057
0.019,0.057
0.015,0.058
0.016,0.057
0.015,0.057
0.013,0.055
0.013,0.053
0.014,0.052
0.012,0.054
0.013,0.053
0.011,0.054
0.009,0.055
0.010,0.055
0.010,0.055
0.007,0.055
0.006,0.056
0.006,0.057
0.004,0.057
0.004,0.057
0.002,0.058
0.002,0.060
0.002,0.061
0.000,0.062
-0.002,0.063
-0.002,0.064
-0.001,0.062
-0.003,0.062
-0.002,0.062
-0.003,0.060
-0.005,0.060
-0.003,0.059
-0.005,0.058
-0.007,0.059
-0.007,0.059
-0.008,0.060
-0.011,0.060
-0.011,0.059
-0.012,0.059
-0.013,0.061
-0.012,0.060
-0.013,0.060
-0.014,0.063
-0.012,0.063
-0.013,0.063
-0.015,0.063
-0.014,0.063
-0.014,0.062
-0.016,0.062
-0.015,0.059
-0.016,0.058
-0.017,0.056
-0.016,0.055
-0.016,0.054
-0.018,0.052
-0.017,0.053
-0.019,0.053
-0.019,0.053
-0.018,0.055
-0.021,0.056
-0.021,0.056
-0.018,0.057
-0.021,0.057
-0.020,0.057
-0.018,0.060
-0.020,0.061
-0.019,0.062
-0.018,0.060
-0.019,0.058
-0.016,0.055
-0.014,0.053
-0.018,0.052
-0.016,0.051
-0.014,0.054
-0.015,0.053
-0.015,0.053
-0.015,0.054
-0.015,0.055
-0.015,0.055
-0.013,0.054
-0.015,0.055
-0.015,0.055
-0.012,0.056
-0.013,0.055
-0.014,0.055
-0.011,0.055
-0.012,0.055
-0.011,0.056
-0.009,0.055
-0.011,0.056
-0.011,0.057
-0.011,0.056
-0.011,0.055
-0.012,0.055
-0.010,0.055
-0.011,0.054
-0.011,0.055
-0.010,0.053
-0.012,0.053
-0.010,0.053
-0.009,0.050
-0.009,0.049
-0.010,0.048
-0.009,0.047
-0.010,0.046
-0.010,0.045
-0.009,0.046
-0.010,0.049
-0.009,0.051
-0.009,0.052
-0.012,0.052
-0.011,0.052
-0.009,0.051
-0.010,0.051
-0.011,0.051
-0.008,0.050
-0.010,0.051
-0.008,0.051
-0.007,0.050
-0.011,0.051
-0.007,0.050
-0.007,0.051
-0.010,0.052
-0.008,0.050
-0.007,0.049
-0.009,0.048
-0.008,0.046
-0.009,0.045
-0.012,0.046
-0.009,0.045
-0.010,0.046
-0.012,0.047
-0.012,0.046
-0.013,0.049
-0.015,0.048
-0.014,0.048
-0.016,0.048
-0.018,0.048
-0.016,0.049
-0.017,0.048
-0.018,0.046
-0.016,0.046
-0.018,0.046
-0.018,0.042
-0.016,0.042
-0.018,0.043
-0.019,0.041
-0.017,0.042
-0.020,0.042
-0.021,0.040
-0.019,0.041
-0.021,0.043
-0.022,0.041
-0.021,0.042
-0.024,0.042
-0.023,0.039
-0.021,0.041
-0.024,0.041
-0.024,0.040
-0.023,0.042
-0.026,0.041
-0.026,0.041
-0.025,0.042
-0.026,0.042
-0.027,0.041
-0.026,0.042
-0.028,0.042
-0.028,0.041
-0.028,0.041
-0.029,0.040
-0.029,0.041
-0.029,0.041
-0.030,0.040
-0.031,0.041
-0.030,0.041
-0.031,0.040
-0.032,0.039
-0.031,0.039
-0.033,0.037
-0.031,0.037
-0.032,0.038
-0.033,0.038
-0.032,0.037
-0.032,0.040
-0.033,0.039
-0.033,0.040
-0.032,0.039
-0.032,0.039
-0.031,0.038
-0.030,0.037
-0.031,0.037
-0.030,0.037
-0.029,0.036
-0.029,0.036
-0.029,0.036
-0.027,0.036
-0.029,0.036
-0.028,0.038
-0.027,0.038
-0.028,0.039
-0.027,0.039
-0.028,0.038
-0.028,0.036
-0.029,0.035
-0.030,0.035
-0.030,0.034
-0.030,0.036
-0.030,0.035
-0.030,0.036
-0.029,0.039
-0.029,0.040
-0.029,0.040
-0.029,0.040
-0.029,0.039
-0.029,0.036
-0.029,0.036
-0.029,0.034
-0.029,0.033
-0.028,0.035
-0.028,0.033
-0.027,0.033
-0.026,0.033
-0.026,0.033
-0.026,0.032
-0.026,0.031
-0.026,0.031
-0.027,0.029
-0.027,0.031
-0.028,0.030
-0.029,0.030
-0.027,0.031
-0.028,0.031
-0.028,0.030
-0.027,0.031
-0.026,0.031
-0.026,0.030
-0.025,0.030
-0.025,0.030
-0.026,0.029
-0.025,0.029
-0.024,0.029
-0.024,0.030
-0.023,0.029
-0.023,0.030
-0.024,0.030
-0.023,0.030
-0.023,0.030
-0.025,0.030
-0.023,0.028
-0.023,0.027
-0.024,0.026
-0.024,0.025
-0.024,0.026
-0.024,0.026
-0.023,0.026
-0.023,0.027
-0.024,0.027
-0.022,0.028
-0.023,0.028
-0.022,0.027
-0.021,0.028
-0.021,0.030
-0.021,0.029
-0.020,0.030
-0.021,0.030
-0.022,0.029
-0.019,0.028
-0.021,0.029
-0.021,0.028
-0.019,0.028
-0.021,0.028
-0.021,0.025
-0.019,0.026
-0.021,0.026
-0.021,0.025
-0.020,0.025
-0.022,0.024
-0.022,0.022
-0.022,0.022
-0.024,0.022
-0.024,0.020
-0.023,0.021
-0.025,0.021
-0.024,0.020
-0.024,0.022
-0.025,0.021
-0.023,0.021
-0.024,0.021
-0.025,0.019
-0.023,0.018
-0.025,0.018
-0.026,0.016
-0.025,0.016
-0.027,0.018
-0.029,0.015
-0.028,0.015
-0.030,0.016
-0.030,0.014
-0.029,0.015
-0.031,0.017
-0.030,0.018
-0.030,0.019
-0.032,0.021
-0.033,0.020
-0.033,0.021
-0.035,0.022
-0.036,0.019
-0.036,0.020
-0.037,0.020
-0.037,0.018
-0.038,0.018
-0.039,0.019
-0.039,0.018
-0.039,0.018
-0.040,0.017
-0.041,0.016
-0.041,0.017
-0.042,0.017
-0.042,0.016
-0.042,0.017
-0.042,0.016
-0.043,0.015
-0.044,0.015
-0.045,0.015
-0.044,0.015
-0.045,0.017
-0.044,0.015
-0.045,0.016
-0.045,0.016
-0.045,0.015
-0.045,0.014
-0.045,0.015
-0.045,0.015
-0.045,0.013
-0.046,0.015
-0.046,0.015
-0.045,0.017
-0.045,0.019
-0.045,0.019
-0.044,0.020
-0.045,0.021
-0.045,0.020
-0.044,0.020
-0.044,0.020
-0.043,0.019
-0.043,0.019
-0.043,0.019
-0.042,0.018
-0.041,0.017
-0.043,0.018
-0.043,0.018
-0.042,0.019
-0.043,0.021
-0.042,0.019
-0.041,0.020
-0.042,0.020
-0.041,0.017
-0.040,0.016
-0.042,0.015
-0.039,0.014
-0.038,0.015
-0.039,0.017
-0.036,0.017
-0.036,0.018
-0.037,0.020
-0.034,0.019
-0.034,0.020
-0.034,0.021
-0.032,0.020
-0.031,0.020
-0.031,0.019
-0.029,0.019
-0.028,0.017
-0.027,0.017
-0.026,0.017
-0.026,0.017
-0.024,0.018
-0.024,0.018
-0.024,0.018
-0.023,0.017
-0.022,0.018
-0.022,0.017
-0.022,0.016
-0.021,0.016
-0.021,0.016
-0.020,0.016
-0.020,0.016
-0.020,0.015
-0.019,0.014
-0.018,0.013
-0.018,0.013
-0.018,0.014
-0.017,0.015
-0.018,0.014
-0.017,0.017
-0.017,0.017
-0.016,0.017
-0.017,0.019
-0.016,0.016
-0.017,0.016
-0.018,0.015
-0.017,0.012
-0.017,0.010
-0.017,0.010
-0.016,0.009
-0.017,0.008
-0.017,0.009
-0.018,0.009
-0.017,0.008
-0.019,0.009
-0.018,0.007
-0.019,0.008
-0.019,0.009
-0.017,0.008
-0.019,0.009
-0.018,0.009
-0.018,0.008
-0.018,0.008
-0.018,0.008
-0.016,0.007
-0.017,0.007
-0.016,0.007
-0.015,0.006
-0.018,0.007
-0.018,0.006
-0.017,0.004
-0.019,0.005
-0.019,0.004
-0.018,0.005
-0.020,0.006
-0.021,0.008
-0.020,0.008
-0.023,0.008
-0.023,0.008
-0.022,0.007
-0.024,0.008
-0.025,0.007
-0.025,0.006
-0.027,0.005
-0.027,0.005
-0.026,0.004
-0.027,0.004
-0.027,0.004
-0.027,0.004
-0.029,0.005
-0.029,0.005
-0.029,0.005
-0.030,0.006
-0.031,0.005
-0.031,0.004
-0.034,0.002
-0.033,0.001
-0.034,-0.000
-0.037,0.000
-0.035,0.000
-0.036,0.000
-0.038,0.001
-0.036,0.000
-0.035,0.001
-0.036,0.001
-0.034,0.001
-0.035,0.004
-0.037,0.006
-0.034,0.006
-0.037,0.008
-0.038,0.009
-0.037,0.009
-0.039,0.009
-0.040,0.008
-0.038,0.008
-0.038,0.008
-0.039,0.007
-0.035,0.006
-0.036,0.007
-0.036,0.007
-0.034,0.007
-0.035,0.007
-0.036,0.007
-0.034,0.007
-0.034,0.007
-0.035,0.006
-0.032,0.007
-0.034,0.007
-0.034,0.007
-0.032,0.008
-0.034,0.008
-0.033,0.007
-0.030,0.006
-0.032,0.005
-0.032,0.004
-0.029,0.004
-0.031,0.002
-0.032,0.002
-0.030,0.002
-0.032,0.003
-0.032,0.000
-0.030,0.000
-0.031,0.000
-0.030,-0.002
-0.029,-0.000
-0.030,-0.001
-0.029,-0.001
-0.028,-0.000
-0.029,-0.002
-0.027,-0.002
-0.026,-0.001
-0.027,-0.001
-0.026,-0.001
-0.024,-0.000
-0.025,-0.001
-0.025,-0.001
-0.023,-0.000
-0.025,-0.001
-0.024,-0.001
-0.022,-0.001
-0.022,-0.002
-0.022,-0.001
-0.021,-0.002
-0.020,-0.002
-0.020,-0.002
-0.018,-0.002
-0.019,-0.003
-0.018,-0.002
-0.017,-0.002
-0.017,-0.003
-0.017,-0.000
-0.015,-0.002
-0.016,-0.003
-0.016,-0.002
-0.015,-0.002
-0.016,-0.003
-0.016,-0.001
-0.014,-0.001
-0.015,0.000
-0.014,0.001
-0.013,0.002
-0.012,0.002
-0.012,0.001
-0.009,0.000
-0.011,0.000
-0.010,-0.000
-0.007,-0.003
-0.009,-0.003
-0.007,-0.005
-0.005,-0.007
-0.007,-0.006
-0.006,-0.008
-0.004,-0.008
-0.006,-0.009
-0.004,-0.010
-0.003,-0.010
-0.004,-0.009
-0.003,-0.007
-0.002,-0.005
-0.004,-0.002
-0.002,-0.001
-0.002,0.000
-0.004,0.000
-0.002,-0.001
-0.002,0.000
-0.003,-0.001
-0.001,-0.002
-0.001,-0.003
-0.001,-0.004
0.001,-0.005
0.001,-0.007
0.001,-0.010
0.003,-0.011
0.003,-0.011
0.002,-0.014
0.004,-0.012
0.003,-0.010
0.003,-0.009
0.005,-0.007
0.004,-0.005
0.004,-0.005
0.006,-0.004
0.004,-0.004
0.004,-0.005
0.007,-0.004
0.005,-0.005
0.005,-0.007
0.006,-0.007
0.005,-0.007
0.004,-0.008
0.006,-0.007
0.005,-0.006
0.005,-0.006
0.006,-0.006
0.005,-0.005
0.005,-0.006
0.007,-0.006
0.007,-0.007
0.007,-0.008
0.009,-0.008
0.009,-0.008
0.009,-0.009
0.010,-0.009
0.009,-0.009
0.009,-0.011
0.010,-0.010
0.009,-0.010
0.009,-0.010
0.010,-0.008
0.009,-0.007
0.010,-0.007
0.010,-0.005
0.010,-0.005
0.011,-0.005
0.011,-0.004
0.011,-0.005
0.012,-0.005
0.013,-0.003
0.012,-0.003
0.014,-0.003
0.014,-0.002
0.013,-0.003
0.014,-0.004
0.015,-0.003
0.015,-0.004
0.015,-0.005
0.015,-0.005
0.015,-0.006
0.016,-0.005
0.017,-0.005
0.016,-0.005
0.016,-0.005
0.016,-0.006
0.015,-0.007
0.016,-0.009
0.017,-0.009
0.016,-0.009
0.017,-0.007
0.019,-0.006
0.018,-0.006
0.018,-0.007
0.018,-0.008
0.019,-0.009
0.019,-0.010
0.020,-0.010
0.020,-0.011
0.021,-0.011
0.020,-0.012
0.020,-0.013
0.020,-0.012
0.020,-0.013
0.021,-0.013
0.020,-0.012
0.020,-0.013
0.021,-0.014
0.022,-0.013
0.023,-0.013
0.023,-0.014
0.023,-0.013
0.023,-0.013
0.023,-0.013
0.022,-0.013
0.022,-0.013
0.022,-0.013
0.021,-0.014
0.023,-0.014
0.022,-0.014
0.023,-0.014
0.024,-0.016
0.023,-0.014
0.024,-0.014
0.024,-0.014
0.024,-0.014
0.024,-0.014
0.026,-0.014
0.025,-0.014
0.026,-0.014
0.027,-0.014
0.026,-0.013
0.026,-0.013
0.025,-0.013
0.025,-0.012
0.024,-0.013
0.025,-0.013
0.025,-0.015
0.026,-0.015
0.026,-0.015
0.024,-0.015
0.027,-0.014
0.026,-0.012
0.026,-0.013
0.028,-0.012
0.028,-0.012
0.028,-0.012
0.030,-0.011
0.029,-0.011
0.029,-0.011
0.032,-0.010
0.031,-0.009
0.032,-0.010
0.034,-0.010
0.033,-0.010
0.035,-0.011
0.036,-0.012
0.036,-0.013
0.036,-0.014
0.037,-0.013
0.036,-0.013
0.036,-0.014
0.036,-0.014
0.034,-0.013
0.036,-0.014
0.036,-0.013
0.036,-0.012
0.037,-0.013
0.038,-0.012
0.037,-0.013
0.038,-0.013
0.038,-0.012
0.037,-0.012
0.038,-0.012
0.037,-0.009
0.037,-0.009
0.038,-0.010
0.038,-0.009
0.038,-0.012
0.039,-0.012
0.039,-0.012
0.039,-0.014
0.040,-0.015
0.038,-0.016
0.039,-0.018
0.041,-0.019
0.040,-0.017
0.040,-0.018
0.041,-0.016
0.040,-0.013
0.040,-0.013
0.041,-0.012
0.040,-0.011
0.041,-0.012
0.041,-0.012
0.040,-0.011
0.040,-0.011
0.041,-0.011
0.040,-0.010
0.040,-0.009
0.040,-0.008
0.040,-0.007
0.040,-0.007
0.041,-0.006
0.041,-0.006
0.042,-0.007
0.042,-0.007
0.043,-0.007
0.042,-0.009
0.043,-0.009
0.043,-0.010
0.043,-0.012
0.043,-0.011
0.043,-0.010
0.044,-0.010
0.044,-0.009
0.044,-0.009
0.045,-0.011
0.045,-0.010
0.045,-0.011
0.046,-0.012
0.046,-0.011
0.046,-0.012
0.048,-0.013
0.048,-0.011
0.049,-0.012
0.049,-0.013
0.049,-0.013
0.049,-0.013
0.050,-0.014
0.049,-0.013
0.049,-0.013
0.050,-0.011
0.050,-0.010
0.050,-0.011
0.052,-0.011
0.051,-0.010
0.053,-0.011
0.053,-0.011
0.052,-0.010
0.054,-0.012
0.054,-0.011
0.053,-0.011
0.054,-0.012
0.055,-0.011
0.054,-0.009
0.055,-0.010
0.054,-0.008
0.052,-0.006
0.054,-0.007
0.054,-0.005
0.052,-0.005
0.053,-0.006
0.054,-0.006
0.053,-0.007
0.055,-0.009
0.056,-0.009
0.056,-0.009
0.057,-0.012
0.057,-0.011
0.057,-0.012
0.059,-0.013
0.058,-0.013
0.058,-0.012
0.059,-0.011
0.058,-0.012
0.058,-0.011
0.058,-0.010
0.058,-0.009
0.058,-0.009
0.058,-0.008
0.058,-0.007
0.060,-0.008
0.060,-0.009
0.060,-0.010
0.062,-0.008
0.062,-0.008
0.062,-0.008
0.063,-0.007
0.064,-0.005
0.064,-0.005
0.065,-0.004
0.066,-0.003
0.068,-0.004
0.068,-0.003
0.069,-0.003
0.069,-0.003
0.070,-0.002
0.070,-0.003
0.070,-0.005
0.071,-0.005
0.071,-0.006
0.072,-0.007
0.072,-0.007
0.072,-0.009
0.073,-0.008
0.075,-0.006
0.076,-0.006
0.076,-0.005
0.078,-0.004
0.079,-0.005
0.080,-0.005
0.081,-0.006
0.080,-0.006
0.082,-0.004
0.084,-0.003
0.084,-0.003
0.084,-0.003
0.087,-0.004
0.087,-0.005
0.087,-0.005
0.088,-0.006
0.089,-0.007
0.090,-0.007
0.092,-0.007
0.093,-0.010
0.092,-0.008
0.094,-0.009
0.095,-0.008
0.094,-0.008
0.094,-0.008
0.096,-0.007
0.096,-0.005
0.097,-0.004
0.098,-0.005
0.098,-0.003
0.101,-0.004
0.102,-0.005
0.101,-0.005
0.101,-0.006
0.102,-0.007
0.101,-0.007
0.102,-0.008
0.103,-0.010
0.101,-0.008
0.104,-0.009
0.104,-0.010
0.102,-0.008
0.106,-0.008
0.105,-0.007
0.104,-0.006
0.103,-0.006
0.105,-0.005
0.103,-0.004
0.105,-0.007
0.106,-0.008
0.103,-0.007
0.106,-0.008
0.106,-0.008
0.105,-0.006
0.107,-0.008
0.108,-0.006
0.105,-0.005
0.108,-0.007
0.106,-0.005
0.104,-0.006
0.109,-0.006
0.107,-0.005
0.106,-0.006
0.107,-0.005
0.105,-0.003
0.106,-0.004
0.106,-0.006
0.103,-0.005
0.104,-0.006
0.107,-0.004
0.102,-0.003
0.103,-0.004
0.106,-0.002
0.103,-0.001
0.104,-0.002
0.105,-0.002
0.102,-0.002
0.103,-0.004
0.104,-0.005
0.101,-0.006
0.103,-0.006
0.101,-0.003
0.100,-0.003
0.101,-0.002
0.100,-0.001
0.100,-0.000
0.101,0.000
0.102,0.002
0.099,0.000
0.100,0.001
0.100,0.000
0.099,-0.003
0.101,-0.003
0.100,-0.004
0.098,-0.005
0.099,-0.005
0.100,-0.004
0.098,-0.006
0.100,-0.004
0.100,-0.002
0.099,-0.002
0.100,-0.001
0.100,-0.003
0.099,-0.003
0.101,-0.003
0.098,-0.004
0.097,-0.003
0.098,-0.003
0.097,-0.002
0.097,-0.005
0.098,-0.003
0.097,-0.005
0.097,-0.005
0.097,-0.004
0.096,-0.004
0.098,-0.006
0.099,-0.005
0.098,-0.005
0.099,-0.007
0.098,-0.004
0.097,-0.005
0.097,-0.007
0.100,-0.005
0.099,-0.007
0.099,-0.005
0.100,-0.004
0.099,-0.005
0.099,-0.005
0.101,-0.003
0.101,-0.003
0.101,-0.002
0.103,0.000
0.103,0.001
0.104,0.004
0.106,0.004
0.106,0.005
0.105,0.006
0.106,0.006
0.106,0.006
0.106,0.006
0.107,0.005
0.107,0.004
0.108,0.006
0.110,0.005
0.108,0.006
0.108,0.008
0.110,0.009
0.111,0.009
0.110,0.010
0.112,0.011
0.112,0.011
0.111,0.011
0.113,0.011
0.113,0.011
0.113,0.010
0.115,0.009
0.114,0.010
0.115,0.009
0.116,0.009
0.114,0.009
0.114,0.009
0.116,0.009
0.114,0.009
0.115,0.008
0.117,0.007
0.116,0.008
0.116,0.006
0.118,0.006
0.117,0.008
0.118,0.007
0.121,0.008
0.120,0.008
0.121,0.007
0.123,0.009
0.120,0.010
0.121,0.010
0.121,0.011
0.120,0.012
0.120,0.012
0.120,0.011
0.118,0.010
0.119,0.010
0.120,0.009
0.117,0.007
0.120,0.007
0.119,0.007
0.118,0.005
0.119,0.006
0.119,0.007
0.119,0.006
0.120,0.006
0.118,0.008
0.118,0.008
0.119,0.009
0.117,0.010
0.118,0.008
0.119,0.009
0.117,0.010
0.117,0.007
0.117,0.009
0.116,0.010
0.115,0.009
0.117,0.010
0.115,0.012
0.115,0.012
0.116,0.013
0.114,0.014
0.114,0.014
0.114,0.016
0.115,0.017
0.115,0.017
0.115,0.018
0.116,0.018
0.115,0.017
0.115,0.016
0.114,0.017
0.114,0.016
0.115,0.017
0.114,0.017
0.114,0.017
0.115,0.020
0.114,0.021
0.115,0.020
0.115,0.021
0.114,0.021
0.115,0.021
0.114,0.021
0.115,0.022
0.116,0.021
0.117,0.023
0.117,0.022
0.118,0.021
0.119,0.023
0.118,0.022
0.120,0.021
0.119,0.023
0.119,0.023
0.118,0.023
0.115,0.026
0.115,0.025
0.115,0.025
0.114,0.026
0.114,0.023
0.114,0.023
0.113,0.023
0.114,0.021
0.114,0.021
0.113,0.022
0.114,0.021
0.113,0.023
0.111,0.024
0.112,0.023
0.113,0.025
0.111,0.026
0.112,0.026
0.112,0.028
0.111,0.030
0.113,0.030
0.111,0.030
0.112,0.029
0.112,0.027
0.113,0.027
0.113,0.027
0.113,0.026
0.114,0.028
0.113,0.028
0.114,0.028
0.113,0.029
0.113,0.030
0.113,0.031
0.112,0.032
0.111,0.032
0.111,0.032
0.112,0.031
0.113,0.029
0.114,0.029
0.113,0.030
0.114,0.031
0.114,0.031
0.114,0.032
0.115,0.033
0.114,0.033
0.115,0.034
0.116,0.034
0.117,0.034
0.118,0.032
0.119,0.031
0.118,0.030
0.118,0.030
0.120,0.030
0.119,0.030
0.119,0.030
0.121,0.032
0.122,0.033
0.123,0.034
0.124,0.036
0.125,0.036
0.125,0.036
0.126,0.034
0.126,0.032
0.127,0.030
0.128,0.029
0.128,0.028
0.130,0.028
0.130,0.029
0.131,0.030
0.131,0.030
0.132,0.033
0.132,0.033
0.132,0.034
0.132,0.036
0.132,0.036
0.133,0.037
0.134,0.038
0.134,0.038
0.134,0.040
0.135,0.042
0.136,0.041
0.136,0.041
0.137,0.040
0.139,0.038
0.138,0.037
0.138,0.036
0.139,0.035
0.138,0.035
0.138,0.035
0.138,0.034
0.136,0.036
0.137,0.036
0.137,0.036
0.136,0.038
0.136,0.036
0.136,0.037
0.135,0.037
0.135,0.036
0.135,0.036
0.133,0.037
0.134,0.036
0.134,0.034
0.134,0.034
0.135,0.034
0.136,0.033
0.134,0.034
0.134,0.034
0.136,0.034
0.134,0.034
0.134,0.033
0.133,0.032
0.132,0.033
0.131,0.032
0.130,0.031
0.129,0.033
0.128,0.034
0.129,0.035
0.126,0.036
0.127,0.035
0.127,0.034
0.125,0.035
0.126,0.034
0.126,0.034
0.124,0.036
0.124,0.035
0.124,0.036
0.122,0.037
0.122,0.036
0.121,0.037
0.119,0.038
0.120,0.036
0.118,0.036
0.118,0.037
0.119,0.036
0.119,0.036
0.117,0.037
0.118,0.035
0.118,0.035
0.115,0.036
0.117,0.034
0.115,0.035
0.113,0.036
0.114,0.036
0.112,0.038
0.111,0.039
0.111,0.039
0.109,0.040
0.109,0.040
0.111,0.040
0.108,0.040
0.109,0.040
0.110,0.039
0.107,0.041
0.108,0.041
0.110,0.042
0.107,0.043
0.107,0.042
0.109,0.043
0.106,0.043
0.107,0.045
0.108,0.046
0.105,0.048
0.107,0.048
0.106,0.048
0.105,0.047
0.106,0.046
0.106,0.045
0.105,0.046
0.106,0.046
0.106,0.047
0.105,0.049
0.106,0.050
0.107,0.052
0.106,0.052
0.109,0.053
0.109,0.054
0.109,0.052
0.110,0.053
0.110,0.053
0.109,0.052
0.111,0.051
0.109,0.051
0.109,0.052
0.110,0.051
0.108,0.051
0.107,0.051
0.109,0.051
0.109,0.052
0.109,0.051
0.112,0.052
0.111,0.053
0.111,0.054
0.113,0.054
0.112,0.054
0.112,0.056
0.113,0.056
0.113,0.056
0.114,0.058
0.116,0.059
0.116,0.058
0.115,0.060
0.117,0.059
0.116,0.058
0.117,0.058
0.119,0.057
0.118,0.057
0.118,0.056
0.119,0.056
0.118,0.055
0.116,0.055
0.118,0.055
0.116,0.056
0.115,0.058
0.116,0.060
0.114,0.062
0.114,0.063
0.114,0.066
0.112,0.067
0.112,0.067
0.113,0.067
0.112,0.067
0.113,0.068
0.114,0.068
0.111,0.067
0.111,0.067
0.112,0.068
0.110,0.068
0.109,0.067
0.110,0.068
0.108,0.069
0.108,0.070
0.109,0.069
0.107,0.070
0.107,0.069
0.108,0.067
0.106,0.067
0.107,0.066
0.108,0.064
0.106,0.063
0.106,0.064
0.107,0.063
0.105,0.064
0.105,0.064
0.105,0.064
0.105,0.065
0.105,0.065
0.105,0.067
0.104,0.069
0.103,0.071
0.105,0.071
0.102,0.072
0.102,0.072
0.102,0.071
0.101,0.071
0.101,0.070
0.102,0.070
0.100,0.071
0.100,0.070
0.101,0.068
0.098,0.067
0.098,0.066
0.099,0.064
0.096,0.064
0.096,0.062
0.096,0.061
0.094,0.062
0.095,0.060
0.096,0.062
0.094,0.063
0.095,0.064
0.095,0.066
0.092,0.069
0.095,0.070
0.093,0.070
0.091,0.072
0.092,0.072
0.091,0.073
0.089,0.071
0.090,0.072
0.088,0.072
0.087,0.071
0.090,0.071
0.088,0.072
0.088,0.071
0.089,0.073
0.087,0.074
0.086,0.072
0.088,0.074
0.086,0.074
0.086,0.072
0.087,0.073
0.084,0.073
0.085,0.071
0.086,0.072
0.083,0.072
0.083,0.071
0.084,0.071
0.082,0.071
0.082,0.069
0.083,0.070
0.081,0.070
0.080,0.071
0.080,0.073
0.079,0.073
0.080,0.073
0.079,0.073
0.079,0.072
0.080,0.071
0.080,0.072
0.079,0.071
0.079,0.071
0.081,0.071
0.079,0.069
0.079,0.070
0.080,0.071
0.079,0.070
0.079,0.069
0.079,0.071
0.078,0.071
0.078,0.071
0.079,0.073
0.077,0.073
0.077,0.074
0.078,0.073
0.076,0.072
0.076,0.071
0.076,0.071
0.076,0.070
0.076,0.070
0.076,0.071
0.076,0.071
0.077,0.072
0.076,0.072
0.075,0.072
0.076,0.073
0.075,0.075
0.075,0.075
0.075,0.076
0.075,0.077
0.075,0.076
0.075,0.076
0.074,0.076
0.074,0.075
0.074,0.076
0.073,0.075
0.073,0.075
0.073,0.076
0.073,0.076
0.073,0.075
0.073,0.075
0.073,0.074
0.072,0.073
0.073,0.072
0.073,0.071
0.073,0.072
0.073,0.071
0.073,0.072
0.073,0.072
0.073,0.073
0.073,0.074
0.071,0.075
0.071,0.077
0.072,0.077
0.071,0.078
0.071,0.079
0.072,0.079
0.071,0.078
0.071,0.077
0.072,0.077
0.071,0.077
0.072,0.077
0.072,0.076
0.070,0.075
0.070,0.075
0.070,0.075
0.069,0.076
0.068,0.075
0.069,0.076
0.068,0.076
0.069,0.075
0.069,0.074
0.068,0.073
0.071,0.073
0.069,0.072
0.069,0.070
0.070,0.070
0.069,0.070
0.069,0.068
0.069,0.068
0.068,0.068
0.067,0.067
0.068,0.067
0.066,0.067
0.066,0.067
0.067,0.069
0.065,0.071
0.065,0.071
0.065,0.071
0.064,0.071
0.063,0.070
0.064,0.071
0.063,0.072
0.063,0.071
0.063,0.073
0.062,0.073
0.063,0.071
0.063,0.073
0.062,0.071
0.063,0.070
0.065,0.072
0.064,0.072
0.064,0.072
0.064,0.073
0.063,0.073
0.063,0.072
0.062,0.072
0.061,0.071
0.062,0.068
0.063,0.069
0.062,0.065
0.062,0.065
0.062,0.067
0.061,0.065
0.061,0.067
0.060,0.069
0.060,0.070
0.060,0.071
0.059,0.074
0.060,0.072
0.060,0.073
0.058,0.075
0.058,0.072
0.059,0.073
0.058,0.073
0.058,0.073
0.058,0.073
0.056,0.074
0.058,0.073
0.057,0.074
0.056,0.075
0.056,0.072
0.056,0.074
0.055,0.075
0.055,0.073
0.055,0.075
0.053,0.075
0.054,0.073
0.054,0.071
0.054,0.071
0.054,0.069
0.053,0.071
0.053,0.072
0.053,0.073
0.052,0.073
0.052,0.073
0.053,0.073
0.053,0.073
0.054,0.072
0.052,0.071
0.053,0.071
0.054,0.071
0.052,0.072
0.051,0.072
0.051,0.072
0.050,0.072
0.048,0.071
0.048,0.071
0.048,0.070
0.047,0.070
0.047,0.069
0.046,0.069
0.046,0.070
0.047,0.071
0.046,0.073
0.047,0.073
0.046,0.074
0.046,0.074
0.046,0.074
0.047,0.073
0.047,0.072
0.047,0.071
0.047,0.070
0.047,0.068
0.047,0.067
0.047,0.068
0.047,0.068
0.047,0.068
0.048,0.070
0.049,0.069
0.049,0.071
0.049,0.071
0.048,0.070
0.049,0.069
0.047,0.069
0.047,0.068
0.047,0.070
0.047,0.071
0.047,0.070
0.046,0.071
0.047,0.072
0.047,0.073
0.046,0.074
0.046,0.075
0.048,0.074
0.047,0.074
0.047,0.074
0.049,0.072
0.048,0.073
0.048,0.073
0.047,0.072
0.047,0.073
0.048,0.073
0.047,0.072
0.046,0.073
0.046,0.072
0.047,0.073
0.046,0.073
0.046,0.073
0.045,0.073
0.044,0.074
0.043,0.072
0.044,0.071
0.042,0.071
0.042,0.069
0.043,0.068
0.042,0.070
0.043,0.070
0.044,0.070
0.044,0.071
0.044,0.069
0.044,0.068
0.043,0.070
0.042,0.069
0.043,0.069
0.042,0.070
0.041,0.069
0.041,0.068
0.041,0.069
0.040,0.069
0.040,0.070
0.040,0.071
0.039,0.071
0.040,0.070
0.039,0.072
0.038,0.070
0.038,0.070
0.038,0.071
0.039,0.070
0.039,0.070
0.040,0.071
0.039,0.071
0.040,0.071
0.039,0.071
0.039,0.071
0.039,0.071
0.038,0.073
0.038,0.071
0.038,0.072
0.037,0.073
0.037,0.072
0.036,0.071
0.035,0.070
0.036,0.068
0.035,0.067
0.034,0.065
0.034,0.061
0.034,0.061
0.033,0.061
0.034,0.059
0.034,0.060
0.033,0.061
0.033,0.060
0.032,0.061
0.030,0.062
0.031,0.062
0.028,0.063
0.027,0.063
0.027,0.062
0.025,0.062
0.024,0.061
0.024,0.060
0.023,0.060
0.021,0.058
0.023,0.058
0.021,0.060
0.022,0.059
0.021,0.061
0.017,0.063
0.019,0.062
0.018,0.062
0.016,0.062
0.016,0.058
0.017,0.058
0.014,0.058
0.015,0.056
0.015,0.056
0.011,0.058
0.014,0.057
0.013,0.058
0.011,0.059
0.010,0.059
0.011,0.061
0.010,0.063
0.010,0.061
0.009,0.062
0.008,0.061
0.010,0.060
0.007,0.058
0.006,0.057
0.006,0.057
0.006,0.057
0.005,0.056
0.004,0.056
0.003,0.057
0.002,0.057
0.004,0.056
0.002,0.056
0.002,0.057
0.002,0.059
0.001,0.060
0.000,0.059
-0.002,0.060
-0.001,0.060
-0.003,0.060
-0.002,0.059
-0.005,0.057
-0.005,0.058
-0.004,0.059
-0.004,0.057
-0.005,0.059
-0.005,0.059
-0.006,0.060
-0.008,0.060
-0.007,0.059
-0.009,0.057
-0.009,0.058
-0.009,0.058
-0.011,0.056
-0.010,0.058
-0.011,0.055
-0.009,0.055
-0.009,0.056
-0.010,0.054
-0.011,0.053
-0.012,0.054
-0.012,0.054
-0.013,0.053
-0.013,0.054
-0.013,0.053
-0.014,0.054
-0.016,0.054
-0.015,0.054
-0.015,0.054
-0.014,0.054
-0.013,0.056
-0.014,0.055
-0.014,0.058
-0.014,0.057
-0.016,0.055
-0.016,0.053
-0.014,0.052
-0.016,0.051
-0.016,0.049
-0.015,0.048
-0.016,0.047
-0.015,0.047
-0.013,0.047
-0.014,0.047
-0.014,0.049
-0.013,0.050
-0.013,0.053
-0.011,0.053
-0.010,0.055
-0.010,0.057
-0.009,0.058
-0.009,0.056
-0.009,0.056
-0.008,0.054
-0.007,0.052
-0.008,0.052
-0.009,0.051
-0.009,0.052
-0.010,0.049
-0.007,0.049
-0.006,0.048
-0.009,0.047
-0.008,0.046
-0.007,0.046
-0.008,0.048
-0.006,0.048
-0.007,0.050
-0.007,0.052
-0.005,0.054
-0.005,0.054
-0.006,0.054
-0.004,0.051
-0.003,0.050
-0.005,0.051
-0.003,0.049
-0.005,0.050
-0.006,0.051
-0.004,0.050
-0.004,0.050
-0.005,0.050
-0.005,0.050
-0.006,0.051
-0.009,0.051
-0.007,0.049
-0.008,0.050
-0.007,0.049
-0.004,0.048
-0.007,0.049
-0.007,0.049
-0.005,0.049
-0.006,0.047
-0.007,0.047
-0.005,0.047
-0.007,0.047
-0.008,0.045
-0.006,0.044
-0.009,0.043
-0.009,0.042
-0.008,0.044
-0.012,0.045
-0.013,0.045
-0.011,0.046
-0.015,0.048
-0.014,0.048
-0.013,0.049
-0.016,0.049
-0.015,0.048
-0.014,0.048
-0.016,0.047
-0.015,0.044
-0.014,0.043
-0.016,0.042
-0.017,0.042
-0.016,0.043
-0.020,0.044
-0.019,0.044
-0.018,0.046
-0.020,0.046
-0.020,0.046
-0.020,0.046
-0.021,0.046
-0.020,0.046
-0.020,0.046
-0.022,0.045
-0.022,0.045
-0.022,0.043
-0.024,0.041
-0.024,0.041
-0.023,0.041
-0.024,0.039
-0.024,0.041
-0.023,0.042
-0.024,0.043
-0.024,0.045
-0.024,0.046
-0.025,0.045
-0.025,0.045
-0.026,0.045
-0.027,0.043
-0.027,0.044
-0.026,0.044
-0.027,0.044
-0.027,0.045
-0.026,0.044
-0.028,0.043
-0.028,0.043
-0.028,0.044
-0.029,0.044
-0.029,0.044
-0.028,0.044
-0.029,0.044
-0.028,0.045
-0.028,0.044
-0.029,0.044
-0.028,0.044
-0.027,0.044
-0.027,0.045
-0.026,0.045
-0.025,0.045
-0.025,0.044
-0.024,0.043
-0.024,0.041
-0.024,0.039
-0.023,0.039
-0.023,0.039
-0.024,0.039
-0.023,0.042
-0.023,0.043
-0.023,0.043
-0.023,0.044
-0.023,0.044
-0.023,0.044
-0.022,0.043
-0.023,0.042
-0.023,0.041
-0.022,0.040
-0.023,0.039
-0.022,0.038
-0.021,0.038
-0.021,0.038
-0.022,0.037
-0.020,0.039
-0.021,0.041
-0.022,0.042
-0.020,0.042
-0.021,0.044
-0.022,0.044
-0.020,0.044
-0.021,0.044
-0.021,0.043
-0.020,0.042
-0.022,0.041
-0.023,0.041
-0.020,0.039
-0.021,0.039
-0.021,0.037
-0.020,0.036
-0.021,0.036
-0.021,0.036
-0.020,0.037
-0.021,0.037
-0.023,0.036
-0.020,0.036
-0.022,0.035
-0.023,0.034
-0.022,0.035
-0.024,0.035
-0.024,0.032
-0.023,0.033
-0.024,0.032
-0.023,0.030
-0.022,0.029
-0.024,0.028
-0.023,0.028
-0.022,0.029
-0.024,0.031
-0.023,0.031
-0.021,0.032
-0.024,0.032
-0.022,0.029
-0.021,0.030
-0.023,0.029
-0.022,0.027
-0.020,0.028
-0.022,0.027
-0.020,0.026
-0.019,0.026
-0.020,0.027
-0.020,0.028
-0.020,0.031
-0.022,0.031
-0.020,0.032
-0.021,0.034
-0.021,0.033
-0.020,0.034
-0.021,0.034
-0.022,0.033
-0.021,0.032
-0.022,0.032
-0.022,0.029
-0.021,0.030
-0.021,0.030
-0.020,0.026
-0.019,0.028
-0.020,0.029
-0.020,0.028
-0.020,0.031
-0.021,0.032
-0.021,0.032
-0.021,0.035
-0.022,0.035
-0.022,0.032
-0.021,0.033
-0.022,0.031
-0.022,0.030
-0.021,0.030
-0.023,0.030
-0.022,0.028
-0.024,0.029
-0.024,0.029
-0.024,0.029
-0.024,0.031
-0.025,0.030
-0.027,0.029
-0.026,0.030
-0.027,0.028
-0.028,0.028
-0.028,0.028
-0.028,0.026
-0.029,0.025
-0.031,0.026
-0.031,0.025
-0.033,0.026
-0.033,0.026
-0.034,0.024
-0.035,0.026
-0.035,0.026
-0.035,0.026
-0.036,0.027
-0.037,0.028
-0.037,0.028
-0.039,0.029
-0.039,0.030
-0.040,0.028
-0.041,0.028
-0.040,0.027
-0.040,0.026
-0.041,0.024
-0.041,0.023
-0.041,0.022
-0.042,0.021
-0.042,0.023
-0.042,0.022
-0.043,0.023
-0.043,0.021
-0.043,0.022
-0.044,0.022
-0.044,0.023
-0.045,0.023
-0.046,0.024
-0.045,0.025
-0.046,0.026
-0.047,0.024
-0.045,0.025
-0.046,0.024
-0.046,0.023
-0.044,0.022
-0.044,0.023
-0.044,0.021
-0.043,0.022
-0.044,0.023
-0.044,0.022
-0.042,0.023
-0.044,0.023
-0.043,0.023
-0.042,0.023
-0.043,0.024
-0.043,0.022
-0.041,0.023
-0.042,0.023
-0.042,0.021
-0.038,0.021
-0.040,0.022
-0.038,0.021
-0.036,0.022
-0.037,0.023
-0.036,0.021
-0.036,0.022
-0.036,0.021
-0.035,0.018
-0.033,0.019
-0.034,0.017
-0.033,0.017
-0.031,0.017
-0.032,0.017
-0.029,0.018
-0.029,0.020
-0.028,0.020
-0.026,0.020
-0.026,0.022
-0.025,0.020
-0.024,0.020
-0.025,0.022
-0.025,0.021
-0.022,0.021
-0.024,0.022
-0.022,0.020
-0.021,0.020
-0.022,0.020
-0.022,0.018
-0.022,0.020
-0.022,0.022
-0.022,0.021
-0.020,0.022
-0.022,0.023
-0.021,0.021
-0.018,0.021
-0.020,0.022
-0.019,0.020
-0.018,0.021
-0.018,0.021
-0.018,0.020
-0.016,0.021
-0.016,0.021
-0.016,0.021
-0.015,0.021
-0.016,0.022
-0.015,0.020
-0.014,0.020
-0.014,0.019
-0.015,0.016
-0.013,0.016
-0.014,0.015
-0.015,0.016
-0.015,0.017
-0.015,0.018
-0.015,0.018
-0.015,0.017
-0.015,0.017
-0.013,0.017
-0.013,0.018
-0.013,0.017
-0.013,0.017
-0.012,0.017
-0.014,0.016
-0.013,0.015
-0.014,0.014
-0.015,0.014
-0.015,0.011
-0.014,0.012
-0.015,0.011
-0.014,0.010
-0.015,0.012
-0.016,0.010
-0.014,0.010
-0.015,0.011
-0.015,0.011
-0.015,0.010
-0.016,0.011
-0.015,0.009
-0.015,0.009
-0.016,0.009
-0.017,0.006
-0.016,0.007
-0.019,0.008
-0.019,0.008
-0.021,0.009
-0.024,0.010
-0.023,0.008
-0.024,0.007
-0.027,0.006
-0.026,0.004
-0.027,0.003
-0.029,0.003
-0.029,0.000
-0.030,0.000
-0.031,-0.000
-0.031,-0.001
-0.032,0.001
-0.033,0.002
-0.033,0.003
-0.034,0.004
-0.035,0.005
-0.035,0.006
-0.036,0.007
-0.036,0.008
-0.036,0.008
-0.037,0.008
-0.037,0.008
-0.038,0.008
-0.038,0.008
-0.038,0.007
-0.038,0.007
-0.037,0.006
-0.038,0.006
-0.037,0.006
-0.037,0.005
-0.036,0.006
-0.036,0.006
-0.037,0.006
-0.036,0.007
-0.036,0.007
-0.036,0.007
-0.036,0.007
-0.035,0.006
-0.035,0.004
-0.035,0.004
-0.034,0.003
-0.034,0.003
-0.033,0.003
-0.032,0.002
-0.032,0.002
-0.031,0.002
-0.031,0.002
-0.031,0.002
-0.030,0.003
-0.030,0.002
-0.030,-0.000
-0.029,0.002
-0.029,0.001
-0.029,0.000
-0.029,0.002
-0.029,0.002
-0.028,0.002
-0.028,0.004
-0.028,0.002
-0.028,0.002
-0.027,0.004
-0.026,0.003
-0.026,0.002
-0.024,0.003
-0.023,0.002
-0.024,0.002
-0.023,0.002
-0.021,0.002
-0.022,0.003
-0.021,0.004
-0.020,0.004
-0.021,0.004
-0.020,0.004
-0.019,0.002
-0.020,0.002
-0.019,0.001
-0.018,0.000
-0.019,0.000
-0.019,-0.001
-0.018,-0.001
-0.020,0.000
-0.020,0.000
-0.018,-0.001
-0.018,0.001
-0.017,-0.000
-0.016,-0.001
-0.017,-0.001
-0.016,-0.002
-0.014,-0.003
-0.016,-0.003
-0.013,-0.003
-0.012,-0.004
-0.012,-0.003
-0.011,-0.003
-0.010,-0.004
-0.011,-0.003
-0.009,-0.003
-0.008,-0.003
-0.010,-0.002
-0.008,-0.001
-0.006,-0.001
-0.008,0.001
-0.005,-0.000
-0.005,0.001
-0.006,0.001
-0.004,-0.001
-0.004,-0.002
-0.006,-0.002
-0.004,-0.004
-0.003,-0.005
-0.006,-0.004
-0.003,-0.006
-0.003,-0.006
-0.005,-0.006
-0.002,-0.008
-0.002,-0.006
-0.001,-0.006
0.001,-0.006
0.000,-0.005
-0.000,-0.005
0.002,-0.006
0.000,-0.006
0.000,-0.006
0.003,-0.005
0.000,-0.003
0.000,-0.003
0.002,-0.002
-0.001,-0.001
-0.001,-0.003
0.001,-0.003
-0.002,-0.004
-0.001,-0.005
0.001,-0.004
-0.001,-0.004
0.000,-0.003
0.003,-0.004
-0.000,-0.003
0.001,-0.005
0.004,-0.004
0.002,-0.004
0.003,-0.005
0.005,-0.004
0.002,-0.003
0.004,-0.004
0.005,-0.005
0.002,-0.007
0.003,-0.007
0.004,-0.007
0.002,-0.009
0.002,-0.008
0.004,-0.008
0.003,-0.009
0.004,-0.009
0.004,-0.010
0.004,-0.010
0.005,-0.012
0.006,-0.014
0.005,-0.015
0.006,-0.016
0.006,-0.017
0.004,-0.018
0.007,-0.018
0.007,-0.017
0.006,-0.018
0.008,-0.017
0.007,-0.016
0.007,-0.015
0.007,-0.013
0.007,-0.013
0.006,-0.011
0.007,-0.011
0.007,-0.011
0.006,-0.011
0.008,-0.010
0.008,-0.010
0.008,-0.011
0.009,-0.011
0.010,-0.012
0.010,-0.013
0.011,-0.012
0.011,-0.013
0.011,-0.012
0.011,-0.011
0.011,-0.011
0.013,-0.009
0.014,-0.008
0.014,-0.007
0.014,-0.008
0.015,-0.007
0.015,-0.009
0.015,-0.011
0.017,-0.012
0.015,-0.014
0.016,-0.014
0.016,-0.014
0.015,-0.013
0.015,-0.012
0.017,-0.010
0.016,-0.010
0.015,-0.010
0.017,-0.008
0.015,-0.009
0.015,-0.010
0.017,-0.009
0.017,-0.009
0.016,-0.010
0.017,-0.009
0.016,-0.010
0.016,-0.011
0.018,-0.010
0.018,-0.009
0.019,-0.009
0.023,-0.009
0.022,-0.009
0.023,-0.011
0.024,-0.010
0.024,-0.009
0.024,-0.008
0.024,-0.007
0.023,-0.005
0.023,-0.006
0.024,-0.006
0.023,-0.006
0.023,-0.008
0.025,-0.010
0.024,-0.011
0.024,-0.013
0.025,-0.011
0.025,-0.012
0.025,-0.011
0.028,-0.011
0.026,-0.010
0.026,-0.011
0.028,-0.011
0.026,-0.011
0.027,-0.013
0.028,-0.013
0.027,-0.013
0.029,-0.014
0.030,-0.014
0.029,-0.014
0.030,-0.016
0.032,-0.014
0.031,-0.014
0.032,-0.015
0.033,-0.016
0.033,-0.016
0.034,-0.017
0.036,-0.016
0.035,-0.015
0.036,-0.013
0.037,-0.010
0.035,-0.009
0.037,-0.009
0.037,-0.006
0.036,-0.006
0.037,-0.007
0.037,-0.006
0.036,-0.009
0.037,-0.011
0.036,-0.011
0.036,-0.013
0.038,-0.012
0.037,-0.011
0.038,-0.011
0.039,-0.009
0.039,-0.007
0.039,-0.006
0.040,-0.005
0.040,-0.003
0.041,-0.003
0.043,-0.002
0.041,-0.001
0.043,-0.003
0.044,-0.003
0.042,-0.003
0.043,-0.005
0.042,-0.006
0.041,-0.006
0.041,-0.009
0.041,-0.009
0.041,-0.009
0.041,-0.011
0.041,-0.011
0.041,-0.012
0.041,-0.013
0.042,-0.012
0.042,-0.013
0.042,-0.014
0.042,-0.012
0.042,-0.013
0.043,-0.012
0.043,-0.011
0.043,-0.011
0.044,-0.011
0.043,-0.011
0.042,-0.012
0.042,-0.012
0.042,-0.012
0.041,-0.013
0.041,-0.013
0.041,-0.012
0.042,-0.012
0.042,-0.012
0.041,-0.011
0.041,-0.009
0.042,-0.009
0.040,-0.007
0.040,-0.007
0.040,-0.006
0.039,-0.006
0.040,-0.008
0.040,-0.008
0.039,-0.009
0.040,-0.010
0.040,-0.011
0.039,-0.011
0.042,-0.012
0.042,-0.012
0.041,-0.011
0.043,-0.013
0.044,-0.012
0.042,-0.012
0.044,-0.014
0.045,-0.012
0.043,-0.012
0.045,-0.012
0.045,-0.011
0.044,-0.011
0.047,-0.011
0.047,-0.011
0.046,-0.011
0.047,-0.012
0.048,-0.013
0.046,-0.014
0.048,-0.015
0.048,-0.015
0.047,-0.013
0.049,-0.012
0.048,-0.012
0.049,-0.013
0.050,-0.013
0.051,-0.013
0.052,-0.013
0.052,-0.012
0.053,-0.012
0.053,-0.012
0.054,-0.012
0.054,-0.013
0.055,-0.012
0.055,-0.011
0.056,-0.011
0.056,-0.010
0.056,-0.010
0.056,-0.009
0.056,-0.008
0.056,-0.007
0.056,-0.007
0.057,-0.005
0.057,-0.006
0.058,-0.007
0.057,-0.006
0.057,-0.007
0.059,-0.009
0.056,-0.008
0.058,-0.009
0.058,-0.010
0.058,-0.008
0.059,-0.008
0.060,-0.008
0.059,-0.008
0.060,-0.010
0.062,-0.011
0.061,-0.010
0.062,-0.011
0.063,-0.010
0.062,-0.007
0.064,-0.007
0.063,-0.005
0.064,-0.003
0.065,-0.003
0.065,-0.003
0.066,-0.003
0.068,-0.004
0.067,-0.005
0.069,-0.005
0.071,-0.007
0.069,-0.006
0.070,-0.007
0.072,-0.007
0.071,-0.008
0.073,-0.009
0.074,-0.010
0.072,-0.010
0.073,-0.011
0.075,-0.011
0.073,-0.011
0.075,-0.011
0.077,-0.011
0.074,-0.008
0.076,-0.008
0.078,-0.007
0.076,-0.007
0.077,-0.009
0.079,-0.008
0.079,-0.008
0.081,-0.008
0.083,-0.010
0.083,-0.009
0.086,-0.009
0.088,-0.009
0.086,-0.008
0.088,-0.006
0.090,-0.005
0.089,-0.005
0.091,-0.005
0.091,-0.005
0.091,-0.003
0.093,-0.003
0.093,-0.003
0.092,-0.003
0.094,-0.003
0.096,-0.002
0.095,-0.003
0.096,-0.002
0.097,-0.002
0.098,-0.001
0.100,-0.001
0.100,-0.001
0.100,0.002
0.101,0.000
0.101,-0.001
0.100,-0.003
0.101,-0.004
0.102,-0.003
0.101,-0.002
0.102,-0.003
0.102,-0.002
0.102,0.000
0.106,-0.001
0.105,-0.000
0.104,-0.001
0.107,-0.001
0.107,-0.002
0.106,-0.003
0.109,-0.004
0.110,-0.004
0.107,-0.002
0.110,-0.002
0.107,-0.001
0.107,-0.002
0.109,-0.002
0.107,-0.002
0.108,-0.003
0.108,-0.004
0.106,-0.003
0.106,-0.002
0.109,-0.003
0.105,-0.003
0.106,-0.005
0.107,-0.003
0.104,-0.003
0.104,-0.005
0.104,-0.004
0.103,-0.004
0.103,-0.004
0.104,-0.003
0.101,-0.002
0.101,-0.003
0.103,-0.002
0.101,-0.001
0.101,-0.002
0.101,0.001
0.099,0.000
0.099,0.001
0.100,-0.001
0.097,-0.001
0.099,-0.001
0.100,-0.001
0.095,-0.002
0.097,-0.003
0.097,-0.003
0.097,-0.004
0.096,-0.003
0.096,-0.003
0.095,-0.002
0.095,-0.000
0.096,-0.001
0.095,0.000
0.097,0.002
0.096,0.004
0.095,0.003
0.096,0.002
0.095,0.001
0.094,-0.001
0.096,-0.001
0.097,-0.002
0.093,-0.003
0.094,-0.002
0.094,-0.003
0.095,-0.004
0.096,-0.004
0.096,-0.005
0.095,-0.005
0.096,-0.005
0.096,-0.006
0.093,-0.006
0.096,-0.004
0.095,-0.004
0.095,-0.003
0.095,-0.002
0.095,-0.003
0.096,-0.002
0.098,-0.002
0.097,-0.003
0.097,-0.002
0.098,-0.000
0.099,-0.000
0.098,-0.000
0.099,0.001
0.098,0.001
0.097,0.002
0.097,0.004
0.097,0.004
0.097,0.004
0.100,0.005
0.100,0.004
0.100,0.006
0.101,0.007
0.101,0.008
0.101,0.009
0.103,0.010
0.103,0.010
0.102,0.008
0.105,0.010
0.105,0.010
0.104,0.010
0.106,0.010
0.106,0.012
0.106,0.011
0.108,0.010
0.106,0.010
0.106,0.009
0.109,0.009
0.108,0.008
0.107,0.008
0.110,0.006
0.108,0.006
0.108,0.007
0.112,0.007
0.111,0.008
0.112,0.008
0.114,0.008
0.114,0.009
0.114,0.007
0.117,0.008
0.116,0.008
0.116,0.008
0.118,0.010
0.116,0.011
0.116,0.011
0.117,0.011
0.115,0.010
0.115,0.009
0.117,0.009
0.114,0.008
0.116,0.007
0.118,0.006
0.115,0.005
0.117,0.003
0.118,0.003
0.116,0.002
0.117,0.001
0.119,0.002
0.117,0.003
0.117,0.004
0.117,0.007
0.115,0.007
0.116,0.008
0.115,0.008
0.114,0.007
0.116,0.008
0.115,0.009
0.115,0.007
0.115,0.009
0.115,0.010
0.114,0.008
0.116,0.008
0.114,0.008
0.114,0.006
0.114,0.007
0.113,0.008
0.113,0.006
0.114,0.008
0.114,0.008
0.113,0.007
0.114,0.008
0.113,0.007
0.114,0.006
0.113,0.006
0.112,0.007
0.112,0.006
0.112,0.009
0.111,0.010
0.110,0.010
0.110,0.012
0.110,0.013
0.110,0.013
0.110,0.014
0.111,0.013
0.112,0.013
0.111,0.014
0.111,0.015
0.111,0.015
0.111,0.019
0.111,0.018
0.111,0.019
0.110,0.019
0.111,0.017
0.111,0.017
0.110,0.017
0.111,0.016
0.111,0.016
0.111,0.017
0.111,0.016
0.111,0.015
0.110,0.016
0.111,0.015
0.112,0.016
0.112,0.017
0.112,0.018
0.112,0.019
0.112,0.021
0.113,0.022
0.112,0.022
0.113,0.023
0.113,0.023
0.112,0.024
0.113,0.025
0.112,0.025
0.113,0.026
0.112,0.025
0.112,0.026
0.112,0.025
0.112,0.025
0.113,0.023
0.112,0.023
0.112,0.023
0.113,0.022
0.113,0.021
0.112,0.020
0.111,0.020
0.111,0.019
0.110,0.021
0.110,0.021
0.110,0.022
0.109,0.023
0.110,0.022
0.109,0.022
0.110,0.022
0.110,0.023
0.110,0.022
0.110,0.023
0.110,0.024
0.111,0.023
0.111,0.023
0.111,0.022
0.111,0.021
0.112,0.022
0.112,0.023
0.113,0.023
0.114,0.025
0.115,0.027
0.114,0.028
0.115,0.031
0.115,0.032
0.115,0.032
0.115,0.033
0.115,0.032
0.115,0.032
0.116,0.032
0.117,0.032
0.118,0.030
0.118,0.033
0.119,0.032
0.119,0.032
0.119,0.035
0.120,0.035
0.120,0.036
0.119,0.037
0.119,0.037
0.121,0.037
0.121,0.040
0.122,0.038
0.122,0.038
0.123,0.040
0.125,0.038
0.126,0.038
0.125,0.040
0.128,0.038
0.128,0.039
0.128,0.040
0.131,0.039
0.130,0.040
0.131,0.041
0.132,0.039
0.131,0.041
0.132,0.040
0.134,0.039
0.133,0.038
0.134,0.037
0.136,0.036
0.134,0.036
0.136,0.036
0.136,0.037
0.134,0.039
0.136,0.038
0.137,0.037
0.134,0.037
0.136,0.035
0.138,0.035
0.135,0.036
0.137,0.036
0.138,0.038
0.135,0.040
0.137,0.038
0.137,0.039
0.134,0.039
0.136,0.037
0.136,0.037
0.135,0.038
0.137,0.038
0.138,0.039
0.136,0.040
0.138,0.041
0.138,0.042
0.136,0.043
0.137,0.043
0.137,0.043
0.136,0.044
0.137,0.043
0.136,0.043
0.134,0.042
0.136,0.040
0.134,0.039
0.132,0.040
0.133,0.041
0.132,0.042
0.130,0.042
0.132,0.042
0.131,0.042
0.129,0.041
0.131,0.041
0.129,0.041
0.128,0.041
0.130,0.041
0.129,0.042
0.127,0.042
0.128,0.042
0.127,0.044
0.125,0.044
0.126,0.045
0.124,0.044
0.124,0.043
0.124,0.042
0.122,0.041
0.122,0.041
0.122,0.041
0.121,0.042
0.118,0.043
0.119,0.044
0.118,0.044
0.117,0.043
0.118,0.044
0.115,0.043
0.116,0.043
0.116,0.043
0.114,0.043
0.114,0.044
0.115,0.046
0.113,0.047
0.113,0.047
0.114,0.049
0.112,0.051
0.112,0.051
0.112,0.051
0.110,0.050
0.111,0.051
0.111,0.051
0.109,0.051
0.110,0.051
0.112,0.051
0.110,0.051
0.112,0.051
0.112,0.051
0.110,0.052
0.111,0.052
0.110,0.054
0.110,0.054
0.109,0.054
0.110,0.054
0.109,0.054
0.110,0.055
0.111,0.056
0.111,0.056
0.112,0.056
0.111,0.056
0.111,0.057
0.111,0.058
0.112,0.059
0.112,0.060
0.113,0.061
0.114,0.059
0.113,0.059
0.114,0.059
0.114,0.057
0.113,0.058
0.113,0.059
0.114,0.059
0.113,0.058
0.114,0.057
0.114,0.056
0.114,0.056
0.115,0.056
0.116,0.056
0.115,0.057
0.116,0.056
0.117,0.057
0.115,0.059
0.117,0.058
0.118,0.060
0.116,0.062
0.117,0.062
0.118,0.062
0.117,0.063
0.118,0.062
0.118,0.061
0.118,0.060
0.119,0.059
0.120,0.058
0.119,0.057
0.120,0.056
0.120,0.057
0.119,0.058
0.120,0.060
0.118,0.061
0.116,0.062
0.118,0.062
0.115,0.062
0.115,0.062
0.117,0.063
0.114,0.063
0.114,0.064
0.116,0.065
0.113,0.065
0.114,0.064
0.114,0.063
0.113,0.064
0.112,0.062
0.114,0.062
0.111,0.062
0.111,0.062
0.114,0.062
0.110,0.063
0.109,0.063
0.112,0.063
0.109,0.063
0.109,0.064
0.110,0.065
0.108,0.065
0.107,0.066
0.108,0.065
0.105,0.066
0.105,0.066
0.106,0.067
0.103,0.068
0.103,0.067
0.103,0.067
0.101,0.065
0.101,0.064
0.103,0.063
0.101,0.063
0.101,0.062
0.102,0.062
0.098,0.062
0.099,0.061
0.099,0.059
0.096,0.058
0.097,0.057
0.098,0.059
0.095,0.060
0.096,0.060
0.097,0.061
0.094,0.062
0.096,0.062
0.096,0.063
0.094,0.064
0.095,0.064
0.096,0.066
0.093,0.065
0.095,0.066
0.095,0.066
0.092,0.065
0.094,0.064
0.094,0.064
0.092,0.063
0.093,0.064
0.093,0.065
0.092,0.067
0.093,0.067
0.091,0.069
0.091,0.069
0.093,0.070
0.091,0.071
0.089,0.070
0.090,0.071
0.088,0.070
0.088,0.067
0.088,0.067
0.086,0.066
0.086,0.065
0.087,0.069
0.085,0.070
0.085,0.069
0.086,0.072
0.084,0.072
0.085,0.070
0.085,0.071
0.084,0.070
0.083,0.068
0.084,0.070
0.082,0.069
0.082,0.068
0.083,0.068
0.081,0.067
0.081,0.067
0.082,0.070
0.081,0.070
0.080,0.072
0.081,0.074
0.080,0.073
0.079,0.072
0.081,0.073
0.079,0.073
0.080,0.074
0.080,0.074
0.078,0.075
0.078,0.076
0.078,0.077
0.077,0.076
0.077,0.076
0.079,0.076
0.078,0.075
0.077,0.075
0.079,0.075
0.078,0.074
0.077,0.074
0.079,0.074
0.077,0.074
0.076,0.074
0.077,0.073
0.077,0.072
0.076,0.073
0.077,0.072
0.076,0.071
0.076,0.073
0.076,0.072
0.077,0.072
0.076,0.072
0.078,0.073
0.076,0.074
0.076,0.074
0.077,0.074
0.075,0.074
0.075,0.075
0.077,0.075
0.076,0.075
0.076,0.075
0.078,0.074
0.076,0.074
0.076,0.073
0.077,0.072
0.075,0.073
0.075,0.073
0.077,0.073
0.075,0.074
0.076,0.075
0.077,0.076
0.075,0.077
0.075,0.075
0.077,0.076
0.074,0.075
0.074,0.073
0.075,0.072
0.072,0.071
0.072,0.070
0.073,0.071
0.071,0.072
0.073,0.071
0.073,0.073
0.071,0.072
0.072,0.072
0.072,0.072
0.069,0.072
0.071,0.071
0.071,0.072
0.070,0.071
0.071,0.072
0.070,0.074
0.069,0.073
0.070,0.074
0.069,0.075
0.068,0.074
0.069,0.075
0.068,0.075
0.067,0.074
0.068,0.074
0.067,0.075
0.067,0.073
0.068,0.074
0.066,0.074
0.067,0.073
0.068,0.075
0.066,0.075
0.066,0.074
0.067,0.074
0.066,0.073
0.066,0.071
0.067,0.071
0.065,0.070
0.065,0.068
0.065,0.067
0.063,0.065
0.063,0.065
0.064,0.067
0.062,0.067
0.062,0.068
0.063,0.070
0.062,0.071
0.062,0.070
0.062,0.072
0.061,0.073
0.060,0.074
0.060,0.074
0.059,0.073
0.060,0.072
0.059,0.071
0.059,0.070
0.059,0.069
0.058,0.070
0.058,0.070
0.058,0.071
0.059,0.072
0.058,0.072
0.059,0.074
0.059,0.074
0.058,0.074
0.058,0.075
0.059,0.077
0.059,0.077
0.058,0.077
0.060,0.079
0.059,0.079
0.059,0.077
0.059,0.077
0.058,0.077
0.059,0.076
0.059,0.076
0.058,0.077
0.058,0.078
0.058,0.078
0.057,0.079
0.057,0.078
0.058,0.078
0.057,0.079
0.057,0.078
0.058,0.078
0.057,0.079
0.058,0.078
0.058,0.079
0.057,0.078
0.056,0.078
0.056,0.079
0.054,0.080
0.054,0.079
0.055,0.080
0.054,0.079
0.055,0.079
0.054,0.079
0.054,0.078
0.055,0.078
0.054,0.077
0.053,0.075
0.053,0.074
0.053,0.072
0.052,0.070
0.052,0.069
0.051,0.069
0.050,0.069
0.048,0.069
0.048,0.072
0.047,0.073
0.046,0.074
0.047,0.076
0.046,0.077
0.046,0.075
0.045,0.075
0.044,0.075
0.044,0.074
0.044,0.074
0.044,0.074
0.045,0.074
0.046,0.075
0.047,0.073
0.048,0.074
0.049,0.073
0.050,0.072
0.050,0.071
0.050,0.071
0.051,0.069
0.051,0.069
0.050,0.070
0.051,0.068
0.051,0.068
0.049,0.068
0.050,0.066
0.050,0.067
0.049,0.067
0.049,0.068
0.048,0.069
0.048,0.070
0.049,0.071
0.048,0.071
0.049,0.069
0.049,0.069
0.048,0.070
0.049,0.068
0.051,0.066
0.049,0.067
0.051,0.066
0.052,0.065
0.049,0.066
0.051,0.065
0.050,0.064
0.048,0.065
0.048,0.064
0.049,0.064
0.048,0.066
0.049,0.067
0.049,0.067
0.047,0.069
0.049,0.067
0.049,0.067
0.047,0.067
0.049,0.066
0.048,0.066
0.045,0.066
0.047,0.066
0.047,0.066
0.045,0.067
0.046,0.066
0.045,0.067
0.043,0.067
0.045,0.067
0.044,0.068
0.042,0.068
0.043,0.069
0.043,0.069
0.041,0.070
0.044,0.070
0.042,0.070
0.041,0.070
0.043,0.068
0.042,0.067
0.040,0.067
0.041,0.065
0.041,0.065
0.039,0.064
0.041,0.063
0.040,0.062
0.039,0.062
0.040,0.062
0.039,0.063
0.038,0.063
0.039,0.062
0.038,0.063
0.036,0.063
0.037,0.063
0.035,0.063
0.033,0.064
0.034,0.063
0.033,0.063
0.033,0.062
0.034,0.062
0.034,0.063
0.034,0.063
0.036,0.064
0.035,0.065
0.035,0.067
0.035,0.067
0.033,0.068
0.033,0.067
0.034,0.067
0.032,0.066
0.032,0.066
0.034,0.067
0.032,0.066
0.031,0.065
0.032,0.064
0.030,0.062
0.029,0.062
0.030,0.062
0.028,0.062
0.028,0.063
0.028,0.065
0.027,0.065
0.026,0.066
0.026,0.068
0.025,0.068
0.026,0.068
0.025,0.066
0.022,0.065
0.023,0.065
0.023,0.065
0.020,0.066
0.021,0.067
0.021,0.067
0.020,0.065
0.020,0.066
0.020,0.064
0.019,0.065
0.020,0.064
0.019,0.065
0.017,0.066
0.017,0.067
0.016,0.066
0.016,0.064
0.015,0.065
0.014,0.062
0.014,0.063
0.013,0.063
0.013,0.062
0.011,0.062
0.011,0.062
0.011,0.062
0.008,0.060
0.007,0.061
0.006,0.058
0.004,0.057
0.003,0.057
0.002,0.054
-0.000,0.055
-0.001,0.055
-0.001,0.055
-0.003,0.054
-0.004,0.055
-0.003,0.055
-0.006,0.057
-0.006,0.058
-0.006,0.057
-0.008,0.060
-0.007,0.061
-0.006,0.061
-0.009,0.060
-0.009,0.061
-0.008,0.061
-0.010,0.062
-0.009,0.061
-0.009,0.061
-0.012,0.064
-0.010,0.062
-0.011,0.061
-0.014,0.062
-0.011,0.060
-0.011,0.061
-0.013,0.060
-0.013,0.058
-0.012,0.058
-0.015,0.058
-0.012,0.055
-0.013,0.055
-0.016,0.056
-0.014,0.056
-0.015,0.058
-0.016,0.058
-0.015,0.058
-0.014,0.060
-0.016,0.061
-0.015,0.060
-0.017,0.062
-0.018,0.060
-0.014,0.059
-0.016,0.060
-0.016,0.059
-0.014,0.060
-0.016,0.059
-0.016,0.060
-0.013,0.057
-0.017,0.058
-0.016,0.056
-0.014,0.056
-0.017,0.056
-0.016,0.053
-0.014,0.055
-0.015,0.057
-0.013,0.057
-0.010,0.058
-0.013,0.060
-0.012,0.059
-0.009,0.060
-0.011,0.059
-0.011,0.057
-0.009,0.059
-0.011,0.059
-0.010,0.058
-0.009,0.058
-0.010,0.058
-0.009,0.057
-0.007,0.056
-0.012,0.055
-0.010,0.055
-0.009,0.056
-0.011,0.056
-0.010,0.056
-0.010,0.057
-0.011,0.057
-0.010,0.057
-0.009,0.055
-0.012,0.054
-0.009,0.055
-0.009,0.055
-0.010,0.055
-0.009,0.056
-0.009,0.055
-0.009,0.054
-0.008,0.052
-0.008,0.050
-0.010,0.049
-0.008,0.049
-0.008,0.050
-0.009,0.049
-0.009,0.051
-0.009,0.053
-0.009,0.055
-0.010,0.056
-0.008,0.056
-0.010,0.055
-0.008,0.055
-0.008,0.055
-0.009,0.053
-0.010,0.054
-0.010,0.052
-0.010,0.052
-0.009,0.051
-0.008,0.050
-0.010,0.050
-0.009,0.052
-0.010,0.051
-0.010,0.050
-0.009,0.052
-0.010,0.051
-0.010,0.050
-0.011,0.049
-0.013,0.048
-0.013,0.048
-0.011,0.048
-0.013,0.047
-0.014,0.045
-0.013,0.046
-0.015,0.046
-0.014,0.045
-0.014,0.047
-0.016,0.047
-0.016,0.047
-0.016,0.049
-0.018,0.049
-0.019,0.046
-0.017,0.046
-0.018,0.045
-0.020,0.044
-0.018,0.044
-0.021,0.043
-0.021,0.042
-0.021,0.041
-0.022,0.041
-0.022,0.039
-0.021,0.040
-0.023,0.039
-0.023,0.040
-0.022,0.039
-0.024,0.039
-0.026,0.040
-0.026,0.041
-0.027,0.042
-0.029,0.042
-0.028,0.041
-0.029,0.041
-0.030,0.042
-0.029,0.041
-0.029,0.040
-0.030,0.039
-0.029,0.039
-0.029,0.038
-0.030,0.036
-0.029,0.036
-0.030,0.037
-0.031,0.037
-0.029,0.036
-0.031,0.037
-0.030,0.038
-0.028,0.038
-0.029,0.041
-0.029,0.041
-0.027,0.042
-0.028,0.044
-0.029,0.043
-0.027,0.042
-0.028,0.043
-0.027,0.042
-0.027,0.040
-0.028,0.041
-0.027,0.039
-0.026,0.038
-0.028,0.038
-0.028,0.037
-0.025,0.038
-0.028,0.039
-0.027,0.039
-0.025,0.041
-0.027,0.041
-0.026,0.039
-0.025,0.041
-0.026,0.041
-0.024,0.041
-0.023,0.043
-0.024,0.043
-0.024,0.042
-0.023,0.042
-0.024,0.041
-0.022,0.039
-0.023,0.039
-0.022,0.037
-0.021,0.037
-0.022,0.037
-0.022,0.036
-0.022,0.037
-0.024,0.037
-0.024,0.036
-0.022,0.036
-0.024,0.036
-0.024,0.035
-0.023,0.034
-0.023,0.034
-0.023,0.032
-0.022,0.032
-0.022,0.034
-0.022,0.034
-0.021,0.036
-0.022,0.036
-0.021,0.036
-0.020,0.036
-0.020,0.036
-0.020,0.035
-0.021,0.035
-0.021,0.033
-0.022,0.031
-0.023,0.033
-0.024,0.033
-0.024,0.032
-0.025,0.033
-0.026,0.033
-0.024,0.033
-0.023,0.033
-0.023,0.033
-0.022,0.031
-0.022,0.032
-0.022,0.030
-0.022,0.030
-0.022,0.031
-0.022,0.032
-0.020,0.031
-0.020,0.032
-0.020,0.033
-0.018,0.033
-0.020,0.034
-0.019,0.034
-0.019,0.034
-0.019,0.035
-0.019,0.035
-0.019,0.034
-0.020,0.034
-0.019,0.032
-0.018,0.031
-0.020,0.030
-0.018,0.028
-0.019,0.029
-0.020,0.029
-0.020,0.028
-0.020,0.029
-0.022,0.029
-0.021,0.028
-0.020,0.029
-0.023,0.029
-0.021,0.028
-0.022,0.029
-0.022,0.030
-0.021,0.030
-0.022,0.031
-0.022,0.032
-0.022,0.031
-0.022,0.030
-0.024,0.029
-0.023,0.028
-0.024,0.028
-0.024,0.028
-0.025,0.028
-0.026,0.028
-0.026,0.027
-0.027,0.026
-0.028,0.025
-0.028,0.023
-0.029,0.023
-0.029,0.022
-0.030,0.022
-0.030,0.023
-0.032,0.023
-0.031,0.024
-0.033,0.025
-0.034,0.025
-0.034,0.025
-0.036,0.025
-0.036,0.025
-0.036,0.026
-0.038,0.025
-0.038,0.025
-0.038,0.025
-0.040,0.024
-0.040,0.024
-0.041,0.023
-0.042,0.022
-0.042,0.021
-0.042,0.022
-0.042,0.021
-0.043,0.020
-0.043,0.022
-0.043,0.020
-0.044,0.020
-0.045,0.021
-0.046,0.019
-0.045,0.019
-0.047,0.019
-0.046,0.017
-0.046,0.016
-0.047,0.017
-0.046,0.016
-0.047,0.016
-0.047,0.018
-0.047,0.019
-0.046,0.020
-0.047,0.022
-0.046,0.022
-0.047,0.024
-0.047,0.024
-0.046,0.024
-0.048,0.025
-0.046,0.025
-0.046,0.024
-0.046,0.025
-0.044,0.023
-0.043,0.023
-0.045,0.023
-0.044,0.022
-0.043,0.020
-0.045,0.021
-0.043,0.020
-0.042,0.019
-0.044,0.021
-0.042,0.021
-0.041,0.022
-0.042,0.024
-0.041,0.024
-0.039,0.024
-0.040,0.024
-0.039,0.024
-0.038,0.024
-0.039,0.024
-0.037,0.023
-0.037,0.023
-0.038,0.023
-0.037,0.022
-0.036,0.023
-0.036,0.024
-0.033,0.023
-0.031,0.023
-0.031,0.022
-0.028,0.020
-0.028,0.018
-0.029,0.018
-0.026,0.017
-0.025,0.018
-0.027,0.018
-0.025,0.017
-0.024,0.018
-0.026,0.018
-0.022,0.017
-0.024,0.017
-0.024,0.018
-0.022,0.016
-0.021,0.017
-0.022,0.017
-0.018,0.016
-0.018,0.017
-0.019,0.017
-0.015,0.016
-0.016,0.016
-0.016,0.016
-0.015,0.014
-0.016,0.015
-0.017,0.016
-0.016,0.017
-0.017,0.020
-0.018,0.022
-0.016,0.023
-0.016,0.024
-0.016,0.023
-0.015,0.023
-0.016,0.024
-0.015,0.022
-0.014,0.022
-0.015,0.021
-0.015,0.020
-0.013,0.020
-0.015,0.019
-0.015,0.018
-0.014,0.019
-0.016,0.019
-0.015,0.018
-0.014,0.020
-0.016,0.018
-0.015,0.017
-0.014,0.017
-0.016,0.016
-0.015,0.015
-0.015,0.014
-0.017,0.013
-0.016,0.012
-0.016,0.012
-0.019,0.013
-0.016,0.012
-0.016,0.014
-0.018,0.012
-0.017,0.013
-0.017,0.012
-0.018,0.012
-0.017,0.013
-0.016,0.012
-0.018,0.012
-0.018,0.013
-0.018,0.013
-0.019,0.012
-0.019,0.012
-0.019,0.010
-0.021,0.009
-0.021,0.009
-0.023,0.008
-0.024,0.007
-0.024,0.008
-0.024,0.006
-0.025,0.005
-0.026,0.005
-0.026,0.004
-0.028,0.004
-0.029,0.005
-0.029,0.006
-0.030,0.007
-0.030,0.007
-0.031,0.006
-0.032,0.006
-0.032,0.005
-0.033,0.002
-0.034,0.000
-0.035,0.000
-0.035,-0.000
-0.037,0.001
-0.036,0.002
-0.037,0.003
-0.037,0.005
-0.037,0.004
-0.037,0.003
-0.038,0.003
-0.037,0.002
-0.037,0.001
-0.039,0.002
-0.037,0.002
-0.037,0.002
-0.039,0.005
-0.038,0.004
-0.037,0.004
-0.039,0.005
-0.037,0.004
-0.037,0.004
-0.038,0.005
-0.036,0.004
-0.036,0.004
-0.038,0.006
-0.034,0.005
-0.035,0.007
-0.036,0.006
-0.034,0.006
-0.034,0.006
-0.035,0.008
-0.033,0.007
-0.034,0.007
-0.035,0.008
-0.032,0.007
-0.034,0.007
-0.034,0.006
-0.031,0.004
-0.033,0.004
-0.033,0.003
-0.030,0.004
-0.030,0.005
-0.030,0.006
-0.027,0.007
-0.029,0.007
-0.028,0.006
-0.025,0.005
-0.027,0.005
-0.025,0.003
-0.023,0.002
-0.025,0.003
-0.025,0.002
-0.023,0.002
-0.025,0.004
-0.023,0.005
-0.020,0.007
-0.023,0.009
-0.022,0.010
-0.020,0.011
-0.022,0.010
-0.021,0.010
-0.020,0.008
-0.021,0.006
-0.020,0.004
-0.018,0.001
-0.020,0.001
-0.017,0.000
-0.016,0.000
-0.017,-0.000
-0.016,-0.000
-0.014,-0.000
-0.016,-0.001
-0.015,-0.000
-0.014,-0.002
-0.016,-0.001
-0.014,-0.000
-0.014,-0.001
-0.015,0.001
-0.013,0.002
-0.012,0.002
-0.013,0.002
-0.011,0.001
-0.011,0.001
-0.011,0.000
-0.009,0.000
-0.010,0.001
-0.010,0.001
-0.008,0.000
-0.009,0.002
-0.010,0.001
-0.008,0.001
-0.007,0.001
-0.008,-0.001
-0.005,-0.001
-0.004,-0.002
-0.006,-0.003
-0.003,-0.003
-0.003,-0.003
-0.005,-0.002
-0.003,-0.002
-0.003,-0.002
-0.004,-0.003
-0.003,-0.003
-0.003,-0.005
-0.004,-0.007
-0.003,-0.006
-0.004,-0.007
-0.004,-0.006
-0.003,-0.005
-0.002,-0.004
-0.003,-0.003
0.001,-0.003
-0.000,-0.003
-0.001,-0.003
0.002,-0.004
0.000,-0.004
0.001,-0.004
0.002,-0.005
0.001,-0.006
0.001,-0.007
0.002,-0.006
0.001,-0.007
0.001,-0.008
0.003,-0.006
0.001,-0.007
0.002,-0.007
0.004,-0.006
0.003,-0.005
0.004,-0.004
0.006,-0.003
0.004,-0.002
0.004,-0.002
0.007,-0.001
0.005,-0.002
0.006,-0.003
0.008,-0.003
0.006,-0.003
0.007,-0.002
0.008,-0.001
0.007,-0.002
0.007,-0.002
0.009,-0.002
0.007,-0.004
0.007,-0.004
0.009,-0.004
0.007,-0.004
0.007,-0.003
0.008,-0.003
0.008,-0.003
0.007,-0.001
0.009,-0.002
0.009,-0.002
0.008,-0.001
0.010,-0.002
0.010,-0.002
0.009,-0.002
0.010,-0.003
0.009,-0.003
0.009,-0.002
0.011,-0.003
0.010,-0.003
0.010,-0.002
0.012,-0.003
0.010,-0.005
0.010,-0.005
0.012,-0.007
0.011,-0.006
0.011,-0.007
0.013,-0.006
0.012,-0.005
0.012,-0.006
0.015,-0.006
0.013,-0.006
0.014,-0.006
0.017,-0.007
0.015,-0.008
0.017,-0.010
0.018,-0.011
0.017,-0.011
0.018,-0.012
0.019,-0.011
0.017,-0.009
0.020,-0.008
0.020,-0.007
0.017,-0.005
0.020,-0.005
0.020,-0.005
0.019,-0.004
0.021,-0.005
0.022,-0.003
0.021,-0.004
0.022,-0.003
0.023,-0.004
0.021,-0.005
0.023,-0.006
0.022,-0.006
0.021,-0.008
0.023,-0.008
0.022,-0.007
0.021,-0.009
0.023,-0.008
0.023,-0.009
0.021,-0.011
0.023,-0.010
0.022,-0.010
0.021,-0.012
0.022,-0.011
0.020,-0.010
0.020,-0.012
0.022,-0.010
0.021,-0.009
0.022,-0.011
0.025,-0.009
0.024,-0.009
0.024,-0.012
0.027,-0.012
0.025,-0.013
0.025,-0.015
0.027,-0.014
0.024,-0.014
0.024,-0.014
0.026,-0.012
0.023,-0.012
0.023,-0.011
0.024,-0.011
0.023,-0.010
0.025,-0.010
0.027,-0.009
0.028,-0.008
0.028,-0.010
0.030,-0.008
0.030,-0.010
0.031,-0.011
0.031,-0.010
0.031,-0.012
0.032,-0.011
0.032,-0.011
0.032,-0.011
0.032,-0.010
0.032,-0.009
0.032,-0.010
0.032,-0.010
0.033,-0.009
0.032,-0.010
0.035,-0.009
0.035,-0.009
0.035,-0.010
0.036,-0.009
0.036,-0.009
0.036,-0.009
0.036,-0.009
0.037,-0.008
0.037,-0.008
0.037,-0.008
0.039,-0.007
0.038,-0.007
0.039,-0.005
0.041,-0.004
0.040,-0.003
0.041,-0.003
0.043,-0.003
0.042,-0.003
0.041,-0.003
0.043,-0.003
0.041,-0.003
0.041,-0.004
0.042,-0.004
0.041,-0.003
0.042,-0.004
0.043,-0.003
0.043,-0.004
0.043,-0.003
0.044,-0.005
0.043,-0.006
0.043,-0.005
0.044,-0.007
0.042,-0.008
0.041,-0.007
0.040,-0.008
0.040,-0.009
0.040,-0.009
0.040,-0.010
0.041,-0.011
0.042,-0.011
0.041,-0.011
0.042,-0.010
0.043,-0.010
0.043,-0.009
0.043,-0.008
0.044,-0.007
0.045,-0.006
0.044,-0.006
0.045,-0.007
0.045,-0.008
0.044,-0.008
0.045,-0.008
0.045,-0.009
0.044,-0.008
0.045,-0.009
0.046,-0.009
0.045,-0.009
0.046,-0.010
0.047,-0.009
0.046,-0.009
0.047,-0.008
0.047,-0.007
0.047,-0.007
0.048,-0.008
0.047,-0.008
0.047,-0.009
0.049,-0.009
0.049,-0.008
0.049,-0.009
0.050,-0.007
0.050,-0.007
0.049,-0.008
0.050,-0.007
0.050,-0.006
0.051,-0.008
0.052,-0.008
0.052,-0.008
0.053,-0.009
0.054,-0.009
0.052,-0.009
0.054,-0.009
0.055,-0.007
0.053,-0.006
0.054,-0.006
0.055,-0.003
0.055,-0.004
0.055,-0.007
0.055,-0.005
0.055,-0.006
0.056,-0.006
0.057,-0.005
0.056,-0.006
0.057,-0.006
0.057,-0.005
0.056,-0.006
0.058,-0.007
0.056,-0.006
0.055,-0.010
0.056,-0.010
0.054,-0.009
0.055,-0.012
0.056,-0.012
0.054,-0.011
0.055,-0.011
0.056,-0.010
0.054,-0.007
0.055,-0.009
0.055,-0.007
0.054,-0.004
0.056,-0.006
0.057,-0.006
0.056,-0.005
0.059,-0.006
0.060,-0.005
0.059,-0.004
0.060,-0.005
0.061,-0.003
0.061,-0.004
0.062,-0.005
0.061,-0.005
0.062,-0.005
0.062,-0.005
0.062,-0.005
0.062,-0.006
0.064,-0.007
0.064,-0.006
0.064,-0.006
0.065,-0.006
0.065,-0.006
0.067,-0.008
0.067,-0.008
0.068,-0.008
0.070,-0.007
0.072,-0.006
0.071,-0.005
0.072,-0.005
0.073,-0.005
0.073,-0.005
0.075,-0.005
0.074,-0.006
0.075,-0.005
0.077,-0.005
0.078,-0.006
0.078,-0.007
0.079,-0.005
0.081,-0.005
0.081,-0.004
0.083,-0.004
0.083,-0.004
0.084,-0.003
0.086,-0.002
0.087,-0.002
0.087,-0.001
0.088,0.001
0.090,0.001
0.090,0.002
0.091,0.002
0.091,0.002
0.090,0.002
0.093,0.001
0.092,-0.000
0.092,-0.001
0.093,0.000
0.095,0.000
0.095,-0.001
0.097,-0.003
0.098,-0.003
0.096,-0.002
0.099,-0.002
0.097,-0.001
0.097,0.001
0.099,0.000
0.101,0.000
0.101,-0.000
0.101,-0.003
0.102,-0.003
0.102,-0.003
0.103,-0.005
0.102,-0.005
0.103,-0.004
0.104,-0.004
0.104,-0.004
0.103,-0.002
0.102,-0.002
0.105,-0.002
0.104,-0.001
0.104,-0.002
0.105,-0.001
0.106,-0.001
0.106,-0.002
0.107,-0.004
0.107,-0.004
0.108,-0.005
0.110,-0.005
0.108,-0.005
0.109,-0.006
0.109,-0.005
0.109,-0.003
0.110,-0.002
0.109,-0.002
0.108,0.001
0.107,0.000
0.109,-0.000
0.106,0.000
0.107,0.000
0.105,0.001
0.105,0.002
0.105,-0.001
0.104,-0.001
0.104,0.001
0.103,0.001
0.104,0.003
0.101,0.005
0.103,0.006
0.103,0.007
0.102,0.008
0.103,0.007
0.102,0.007
0.102,0.009
0.103,0.007
0.104,0.005
0.101,0.005
0.104,0.004
0.103,0.005
0.101,0.006
0.101,0.004
0.098,0.005
0.101,0.006
0.101,0.003
0.099,0.004
0.099,0.004
0.101,0.004
0.100,0.006
0.099,0.005
0.101,0.006
0.099,0.006
0.100,0.004
0.100,0.003
0.097,0.003
0.098,0.002
0.100,0.002
0.097,0.003
0.098,0.002
0.099,0.004
0.096,0.006
0.098,0.006
0.099,0.007
0.097,0.008
0.098,0.008
0.099,0.007
0.096,0.007
0.097,0.007
0.099,0.008
0.098,0.008
0.099,0.008
0.098,0.009
0.098,0.010
0.099,0.010
0.100,0.008
0.099,0.009
0.100,0.007
0.100,0.008
0.098,0.008
0.101,0.009
0.099,0.009
0.098,0.010
0.101,0.011
0.100,0.012
0.099,0.013
0.101,0.012
0.102,0.013
0.101,0.013
0.103,0.011
0.103,0.011
0.102,0.010
0.105,0.009
0.104,0.008
0.103,0.008
0.105,0.007
0.104,0.007
0.103,0.007
0.106,0.006
0.106,0.006
0.105,0.007
0.108,0.006
0.108,0.006
0.106,0.007
0.109,0.007
0.109,0.008
0.108,0.007
0.110,0.007
0.110,0.008
0.110,0.008
0.112,0.009
0.112,0.010
0.112,0.010
0.113,0.010
0.113,0.010
0.113,0.010
0.114,0.010
0.114,0.011
0.114,0.010
0.116,0.010
0.115,0.010
0.115,0.010
0.117,0.010
0.116,0.010
0.118,0.009
0.118,0.009
0.117,0.009
0.118,0.009
0.119,0.010
0.117,0.010
0.118,0.010
0.119,0.011
0.117,0.011
0.118,0.011
0.119,0.012
0.118,0.012
0.119,0.012
0.121,0.014
0.120,0.014
0.121,0.015
0.122,0.016
0.121,0.015
0.121,0.017
0.122,0.015
0.121,0.014
0.120,0.014
0.121,0.013
0.121,0.013
0.120,0.014
0.120,0.013
0.119,0.012
0.119,0.014
0.119,0.013
0.118,0.012
0.118,0.013
0.119,0.011
0.119,0.011
0.119,0.011
0.120,0.011
0.118,0.011
0.119,0.013
0.119,0.012
0.117,0.013
0.118,0.013
0.119,0.012
0.117,0.014
0.118,0.015
0.117,0.016
0.116,0.018
0.115,0.019
0.115,0.020
0.114,0.020
0.115,0.021
0.115,0.020
0.114,0.020
0.116,0.020
0.114,0.019
0.114,0.018
0.115,0.018
0.115,0.019
0.114,0.019
0.116,0.020
0.115,0.020
0.114,0.020
0.116,0.020
0.115,0.021
0.115,0.021
0.117,0.021
0.116,0.021
0.114,0.021
0.116,0.022
0.114,0.023
0.112,0.024
0.115,0.024
0.113,0.025
0.112,0.025
0.114,0.025
0.112,0.027
0.112,0.027
0.114,0.029
0.112,0.030
0.111,0.031
0.113,0.031
0.110,0.031
0.109,0.030
0.110,0.030
0.108,0.031
0.108,0.030
0.109,0.030
0.108,0.030
0.107,0.031
0.109,0.030
0.106,0.030
0.107,0.029
0.108,0.029
0.107,0.030
0.108,0.030
0.109,0.031
0.108,0.033
0.108,0.033
0.110,0.036
0.108,0.037
0.108,0.038
0.109,0.038
0.107,0.038
0.109,0.037
0.109,0.035
0.107,0.036
0.109,0.035
0.110,0.036
0.109,0.035
0.111,0.035
0.112,0.036
0.110,0.034
0.112,0.034
0.111,0.034
0.110,0.033
0.113,0.034
0.111,0.034
0.112,0.033
0.114,0.034
0.114,0.036
0.114,0.034
0.115,0.035
0.115,0.036
0.116,0.035
0.118,0.036
0.117,0.036
0.119,0.034
0.120,0.035
0.119,0.033
0.120,0.031
0.122,0.032
0.122,0.031
0.123,0.030
0.125,0.031
0.124,0.032
0.126,0.031
0.126,0.032
0.126,0.032
0.127,0.032
0.127,0.034
0.127,0.034
0.127,0.035
0.128,0.037
0.129,0.036
0.130,0.036
0.130,0.036
0.131,0.035
0.133,0.035
0.132,0.036
0.134,0.034
0.134,0.035
0.134,0.034
0.134,0.032
0.135,0.033
0.135,0.033
0.135,0.033
0.136,0.035
0.136,0.037
0.135,0.039
0.135,0.039
0.136,0.040
0.135,0.039
0.135,0.038
0.136,0.038
0.136,0.038
0.136,0.038
0.137,0.038
0.136,0.037
0.137,0.036
0.137,0.036
0.136,0.037
0.135,0.036
0.136,0.038
0.134,0.039
0.135,0.039
0.134,0.039
0.134,0.041
0.134,0.041
0.135,0.043
0.135,0.044
0.135,0.046
0.137,0.048
0.135,0.049
0.134,0.049
0.132,0.047
0.132,0.046
0.131,0.044
0.129,0.043
0.128,0.041
0.127,0.040
0.127,0.041
0.125,0.041
0.125,0.042
0.124,0.043
0.124,0.043
0.124,0.044
0.123,0.046
0.122,0.046
0.121,0.045
0.122,0.045
0.119,0.045
0.120,0.044
0.119,0.044
0.118,0.044
0.118,0.043
0.118,0.044
0.117,0.043
0.117,0.042
0.116,0.044
0.116,0.042
0.116,0.042
0.115,0.043
0.114,0.043
0.115,0.044
0.114,0.044
0.114,0.043
0.114,0.044
0.113,0.046
0.112,0.045
0.112,0.047
0.111,0.049
0.111,0.047
0.110,0.047
0.109,0.047
0.109,0.046
0.109,0.046
0.108,0.047
0.110,0.046
0.109,0.047
0.109,0.047
0.111,0.045
0.110,0.047
0.110,0.045
0.111,0.045
0.110,0.047
0.109,0.047
0.110,0.048
0.107,0.049
0.108,0.047
0.109,0.048
0.108,0.052
0.109,0.051
0.110,0.053
0.108,0.056
0.109,0.055
0.110,0.056
0.107,0.056
0.110,0.054
0.111,0.054
0.109,0.054
0.110,0.052
0.111,0.052
0.110,0.054
0.110,0.052
0.111,0.054
0.109,0.055
0.111,0.056
0.111,0.057
0.109,0.059
0.112,0.059
0.112,0.059
0.111,0.058
0.113,0.057
0.113,0.056
0.112,0.056
0.113,0.056
0.113,0.057
0.112,0.059
0.115,0.059
0.114,0.060
0.114,0.060
0.116,0.059
0.115,0.059
0.115,0.059
0.116,0.059
0.115,0.059
0.114,0.058
0.117,0.059
0.115,0.060
0.115,0.062
0.118,0.063
0.118,0.065
0.117,0.066
0.119,0.065
0.118,0.065
0.117,0.064
0.118,0.062
0.117,0.061
0.115,0.061
0.115,0.058
0.114,0.059
0.114,0.060
0.114,0.061
0.113,0.062
0.113,0.062
0.115,0.064
0.113,0.063
0.114,0.063
0.115,0.063
0.113,0.063
0.114,0.062
0.115,0.063
0.113,0.065
0.113,0.066
0.113,0.068
0.110,0.068
0.111,0.067
0.110,0.067
0.107,0.067
0.108,0.066
0.106,0.067
0.104,0.066
0.104,0.067
0.103,0.067
0.101,0.066
0.101,0.067
0.101,0.067
0.100,0.065
0.102,0.066
0.102,0.065
0.102,0.065
0.102,0.066
0.102,0.066
0.102,0.066
0.102,0.067
0.101,0.066
0.100,0.066
0.101,0.069
0.100,0.068
0.099,0.068
0.099,0.070
0.099,0.069
0.098,0.067
0.099,0.068
0.098,0.068
0.098,0.067
0.097,0.069
0.097,0.070
0.095,0.071
0.095,0.072
0.094,0.073
0.093,0.075
0.094,0.075
0.094,0.075
0.092,0.074
0.092,0.073
0.092,0.072
0.090,0.072
0.091,0.071
0.092,0.070
0.091,0.071
0.091,0.071
0.092,0.073
0.090,0.075
0.091,0.075
0.091,0.076
0.088,0.077
0.090,0.077
0.088,0.076
0.087,0.078
0.088,0.077
0.087,0.077
0.086,0.078
0.087,0.075
0.086,0.075
0.084,0.075
0.086,0.074
0.085,0.074
0.083,0.074
0.085,0.073
0.083,0.074
0.082,0.073
0.083,0.073
0.082,0.074
0.082,0.073
0.083,0.074
0.080,0.075
0.080,0.075
0.082,0.075
0.079,0.075
0.079,0.075
0.082,0.075
0.081,0.075
0.081,0.074
0.083,0.075
0.082,0.075
0.081,0.075
0.083,0.075
0.079,0.075
0.079,0.075
0.082,0.076
0.078,0.078
0.078,0.078
0.079,0.080
0.076,0.080
0.076,0.080
0.079,0.081
0.076,0.082
0.078,0.081
0.080,0.080
0.077,0.080
0.079,0.078
0.080,0.077
0.078,0.078
0.078,0.077
0.079,0.078
0.077,0.080
0.077,0.080
0.078,0.080
0.075,0.081
0.077,0.080
0.078,0.080
0.076,0.081
0.078,0.080
0.079,0.081
0.077,0.081
0.078,0.081
0.078,0.081
0.075,0.078
0.075,0.077
0.075,0.078
0.073,0.077
0.074,0.077
0.073,0.078
0.073,0.079
0.074,0.080
0.074,0.079
0.073,0.078
0.075,0.080
0.075,0.080
0.073,0.080
0.074,0.081
0.073,0.082
0.071,0.081
0.072,0.080
0.071,0.080
0.069,0.078
0.071,0.079
0.070,0.079
0.069,0.079
0.071,0.080
0.071,0.081
0.070,0.082
0.071,0.082
0.072,0.083
0.070,0.082
0.072,0.083
0.071,0.082
0.069,0.081
0.071,0.081
0.069,0.080
0.068,0.079
0.068,0.079
0.068,0.080
0.067,0.080
0.068,0.081
0.068,0.082
0.067,0.081
0.068,0.081
0.066,0.080
0.066,0.078
0.066,0.078
0.065,0.076
0.063,0.075
0.065,0.077
0.063,0.078
0.062,0.078
0.063,0.080
0.062,0.080
0.062,0.080
0.063,0.080
0.062,0.080
0.062,0.080
0.062,0.081
0.061,0.081
0.060,0.080
0.062,0.080
0.060,0.079
0.060,0.078
0.061,0.080
0.058,0.080
0.059,0.081
0.060,0.081
0.058,0.081
0.058,0.081
0.059,0.081
0.057,0.079
0.056,0.079
0.058,0.078
0.056,0.077
0.056,0.076
0.057,0.076
0.057,0.077
0.056,0.077
0.057,0.078
0.055,0.077
0.055,0.079
0.056,0.078
0.055,0.077
0.054,0.078
0.056,0.077
0.054,0.077
0.053,0.078
0.055,0.078
0.054,0.077
0.053,0.078
0.056,0.078
0.054,0.079
0.055,0.080
0.056,0.079
0.054,0.081
0.054,0.082
0.055,0.082
0.052,0.083
0.052,0.083
0.054,0.083
0.051,0.083
0.052,0.081
0.054,0.080
0.052,0.081
0.053,0.080
0.054,0.080
0.051,0.080
0.052,0.080
0.054,0.081
0.052,0.081
0.052,0.080
0.054,0.080
0.051,0.081
0.051,0.080
0.050,0.080
0.049,0.081
0.050,0.080
0.050,0.082
0.049,0.081
0.050,0.082
0.051,0.082
0.049,0.081
0.051,0.080
0.050,0.079
0.049,0.077
0.049,0.075
0.048,0.075
0.047,0.073
0.048,0.074
0.047,0.075
0.047,0.073
0.049,0.074
0.048,0.075
0.049,0.075
0.050,0.077
0.049,0.079
0.049,0.078
0.051,0.080
0.049,0.080
0.049,0.076
0.050,0.077
0.049,0.077
0.049,0.075
0.049,0.078
0.048,0.078
0.048,0.079
0.049,0.081
0.049,0.080
0.049,0.080
0.050,0.080
0.050,0.080
0.050,0.080
0.051,0.080
0.049,0.079
0.050,0.077
0.050,0.078
0.051,0.076
0.051,0.075
0.050,0.076
0.051,0.075
0.051,0.075
0.051,0.075
0.050,0.074
0.051,0.073
0.051,0.073
0.050,0.073
0.051,0.073
0.051,0.076
0.051,0.076
0.050,0.077
0.049,0.077
0.048,0.076
0.048,0.076
0.048,0.074
0.047,0.074
0.046,0.073
0.046,0.075
0.046,0.074
0.047,0.074
0.047,0.075
0.048,0.073
0.048,0.074
0.048,0.073
0.046,0.072
0.045,0.071
0.044,0.072
0.044,0.071
0.043,0.069
0.042,0.069
0.041,0.067
0.042,0.067
0.042,0.068
0.042,0.066
0.042,0.067
0.041,0.068
0.043,0.068
0.042,0.069
0.041,0.068
0.041,0.068
0.040,0.068
0.039,0.068
0.039,0.069
0.039,0.071
0.039,0.071
0.039,0.071
0.038,0.071
0.038,0.071
0.038,0.071
0.037,0.068
0.039,0.068
0.037,0.067
0.037,0.065
0.038,0.064
0.036,0.066
0.037,0.064
0.037,0.065
0.036,0.065
0.036,0.063
0.036,0.065
0.035,0.064
0.035,0.063
0.035,0.064
0.034,0.065
0.035,0.065
0.034,0.065
0.033,0.066
0.034,0.065
0.034,0.066
0.033,0.065
0.033,0.066
0.032,0.068
0.030,0.067
0.032,0.068
0.030,0.070
0.030,0.069
0.030,0.069
0.027,0.070
0.027,0.069
0.026,0.069
0.024,0.070
0.024,0.068
0.025,0.069
0.023,0.069
0.024,0.067
0.023,0.068
0.023,0.069
0.023,0.067
0.023,0.068
0.021,0.067
0.022,0.065
0.020,0.066
0.020,0.063
0.022,0.062
0.018,0.063
0.018,0.062
0.018,0.061
0.014,0.062
0.014,0.062
0.014,0.062
0.011,0.064
0.011,0.063
0.011,0.063
0.007,0.064
0.009,0.061
0.009,0.061
0.006,0.062
0.006,0.058
0.005,0.058
0.003,0.059
0.003,0.055
0.003,0.055
0.001,0.055
0.001,0.054
-0.000,0.054
-0.003,0.052
-0.001,0.052
-0.001,0.052
-0.003,0.053
-0.003,0.052
-0.003,0.055
-0.004,0.056
-0.003,0.056
-0.005,0.057
-0.006,0.056
-0.005,0.058
-0.009,0.057
-0.010,0.057
-0.008,0.057
-0.009,0.058
-0.010,0.057
-0.008,0.057
-0.010,0.059
-0.010,0.058
-0.009,0.058
-0.010,0.058
-0.010,0.057
-0.010,0.058
-0.011,0.058
-0.011,0.059
-0.011,0.058
-0.013,0.058
-0.012,0.059
-0.013,0.059
-0.014,0.061
-0.015,0.061
-0.015,0.060
-0.013,0.058
-0.013,0.059
-0.013,0.060
-0.015,0.060
-0.014,0.061
-0.013,0.061
-0.013,0.058
-0.012,0.059
-0.011,0.059
-0.010,0.058
-0.011,0.058
-0.011,0.056
-0.012,0.056
-0.010,0.056
-0.010,0.055
-0.012,0.054
-0.010,0.056
-0.010,0.056
-0.010,0.055
-0.009,0.056
-0.009,0.056
-0.010,0.057
-0.010,0.056
-0.009,0.056
-0.010,0.057
-0.009,0.057
-0.008,0.057
-0.008,0.056
-0.009,0.058
-0.008,0.058
-0.009,0.058
-0.007,0.057
-0.007,0.056
-0.010,0.057
-0.009,0.058
-0.009,0.058
-0.010,0.058
-0.010,0.058
-0.009,0.057
-0.009,0.056
-0.009,0.057
-0.008,0.056
-0.009,0.056
-0.007,0.055
-0.007,0.056
-0.008,0.058
-0.007,0.058
-0.007,0.059
-0.007,0.060
-0.008,0.060
-0.007,0.058
-0.007,0.060
-0.006,0.059
-0.006,0.058
-0.008,0.056
-0.007,0.056
-0.006,0.056
-0.008,0.056
-0.009,0.056
-0.009,0.056
-0.010,0.057
-0.009,0.055
-0.008,0.052
-0.009,0.052
-0.007,0.052
-0.008,0.052
-0.009,0.054
-0.007,0.056
-0.005,0.056
-0.006,0.058
-0.005,0.057
-0.007,0.057
-0.007,0.058
-0.006,0.055
-0.007,0.055
-0.008,0.056
-0.009,0.054
-0.009,0.055
-0.012,0.055
-0.011,0.054
-0.012,0.053
-0.013,0.055
-0.012,0.052
-0.013,0.051
-0.014,0.050
-0.013,0.047
-0.013,0.047
-0.015,0.049
-0.014,0.048
-0.015,0.049
-0.017,0.050
-0.015,0.049
-0.017,0.049
-0.018,0.048
-0.017,0.046
-0.019,0.045
-0.021,0.044
-0.020,0.042
-0.022,0.041
-0.023,0.040
-0.020,0.038
-0.023,0.038
-0.023,0.037
-0.021,0.038
-0.024,0.040
-0.024,0.039
-0.024,0.039
-0.026,0.040
-0.026,0.038
-0.026,0.039
-0.029,0.039
-0.027,0.039
-0.027,0.041
-0.030,0.042
-0.028,0.040
-0.028,0.041
-0.030,0.041
-0.028,0.040
-0.027,0.041
-0.028,0.042
-0.026,0.042
-0.026,0.041
-0.028,0.041
-0.026,0.040
-0.027,0.041
-0.028,0.041
-0.027,0.041
-0.028,0.043
-0.029,0.043
-0.027,0.044
-0.027,0.044
-0.028,0.044
-0.026,0.045
-0.027,0.045
-0.027,0.046
-0.026,0.045
-0.026,0.046
-0.027,0.046
-0.026,0.047
-0.026,0.047
-0.026,0.047
-0.024,0.047
-0.025,0.047
-0.025,0.046
-0.024,0.045
-0.025,0.044
-0.026,0.043
-0.024,0.042
-0.024,0.042
-0.024,0.041
-0.021,0.043
-0.022,0.043
-0.022,0.042
-0.021,0.041
-0.022,0.041
-0.023,0.040
-0.022,0.039
-0.023,0.040
-0.024,0.040
-0.023,0.042
-0.024,0.043
-0.024,0.044
-0.023,0.045
-0.024,0.046
-0.023,0.047
-0.021,0.045
-0.022,0.042
-0.022,0.039
-0.020,0.038
-0.022,0.036
-0.023,0.035
-0.021,0.036
-0.023,0.036
-0.022,0.035
-0.022,0.036
-0.023,0.036
-0.024,0.036
-0.022,0.038
-0.024,0.039
-0.024,0.039
-0.022,0.040
-0.024,0.039
-0.024,0.040
-0.023,0.039
-0.025,0.038
-0.024,0.037
-0.024,0.036
-0.024,0.034
-0.024,0.035
-0.023,0.033
-0.023,0.032
-0.022,0.034
-0.021,0.032
-0.021,0.033
-0.021,0.033
-0.021,0.032
-0.020,0.031
-0.021,0.032
-0.020,0.030
-0.020,0.031
-0.021,0.032
-0.020,0.032
-0.022,0.031
-0.022,0.032
-0.021,0.031
-0.022,0.031
-0.022,0.030
-0.021,0.029
-0.021,0.029
-0.021,0.031
-0.019,0.032
-0.020,0.034
-0.020,0.035
-0.019,0.036
-0.021,0.037
-0.021,0.037
-0.020,0.036
-0.023,0.034
-0.022,0.032
-0.021,0.030
-0.023,0.030
-0.022,0.030
-0.021,0.029
-0.024,0.031
-0.022,0.031
-0.022,0.032
-0.024,0.033
-0.023,0.033
-0.023,0.033
-0.025,0.032
-0.023,0.032
-0.025,0.031
-0.026,0.030
-0.025,0.030
-0.027,0.030
-0.029,0.029
-0.027,0.030
-0.029,0.031
-0.030,0.030
-0.028,0.032
-0.030,0.033
-0.031,0.033
-0.029,0.034
-0.030,0.032
-0.031,0.030
-0.031,0.028
-0.032,0.029
-0.033,0.027
-0.032,0.027
-0.035,0.027
-0.036,0.027
-0.035,0.029
-0.037,0.029
-0.039,0.029
-0.037,0.028
-0.039,0.028
-0.040,0.025
-0.039,0.024
-0.040,0.024
-0.040,0.024
-0.039,0.023
-0.040,0.024
-0.041,0.023
-0.040,0.023
-0.043,0.022
-0.043,0.020
-0.042,0.021
-0.044,0.021
-0.044,0.021
-0.043,0.023
-0.044,0.024
-0.044,0.023
-0.043,0.024
-0.045,0.024
-0.044,0.022
-0.043,0.023
-0.045,0.022
-0.044,0.019
-0.043,0.020
-0.045,0.019
-0.043,0.019
-0.043,0.021
-0.044,0.021
-0.042,0.021
-0.043,0.023
-0.043,0.023
-0.041,0.023
-0.042,0.025
-0.043,0.023
-0.042,0.024
-0.042,0.027
-0.042,0.025
-0.042,0.027
-0.042,0.029
-0.041,0.028
-0.040,0.029
-0.041,0.031
-0.040,0.029
-0.038,0.030
-0.039,0.029
-0.037,0.027
-0.036,0.030
-0.037,0.030
-0.036,0.030
-0.036,0.032
-0.036,0.032
-0.034,0.030
-0.034,0.030
-0.033,0.029
-0.033,0.027
-0.032,0.027
-0.031,0.026
-0.031,0.024
-0.030,0.025
-0.029,0.023
-0.028,0.023
-0.027,0.022
-0.026,0.022
-0.025,0.021
-0.025,0.021
-0.023,0.022
-0.023,0.022
-0.023,0.021
-0.022,0.021
-0.021,0.020
-0.021,0.019
-0.020,0.019
-0.019,0.020
-0.019,0.021
-0.017,0.022
-0.017,0.023
-0.017,0.023
-0.015,0.022
-0.016,0.022
-0.016,0.020
-0.016,0.021
-0.016,0.021
-0.017,0.021
-0.016,0.021
-0.017,0.020
-0.016,0.019
-0.015,0.019
-0.015,0.018
-0.015,0.017
-0.014,0.018
-0.014,0.017
-0.014,0.016
-0.014,0.018
-0.014,0.017
-0.014,0.017
-0.014,0.018
-0.015,0.018
-0.014,0.017
-0.015,0.017
-0.016,0.015
-0.015,0.014
-0.016,0.015
-0.016,0.013
-0.016,0.013
-0.016,0.013
-0.016,0.011
-0.016,0.012
-0.016,0.013
-0.015,0.013
-0.016,0.013
-0.016,0.014
-0.015,0.014
-0.016,0.015
-0.016,0.016
-0.014,0.014
-0.015,0.015
-0.015,0.013
-0.014,0.011
-0.017,0.011
-0.017,0.010
-0.016,0.011
-0.019,0.012
-0.018,0.011
-0.018,0.011
-0.021,0.013
-0.020,0.011
-0.019,0.010
-0.022,0.010
-0.022,0.008
-0.022,0.008
-0.024,0.008
-0.025,0.007
-0.026,0.007
-0.028,0.008
-0.028,0.006
-0.029,0.005
-0.031,0.004
-0.032,0.002
-0.032,0.001
-0.033,0.002
-0.032,0.002
-0.033,0.003
-0.036,0.005
-0.033,0.004
-0.034,0.005
-0.036,0.006
-0.034,0.005
-0.034,0.005
-0.036,0.005
-0.035,0.004
-0.035,0.002
-0.037,0.002
-0.035,-0.000
-0.036,-0.000
-0.038,0.000
-0.035,-0.002
-0.036,0.000
-0.038,0.001
-0.036,0.001
-0.036,0.003
-0.037,0.004
-0.034,0.004
-0.035,0.005
-0.036,0.006
-0.034,0.006
-0.036,0.007
-0.038,0.007
-0.035,0.006
-0.037,0.005
-0.038,0.003
-0.036,0.003
-0.038,0.003
-0.037,0.001
-0.035,0.002
-0.037,0.004
-0.035,0.003
-0.034,0.004
-0.036,0.005
-0.034,0.002
-0.032,0.003
-0.035,0.001
-0.033,0.000
-0.031,0.001
-0.033,0.001
-0.030,0.001
-0.029,0.003
-0.031,0.004
-0.029,0.007
-0.028,0.008
-0.029,0.009
-0.027,0.008
-0.026,0.008
-0.028,0.007
-0.026,0.007
-0.025,0.007
-0.026,0.007
-0.024,0.007
-0.023,0.007
-0.024,0.006
-0.023,0.005
-0.021,0.003
-0.022,0.002
-0.019,0.002
-0.018,0.001
-0.019,0.000
-0.017,0.001
-0.017,0.002
-0.016,0.003
-0.016,0.005
-0.016,0.005
-0.016,0.003
-0.014,0.004
-0.014,0.003
-0.014,0.002
-0.013,0.002
-0.013,0.001
-0.013,-0.001
-0.012,0.000
-0.012,-0.000
-0.013,-0.000
-0.011,0.001
-0.011,0.001
-0.011,0.001
-0.010,0.001
-0.010,0.001
-0.010,0.001
-0.009,0.003
-0.008,0.004
-0.009,0.004
-0.008,0.006
-0.005,0.004
-0.006,0.004
-0.005,0.002
-0.004,0.001
-0.005,0.001
-0.003,0.001
-0.003,0.001
-0.004,0.001
-0.003,0.000
-0.002,-0.000
-0.003,-0.001
-0.002,-0.002
0.000,-0.003
-0.001,-0.003
0.002,-0.003
0.001,-0.003
0.000,-0.003
0.002,-0.003
0.002,-0.002
0.000,-0.002
0.004,-0.002
0.002,-0.003
0.002,-0.005
0.004,-0.006
0.003,-0.007
0.003,-0.008
0.006,-0.008
0.004,-0.007
0.004,-0.007
0.006,-0.005
0.004,-0.004
0.003,-0.005
0.006,-0.005
0.003,-0.005
0.002,-0.007
0.003,-0.009
0.003,-0.009
0.002,-0.010
0.004,-0.009
0.002,-0.008
0.003,-0.007
0.005,-0.006
0.004,-0.005
0.003,-0.005
0.006,-0.005
0.005,-0.003
0.004,-0.002
0.006,-0.003
0.004,-0.003
0.004,-0.003
0.006,-0.005
0.004,-0.006
0.005,-0.006
0.008,-0.006
0.006,-0.006
0.007,-0.007
0.008,-0.008
0.007,-0.008
0.006,-0.009
0.008,-0.008
0.006,-0.008
0.007,-0.008
0.009,-0.008
0.007,-0.007
0.008,-0.008
0.009,-0.007
0.007,-0.008
0.008,-0.009
0.010,-0.009
0.008,-0.009
0.010,-0.009
0.011,-0.009
0.010,-0.009
0.012,-0.009
0.012,-0.010
0.011,-0.010
0.013,-0.009
0.012,-0.008
0.011,-0.009
0.011,-0.008
0.011,-0.008
0.011,-0.010
0.013,-0.010
0.012,-0.010
0.013,-0.011
0.016,-0.011
0.014,-0.009
0.014,-0.011
0.016,-0.009
0.015,-0.008
0.016,-0.009
0.018,-0.007
0.017,-0.006
0.017,-0.007
0.019,-0.008
0.017,-0.006
0.016,-0.009
0.017,-0.009
0.015,-0.010
0.015,-0.012
0.017,-0.010
0.015,-0.010
0.016,-0.010
0.018,-0.009
0.017,-0.010
0.018,-0.011
0.019,-0.012
0.019,-0.012
0.019,-0.013
0.022,-0.012
0.021,-0.013
0.021,-0.013
0.023,-0.014
0.021,-0.014
0.022,-0.016
0.023,-0.015
0.023,-0.016
0.023,-0.017
0.024,-0.016
0.024,-0.016
0.024,-0.015
0.025,-0.013
0.023,-0.014
0.024,-0.014
0.024,-0.013
0.023,-0.014
0.023,-0.015
0.024,-0.014
0.024,-0.015
0.026,-0.016
0.027,-0.015
0.026,-0.015
0.028,-0.014
0.028,-0.013
0.028,-0.012
0.029,-0.011
0.029,-0.010
0.029,-0.011
0.029,-0.010
0.032,-0.009
0.031,-0.010
0.032,-0.010
0.034,-0.011
0.032,-0.011
0.033,-0.012
0.032,-0.010
0.033,-0.010
0.033,-0.009
0.033,-0.008
0.033,-0.009
0.033,-0.007
0.033,-0.007
0.033,-0.008
0.034,-0.008
0.035,-0.007
0.036,-0.008
0.037,-0.007
0.036,-0.007
0.037,-0.008
0.036,-0.005
0.037,-0.006
0.037,-0.006
0.037,-0.004
0.036,-0.005
0.037,-0.006
0.037,-0.007
0.036,-0.008
0.038,-0.009
0.038,-0.009
0.039,-0.010
0.038,-0.010
0.039,-0.010
0.039,-0.011
0.039,-0.010
0.039,-0.010
0.040,-0.008
0.039,-0.009
0.039,-0.009
0.040,-0.008
0.040,-0.009
0.040,-0.009
0.041,-0.010
0.041,-0.008
0.041,-0.009
0.041,-0.008
0.040,-0.008
0.040,-0.009
0.041,-0.009
0.039,-0.011
0.041,-0.012
0.040,-0.011
0.039,-0.012
0.040,-0.012
0.040,-0.011
0.040,-0.011
0.041,-0.010
0.042,-0.010
0.042,-0.010
0.043,-0.011
0.044,-0.011
0.043,-0.012
0.045,-0.010
0.044,-0.008
0.044,-0.008
0.045,-0.007
0.044,-0.007
0.045,-0.009
0.045,-0.010
0.045,-0.011
0.045,-0.013
0.046,-0.013
0.045,-0.013
0.045,-0.014
0.046,-0.013
0.045,-0.011
0.047,-0.011
0.047,-0.009
0.047,-0.008
0.047,-0.008
0.048,-0.006
0.047,-0.007
0.048,-0.006
0.047,-0.006
0.047,-0.007
0.048,-0.007
0.046,-0.006
0.047,-0.008
0.049,-0.009
0.049,-0.007
0.049,-0.009
0.050,-0.008
0.049,-0.007
0.051,-0.008
0.052,-0.007
0.050,-0.007
0.051,-0.008
0.052,-0.007
0.051,-0.005
0.052,-0.008
0.053,-0.008
0.052,-0.007
0.053,-0.010
0.055,-0.009
0.053,-0.008
0.055,-0.008
0.056,-0.007
0.055,-0.007
0.056,-0.007
0.057,-0.007
0.057,-0.006
0.058,-0.007
0.057,-0.007
0.058,-0.007
0.058,-0.008
0.058,-0.008
0.057,-0.008
0.059,-0.008
0.058,-0.008
0.058,-0.009
0.059,-0.010
0.059,-0.009
0.060,-0.008
0.062,-0.008
0.062,-0.008
0.061,-0.007
0.063,-0.006
0.063,-0.006
0.063,-0.004
0.063,-0.005
0.062,-0.005
0.062,-0.005
0.063,-0.006
0.063,-0.006
0.064,-0.008
0.066,-0.007
0.065,-0.005
0.068,-0.004
0.069,-0.003
0.068,-0.002
0.070,-0.001
0.070,-0.000
0.069,-0.002
0.070,-0.003
0.071,-0.002
0.071,-0.003
0.073,-0.005
0.073,-0.005
0.072,-0.004
0.075,-0.003
0.075,-0.004
0.074,-0.002
0.076,-0.002
0.076,-0.000
0.075,-0.001
0.076,-0.001
0.076,-0.002
0.076,-0.003
0.079,-0.002
0.078,-0.002
0.078,-0.001
0.078,-0.002
0.080,-0.001
0.081,-0.000
0.082,0.001
0.083,0.001
0.083,0.001
0.085,0.003
0.086,-0.000
0.085,-0.001
0.087,-0.002
0.087,-0.003
0.086,-0.003
0.088,-0.003
0.088,-0.003
0.089,-0.003
0.090,-0.002
0.091,-0.003
0.089,-0.001
0.092,-0.000
0.093,-0.001
0.093,0.001
0.095,0.002
0.095,0.002
0.094,0.004
0.096,0.003
0.098,0.001
0.096,0.001
0.100,-0.002
0.100,-0.002
0.099,-0.000
0.101,-0.001
0.101,-0.000
0.101,0.000
0.103,-0.001
0.103,-0.001
0.101,-0.002
0.104,-0.003
0.104,-0.003
0.103,-0.002
0.105,-0.002
0.105,-0.001
0.105,0.000
0.107,-0.001
0.106,0.000
0.106,-0.000
0.110,0.001
0.108,0.001
0.107,-0.001
0.110,-0.001
0.107,-0.001
0.108,-0.003
0.111,-0.006
0.107,-0.005
0.107,-0.004
0.108,-0.004
0.106,-0.004
0.106,-0.006
0.110,-0.006
0.107,-0.006
0.107,-0.007
0.107,-0.007
0.104,-0.004
0.105,-0.005
0.107,-0.005
0.104,-0.005
0.105,-0.005
0.108,-0.004
0.105,-0.004
0.105,-0.004
0.105,-0.004
0.104,-0.002
0.102,-0.002
0.102,-0.001
0.100,0.000
0.099,0.001
0.101,0.000
0.099,-0.001
0.099,-0.000
0.098,-0.000
0.097,0.000
0.099,0.001
0.099,-0.000
0.098,0.000
0.100,-0.000
0.101,0.000
0.098,0.000
0.099,-0.001
0.100,-0.000
0.098,0.001
0.100,0.001
0.099,0.000
0.096,0.002
0.097,0.001
0.096,0.002
0.095,0.001
0.095,0.002
0.096,0.003
0.094,0.003
0.097,0.003
0.096,0.004
0.095,0.005
0.097,0.006
0.097,0.006
0.095,0.005
0.097,0.006
0.097,0.006
0.096,0.004
0.098,0.004
0.096,0.006
0.095,0.008
0.098,0.009
0.095,0.008
0.095,0.006
0.098,0.007
0.097,0.004
0.097,0.002
0.098,0.004
0.098,0.004
0.099,0.003
0.101,0.006
0.098,0.007
0.100,0.007
0.101,0.009
0.100,0.010
0.101,0.007
0.101,0.010
0.102,0.009
0.102,0.008
0.105,0.010
0.104,0.008
0.105,0.008
0.107,0.009
0.106,0.009
0.105,0.010
0.106,0.012
0.107,0.014
0.107,0.016
0.109,0.016
0.109,0.014
0.109,0.015
0.110,0.014
0.110,0.012
0.110,0.011
0.111,0.011
0.112,0.010
0.111,0.010
0.112,0.010
0.112,0.009
0.111,0.011
0.113,0.011
0.113,0.011
0.112,0.013
0.114,0.013
0.114,0.014
0.115,0.013
0.117,0.014
0.117,0.013
0.118,0.013
0.120,0.012
0.118,0.012
0.119,0.013
0.121,0.012
0.120,0.013
0.119,0.012
0.121,0.012
0.119,0.013
0.118,0.011
0.121,0.012
0.118,0.013
0.120,0.013
0.121,0.013
0.119,0.014
0.121,0.014
0.121,0.014
0.120,0.013
0.120,0.013
0.121,0.013
0.120,0.013
0.120,0.013
0.120,0.012
0.119,0.013
0.119,0.012
0.119,0.013
0.118,0.012
0.119,0.013
0.119,0.014
0.117,0.013
0.118,0.016
0.118,0.017
0.116,0.017
0.117,0.019
0.117,0.021
0.117,0.020
0.117,0.021
0.117,0.021
0.117,0.019
0.117,0.018
0.117,0.018
0.116,0.016
0.117,0.016
0.116,0.017
0.116,0.016
0.117,0.016
0.117,0.018
0.116,0.017
0.116,0.018
0.116,0.018
0.115,0.018
0.116,0.018
0.115,0.018
0.114,0.018
0.116,0.018
0.115,0.019
0.115,0.018
0.115,0.019
0.116,0.020
0.115,0.019
0.116,0.020
0.114,0.020
0.114,0.020
0.114,0.020
0.114,0.020
0.114,0.020
0.115,0.022
0.115,0.022
0.115,0.021
0.116,0.022
0.115,0.023
0.115,0.022
0.116,0.022
0.115,0.022
0.116,0.020
0.116,0.020
0.115,0.021
0.115,0.019
0.115,0.021
0.114,0.022
0.115,0.021
0.114,0.023
0.113,0.023
0.115,0.023
0.113,0.023
0.112,0.022
0.112,0.023
0.112,0.024
0.111,0.024
0.111,0.026
0.110,0.030
0.109,0.029
0.111,0.029
0.108,0.031
0.110,0.029
0.111,0.029
0.108,0.030
0.110,0.028
0.110,0.028
0.109,0.030
0.109,0.028
0.110,0.028
0.109,0.028
0.109,0.026
0.110,0.026
0.108,0.026
0.110,0.024
0.111,0.025
0.111,0.026
0.111,0.025
0.112,0.025
0.111,0.026
0.111,0.026
0.111,0.027
0.112,0.029
0.114,0.030
0.114,0.032
0.115,0.032
0.116,0.032
0.117,0.033
0.117,0.032
0.117,0.033
0.118,0.034
0.118,0.034
0.119,0.034
0.117,0.034
0.118,0.036
0.119,0.036
0.118,0.036
0.120,0.037
0.121,0.037
0.121,0.038
0.122,0.038
0.123,0.040
0.124,0.040
0.125,0.040
0.126,0.040
0.126,0.040
0.127,0.039
0.128,0.038
0.128,0.037
0.128,0.036
0.130,0.035
0.130,0.034
0.131,0.036
0.132,0.037
0.131,0.037
0.132,0.040
0.133,0.040
0.133,0.041
0.134,0.041
0.134,0.041
0.134,0.041
0.135,0.040
0.136,0.041
0.135,0.041
0.138,0.041
0.137,0.042
0.136,0.042
0.137,0.041
0.138,0.042
0.136,0.041
0.138,0.039
0.138,0.038
0.136,0.038
0.139,0.038
0.140,0.039
0.138,0.040
0.139,0.039
0.139,0.041
0.138,0.042
0.138,0.043
0.138,0.043
0.136,0.044
0.136,0.044
0.135,0.043
0.134,0.042
0.134,0.042
0.134,0.040
0.134,0.039
0.134,0.038
0.135,0.037
0.134,0.037
0.134,0.038
0.134,0.038
0.133,0.040
0.133,0.041
0.132,0.040
0.131,0.041
0.130,0.040
0.130,0.039
0.128,0.039
0.128,0.039
0.128,0.038
0.126,0.039
0.126,0.038
0.126,0.038
0.125,0.040
0.125,0.039
0.125,0.038
0.122,0.040
0.123,0.038
0.123,0.037
0.121,0.039
0.123,0.038
0.122,0.039
0.121,0.040
0.120,0.038
0.119,0.039
0.117,0.041
0.118,0.041
0.118,0.043
0.116,0.045
0.117,0.045
0.116,0.045
0.113,0.045
0.114,0.044
0.113,0.044
0.111,0.044
0.112,0.043
0.111,0.045
0.110,0.046
0.112,0.046
0.110,0.048
0.110,0.049
0.112,0.049
0.109,0.051
0.109,0.051
0.111,0.051
0.109,0.053
0.110,0.051
0.112,0.050
0.110,0.050
0.110,0.048
0.112,0.046
0.108,0.046
0.110,0.045
0.111,0.045
0.109,0.046
0.110,0.046
0.111,0.047
0.109,0.048
0.109,0.048
0.111,0.048
0.109,0.047
0.110,0.048
0.110,0.048
0.108,0.049
0.110,0.051
0.109,0.052
0.108,0.053
0.109,0.054
0.110,0.056
0.108,0.057
0.110,0.058
0.110,0.058
0.108,0.059
0.110,0.059
0.110,0.059
0.111,0.059
0.113,0.060
0.114,0.061
0.113,0.061
0.114,0.061
0.115,0.061
0.114,0.060
0.116,0.059
0.115,0.058
0.114,0.057
0.117,0.056
0.116,0.056
0.115,0.057
0.117,0.059
0.116,0.060
0.115,0.061
0.117,0.062
0.117,0.062
0.117,0.061
0.119,0.060
0.117,0.061
0.118,0.060
0.120,0.061
0.118,0.061
0.118,0.059
0.119,0.060
0.117,0.059
0.117,0.057
0.117,0.058
0.114,0.056
0.115,0.055
0.116,0.057
0.113,0.058
0.114,0.058
0.114,0.060
0.112,0.061
0.113,0.062
0.114,0.063
0.113,0.064
0.113,0.064
0.114,0.064
0.113,0.065
0.113,0.065
0.113,0.065
0.112,0.065
0.111,0.065
0.112,0.065
0.111,0.064
0.111,0.066
0.112,0.065
0.111,0.066
0.110,0.067
0.110,0.067
0.110,0.068
0.108,0.068
0.109,0.067
0.107,0.066
0.107,0.065
0.108,0.064
0.108,0.066
0.107,0.067
0.108,0.067
0.106,0.069
0.107,0.070
0.108,0.070
0.106,0.069
0.105,0.069
0.107,0.068
0.105,0.068
0.104,0.067
0.105,0.068
0.102,0.069
0.103,0.070
0.103,0.070
0.101,0.072
0.101,0.072
0.102,0.072
0.099,0.072
0.099,0.072
0.101,0.069
0.097,0.069
0.097,0.068
0.099,0.068
0.096,0.068
0.097,0.067
0.097,0.066
0.095,0.066
0.095,0.067
0.095,0.067
0.093,0.068
0.094,0.068
0.092,0.069
0.091,0.069
0.092,0.069
0.091,0.071
0.091,0.070
0.091,0.071
0.090,0.074
0.089,0.074
0.092,0.075
0.089,0.076
0.088,0.075
0.089,0.075
0.088,0.075
0.087,0.073
0.088,0.073
0.087,0.073
0.086,0.070
0.088,0.071
0.085,0.071
0.085,0.070
0.085,0.071
0.084,0.072
0.084,0.072
0.085,0.073
0.083,0.073
0.082,0.072
0.084,0.072
0.082,0.071
0.081,0.070
0.082,0.070
0.081,0.070
0.080,0.070
0.080,0.071
0.080,0.071
0.080,0.071
0.081,0.072
0.080,0.071
0.079,0.071
0.081,0.071
0.079,0.071
0.079,0.071
0.079,0.072
0.078,0.071
0.078,0.072
0.077,0.073
0.077,0.072
0.078,0.071
0.078,0.073
0.076,0.071
0.077,0.071
0.078,0.072
0.077,0.071
0.078,0.071
0.078,0.073
0.078,0.074
0.077,0.073
0.077,0.076
0.076,0.076
0.077,0.077
0.076,0.076
0.075,0.075
0.075,0.074
0.076,0.075
0.076,0.075
0.076,0.074
0.077,0.075
0.075,0.075
0.075,0.076
0.074,0.078
0.073,0.078
0.074,0.079
0.073,0.079
0.074,0.078
0.074,0.079
0.073,0.080
0.073,0.079
0.073,0.080
0.074,0.079
0.074,0.078
0.075,0.080
0.074,0.079
0.075,0.078
0.075,0.078
0.074,0.076
0.075,0.076
0.074,0.077
0.074,0.077
0.074,0.078
0.074,0.079
0.073,0.078
0.074,0.079
0.073,0.079
0.074,0.081
0.073,0.080
0.073,0.080
0.073,0.079
0.072,0.078
0.072,0.077
0.072,0.076
0.071,0.077
0.070,0.077
0.070,0.077
0.068,0.076
0.068,0.075
0.070,0.075
0.070,0.075
0.069,0.075
0.069,0.075
0.068,0.076
0.069,0.075
0.069,0.074
0.068,0.073
0.069,0.072
0.069,0.072
0.068,0.071
0.068,0.072
0.068,0.072
0.067,0.073
0.068,0.074
0.067,0.075
0.067,0.075
0.067,0.074
0.067,0.075
0.066,0.072
0.067,0.072
0.066,0.072
0.066,0.071
0.067,0.072
0.066,0.072
0.066,0.071
0.067,0.072
0.066,0.074
0.065,0.074
0.067,0.076
0.065,0.077
0.065,0.076
0.066,0.078
0.064,0.077
0.063,0.075
0.063,0.075
0.062,0.075
0.063,0.072
0.062,0.074
0.062,0.073
0.062,0.074
0.063,0.077
0.062,0.076
0.063,0.076
0.062,0.078
0.062,0.077
0.062,0.076
0.061,0.078
0.061,0.077
0.061,0.076
0.061,0.077
0.060,0.075
0.061,0.075
0.059,0.076
0.060,0.075
0.061,0.076
0.060,0.077
0.060,0.077
0.060,0.076
0.059,0.078
0.059,0.076
0.059,0.076
0.058,0.077
0.058,0.076
0.058,0.076
0.057,0.076
0.056,0.075
0.057,0.075
0.056,0.075
0.057,0.073
0.056,0.073
0.056,0.074
0.056,0.073
0.056,0.074
0.056,0.074
0.056,0.074
0.055,0.075
0.054,0.076
0.054,0.076
0.053,0.076
0.052,0.076
0.051,0.076
0.050,0.076
0.050,0.075
0.049,0.075
0.050,0.074
0.050,0.074
0.051,0.075
0.051,0.077
0.051,0.078
0.052,0.077
0.051,0.080
0.051,0.080
0.051,0.078
0.051,0.077
0.050,0.076
0.052,0.074
0.051,0.073
0.051,0.073
0.052,0.072
0.052,0.074
0.052,0.073
0.052,0.073
0.052,0.074
0.052,0.073
0.053,0.072
0.051,0.071
0.052,0.070
0.052,0.069
0.050,0.069
0.051,0.067
0.051,0.067
0.050,0.069
0.051,0.068
0.051,0.069
0.049,0.072
0.051,0.072
0.051,0.073
0.049,0.074
0.050,0.072
0.049,0.073
0.047,0.071
0.048,0.069
0.048,0.070
0.047,0.070
0.049,0.069
0.049,0.071
0.046,0.071
0.049,0.070
0.049,0.071
0.047,0.072
0.049,0.071
0.048,0.072
0.047,0.072
0.047,0.071
0.047,0.072
0.046,0.071
0.048,0.071
0.047,0.071
0.046,0.070
0.047,0.068
0.046,0.066
0.045,0.064
0.046,0.061
0.044,0.059
0.044,0.058
0.044,0.058
0.043,0.059
0.042,0.060
0.041,0.060
0.041,0.061
0.041,0.060
0.040,0.061
0.040,0.059
0.039,0.059
0.039,0.061
0.039,0.060
0.039,0.060
0.039,0.060
0.037,0.060
0.039,0.061
0.038,0.061
0.037,0.059
0.038,0.058
0.038,0.058
0.038,0.056
0.038,0.056
0.038,0.056
0.038,0.055
0.038,0.057
0.038,0.055
0.038,0.055
0.037,0.057
0.037,0.056
0.038,0.056
0.037,0.057
0.037,0.056
0.038,0.054
0.038,0.057
0.038,0.056
0.038,0.057
0.037,0.059
0.038,0.058
0.039,0.059
0.037,0.059
0.037,0.058
0.036,0.057
0.035,0.060
0.035,0.059
0.034,0.059
0.033,0.061
0.034,0.059
0.032,0.060
0.031,0.058
0.031,0.057
0.029,0.057
0.030,0.056
0.030,0.054
0.027,0.054
0.028,0.054
0.029,0.053
0.027,0.054
0.025,0.053
0.026,0.054
0.024,0.056
0.023,0.055
0.023,0.054
0.022,0.055
0.022,0.055
0.022,0.055
0.020,0.058
0.021,0.059
0.021,0.060
0.019,0.060
0.018,0.058
0.018,0.056
0.015,0.055
0.015,0.054
0.016,0.052
0.013,0.052
0.013,0.051
0.013,0.052
0.010,0.053
0.011,0.054
0.011,0.055
0.010,0.057
0.010,0.058
0.010,0.058
0.004,0.060
0.007,0.058
0.004,0.057
0.003,0.055
0.005,0.053
0.002,0.054
0.001,0.054
0.002,0.052
0.002,0.053
-0.002,0.054
0.001,0.054
0.001,0.056
-0.004,0.056
-0.002,0.056
-0.005,0.059
-0.005,0.058
-0.004,0.060
-0.006,0.061
-0.008,0.062
-0.006,0.062
-0.008,0.062
-0.010,0.061
-0.007,0.061
-0.009,0.062
-0.010,0.060
-0.008,0.062
-0.011,0.061
-0.011,0.059
-0.008,0.061
-0.010,0.061
-0.010,0.060
-0.010,0.061
-0.013,0.060
-0.012,0.058
-0.011,0.058
-0.013,0.057
-0.013,0.058
-0.013,0.059
-0.014,0.059
-0.013,0.059
-0.012,0.060
-0.014,0.060
-0.013,0.059
-0.014,0.060
-0.016,0.059
-0.016,0.057
-0.015,0.057
-0.015,0.056
-0.018,0.056
-0.016,0.057
-0.018,0.054
-0.018,0.053
-0.018,0.052
-0.017,0.051
-0.018,0.052
-0.018,0.050
-0.018,0.049
-0.018,0.050
-0.015,0.047
-0.015,0.047
-0.015,0.049
-0.013,0.049
-0.014,0.049
-0.013,0.050
-0.013,0.049
-0.012,0.049
-0.012,0.048
-0.011,0.047
-0.011,0.047
-0.012,0.046
-0.008,0.047
-0.009,0.050
-0.009,0.050
-0.007,0.052
-0.008,0.054
-0.008,0.054
-0.006,0.054
-0.009,0.055
-0.008,0.054
-0.006,0.054
-0.010,0.055
-0.008,0.054
-0.006,0.052
-0.008,0.052
-0.007,0.050
-0.005,0.049
-0.008,0.049
-0.006,0.048
-0.005,0.048
-0.007,0.046
-0.005,0.045
-0.007,0.047
-0.007,0.049
-0.006,0.049
-0.008,0.051
-0.009,0.052
-0.006,0.053
-0.007,0.053
-0.009,0.051
-0.007,0.052
-0.009,0.052
-0.007,0.049
-0.005,0.051
-0.006,0.052
-0.006,0.051
-0.005,0.052
-0.005,0.053
-0.006,0.050
-0.005,0.049
-0.006,0.048
-0.008,0.045
-0.006,0.044
-0.009,0.042
-0.008,0.041
-0.007,0.041
-0.009,0.041
-0.010,0.041
-0.009,0.043
-0.010,0.043
-0.012,0.041
-0.010,0.039
-0.012,0.038
-0.013,0.037
-0.013,0.037
-0.014,0.036
-0.014,0.036
-0.014,0.036
-0.015,0.037
-0.015,0.036
-0.015,0.039
-0.016,0.040
-0.016,0.041
-0.015,0.042
-0.017,0.043
-0.016,0.043
-0.016,0.045
-0.017,0.044
-0.016,0.043
-0.016,0.045
-0.017,0.045
-0.017,0.043
-0.017,0.044
-0.018,0.045
-0.018,0.043
-0.019,0.044
-0.021,0.045
-0.021,0.044
-0.022,0.045
-0.024,0.044
-0.024,0.043
-0.024,0.044
-0.026,0.043
-0.026,0.042
-0.027,0.043
-0.027,0.043
-0.027,0.043
-0.027,0.046
-0.027,0.046
-0.027,0.047
-0.027,0.049
-0.028,0.047
-0.027,0.047
-0.029,0.046
-0.028,0.043
-0.028,0.043
-0.029,0.042
-0.027,0.039
-0.027,0.039
-0.028,0.040
-0.027,0.039
-0.026,0.042
-0.027,0.044
-0.026,0.043
-0.026,0.045
-0.027,0.045
-0.025,0.042
-0.026,0.042
-0.026,0.042
-0.025,0.040
-0.025,0.040
-0.026,0.039
-0.025,0.038
-0.025,0.038
-0.025,0.037
-0.025,0.037
-0.026,0.037
-0.026,0.038
-0.026,0.039
-0.027,0.039
-0.026,0.041
-0.026,0.041
-0.026,0.042
-0.024,0.042
-0.024,0.042
-0.024,0.041
-0.023,0.041
-0.023,0.042
-0.023,0.042
-0.021,0.042
-0.021,0.043
-0.021,0.042
-0.020,0.042
-0.020,0.041
-0.020,0.039
-0.020,0.038
-0.021,0.037
-0.021,0.036
-0.020,0.036
-0.021,0.036
-0.021,0.037
-0.020,0.037
-0.020,0.038
-0.020,0.037
-0.019,0.036
-0.018,0.036
-0.018,0.033
-0.018,0.034
-0.019,0.034
-0.018,0.033
-0.019,0.034
-0.020,0.033
-0.020,0.033
-0.021,0.033
-0.021,0.032
-0.020,0.031
-0.021,0.033
-0.021,0.031
-0.021,0.033
-0.021,0.034
-0.021,0.033
-0.020,0.032
-0.021,0.032
-0.020,0.029
-0.019,0.028
-0.020,0.029
-0.020,0.028
-0.021,0.030
-0.020,0.032
-0.019,0.032
-0.020,0.034
-0.020,0.033
-0.020,0.032
-0.021,0.033
-0.020,0.031
-0.019,0.030
-0.020,0.031
-0.019,0.030
-0.018,0.028
-0.019,0.029
-0.019,0.028
-0.018,0.027
-0.020,0.028
-0.020,0.027
-0.018,0.028
-0.020,0.029
-0.020,0.028
-0.019,0.029
-0.021,0.031
-0.020,0.030
-0.019,0.030
-0.021,0.031
-0.022,0.031
-0.020,0.030
-0.022,0.030
-0.022,0.028
-0.021,0.025
-0.022,0.026
-0.022,0.025
-0.022,0.025
-0.023,0.026
-0.024,0.025
-0.023,0.025
-0.025,0.025
-0.024,0.025
-0.024,0.023
-0.026,0.023
-0.025,0.020
-0.026,0.019
-0.027,0.019
-0.027,0.017
-0.028,0.018
-0.029,0.019
-0.029,0.018
-0.029,0.019
-0.030,0.021
-0.028,0.020
-0.029,0.022
-0.029,0.023
-0.029,0.022
-0.029,0.025
-0.030,0.025
-0.030,0.024
-0.032,0.023
-0.034,0.023
-0.032,0.020
-0.035,0.020
-0.037,0.020
-0.035,0.019
-0.038,0.019
-0.038,0.018
-0.038,0.017
-0.040,0.016
-0.039,0.015
-0.037,0.013
-0.040,0.013
-0.039,0.013
-0.039,0.013
-0.042,0.015
-0.040,0.015
-0.041,0.015
-0.043,0.014
-0.042,0.013
-0.042,0.013
-0.044,0.015
-0.043,0.015
-0.043,0.016
-0.046,0.017
-0.044,0.017
-0.043,0.018
-0.046,0.019
-0.045,0.017
-0.045,0.019
-0.047,0.019
-0.045,0.017
-0.045,0.018
-0.047,0.018
-0.044,0.017
-0.044,0.017
-0.045,0.017
-0.044,0.017
-0.043,0.019
-0.045,0.019
-0.044,0.019
-0.042,0.019
-0.044,0.017
-0.042,0.017
-0.043,0.017
-0.043,0.017
-0.041,0.017
-0.042,0.018
-0.042,0.018
-0.041,0.018
-0.041,0.018
-0.042,0.019
-0.040,0.020
-0.039,0.020
-0.039,0.020
-0.038,0.021
-0.038,0.020
-0.037,0.020
-0.035,0.020
-0.034,0.018
-0.034,0.017
-0.032,0.017
-0.032,0.014
-0.032,0.014
-0.030,0.013
-0.029,0.013
-0.029,0.014
-0.028,0.013
-0.027,0.013
-0.027,0.013
-0.025,0.013
-0.025,0.013
-0.025,0.014
-0.023,0.014
-0.021,0.014
-0.021,0.015
-0.019,0.015
-0.019,0.014
-0.019,0.014
-0.018,0.013
-0.017,0.011
-0.018,0.011
-0.017,0.009
-0.017,0.008
-0.018,0.010
-0.016,0.010
-0.016,0.010
-0.016,0.011
-0.014,0.013
-0.014,0.011
-0.014,0.011
-0.012,0.010
-0.013,0.010
-0.014,0.011
-0.012,0.011
-0.013,0.013
-0.014,0.014
-0.013,0.014
-0.014,0.014
-0.015,0.013
-0.013,0.012
-0.015,0.010
-0.015,0.009
-0.013,0.007
-0.015,0.006
-0.014,0.005
-0.013,0.004
-0.013,0.006
-0.013,0.006
-0.012,0.006
-0.012,0.007
-0.014,0.009
-0.011,0.008
-0.013,0.008
-0.014,0.008
-0.012,0.006
-0.013,0.004
-0.014,0.003
-0.012,0.003
-0.015,0.005
-0.015,0.005
-0.014,0.005
-0.016,0.006
-0.016,0.007
-0.015,0.007
-0.018,0.008
-0.018,0.007
-0.017,0.006
-0.019,0.006
-0.020,0.004
-0.020,0.004
-0.022,0.005
-0.022,0.004
-0.021,0.004
-0.024,0.005
-0.022,0.003
-0.023,0.003
-0.025,0.001
-0.024,0.000
-0.025,0.000
-0.028,-0.001
-0.026,-0.001
-0.028,-0.000
-0.030,-0.001
-0.029,-0.000
-0.031,0.001
-0.031,0.001
-0.029,0.001
-0.031,0.003
-0.031,0.001
-0.031,0.002
-0.032,0.002
-0.034,-0.000
-0.033,0.001
-0.035,0.001
-0.035,0.001
-0.033,0.001
-0.035,0.002
-0.035,0.002
-0.033,0.003
-0.034,0.004
-0.035,0.003
-0.032,0.003
-0.034,0.002
-0.035,0.001
-0.036,0.003
-0.037,0.003
-0.036,0.004
-0.036,0.006
-0.037,0.005
-0.037,0.004
-0.037,0.005
-0.037,0.002
-0.037,0.002
-0.036,0.002
-0.037,0.002
-0.036,0.001
-0.035,0.001
-0.034,0.001
-0.033,0.000
-0.031,0.002
-0.030,0.001
-0.029,0.001
-0.029,0.001
-0.029,0.000
-0.028,0.000
-0.027,0.001
-0.027,0.001
-0.026,0.001
-0.026,0.002
-0.026,0.001
-0.026,-0.000
-0.025,0.000
-0.025,0.000
-0.025,0.000
-0.025,0.002
-0.025,0.003
-0.024,0.004
-0.023,0.004
-0.023,0.003
-0.023,0.002
-0.022,0.001
-0.022,-0.002
-0.022,-0.004
-0.021,-0.005
-0.021,-0.006
-0.021,-0.005
-0.021,-0.004
-0.020,-0.004
-0.020,-0.003
-0.019,-0.002
-0.019,-0.004
-0.018,-0.002
-0.018,-0.002
-0.018,-0.003
-0.017,-0.001
-0.017,-0.001
-0.016,-0.001
-0.015,-0.000
-0.016,0.001
-0.014,-0.000
-0.013,-0.001
-0.013,-0.003
-0.012,-0.003
-0.012,-0.003
-0.012,-0.003
-0.011,-0.003
-0.010,-0.003
-0.009,-0.003
-0.009,-0.003
-0.008,-0.003
-0.006,-0.002
-0.007,-0.003
-0.006,-0.003
-0.005,-0.003
-0.005,-0.001
-0.005,-0.002
-0.005,-0.002
-0.006,-0.003
-0.005,-0.005
-0.005,-0.005
-0.006,-0.004
-0.005,-0.004
-0.004,-0.003
-0.005,-0.003
-0.004,-0.003
-0.003,-0.003
-0.003,-0.004
-0.002,-0.003
-0.001,-0.002
-0.002,-0.003
-0.000,-0.001
0.001,0.001
0.000,0.000
0.002,0.000
0.001,0.002
0.003,0.000
0.004,-0.001
0.003,-0.000
0.004,-0.002
0.005,-0.002
0.004,-0.002
0.004,-0.004
0.004,-0.004
0.004,-0.006
0.003,-0.008
0.003,-0.009
0.002,-0.008
0.003,-0.010
0.001,-0.009
0.002,-0.010
0.003,-0.012
0.003,-0.011
0.004,-0.014
0.006,-0.015
0.004,-0.015
0.005,-0.016
0.007,-0.016
0.005,-0.014
0.005,-0.013
0.006,-0.013
0.004,-0.011
0.006,-0.013
0.007,-0.011
0.005,-0.008
0.006,-0.009
0.007,-0.008
0.006,-0.007
0.007,-0.008
0.007,-0.010
0.006,-0.008
0.007,-0.009
0.008,-0.008
0.006,-0.007
0.007,-0.007
0.009,-0.007
0.008,-0.008
0.008,-0.009
0.008,-0.010
0.007,-0.009
0.008,-0.010
0.008,-0.010
0.007,-0.009
0.009,-0.010
0.009,-0.010
0.008,-0.009
0.010,-0.009
0.010,-0.010
0.008,-0.010
0.010,-0.010
0.010,-0.010
0.009,-0.009
0.010,-0.009
0.010,-0.009
0.010,-0.009
0.012,-0.008
0.013,-0.008
0.012,-0.008
0.014,-0.008
0.013,-0.007
0.014,-0.006
0.015,-0.007
0.015,-0.006
0.016,-0.006
0.017,-0.006
0.017,-0.007
0.016,-0.008
0.019,-0.009
0.019,-0.010
0.019,-0.010
0.021,-0.011
0.020,-0.010
0.021,-0.011
0.021,-0.010
0.020,-0.009
0.021,-0.009
0.022,-0.009
0.021,-0.008
0.022,-0.007
0.023,-0.008
0.021,-0.007
0.023,-0.008
0.023,-0.008
0.022,-0.007
0.022,-0.009
0.023,-0.009
0.021,-0.010
0.023,-0.012
0.023,-0.012
0.022,-0.014
0.024,-0.015
0.024,-0.015
0.023,-0.015
0.025,-0.015
0.025,-0.014
0.024,-0.013
0.024,-0.013
0.025,-0.013
0.024,-0.013
0.026,-0.013
0.027,-0.013
0.025,-0.012
0.027,-0.011
0.027,-0.010
0.026,-0.011
0.027,-0.012
0.028,-0.012
0.028,-0.014
0.029,-0.013
0.028,-0.013
0.028,-0.013
0.029,-0.012
0.028,-0.013
0.029,-0.014
0.029,-0.013
0.029,-0.013
0.029,-0.013
0.030,-0.012
0.030,-0.012
0.030,-0.013
0.032,-0.011
0.032,-0.011
0.033,-0.011
0.033,-0.011
0.034,-0.011
0.033,-0.011
0.034,-0.010
0.035,-0.010
0.034,-0.009
0.036,-0.009
0.036,-0.009
0.036,-0.007
0.038,-0.006
0.039,-0.006
0.038,-0.005
0.039,-0.005
0.040,-0.007
0.039,-0.007
0.041,-0.007
0.039,-0.009
0.039,-0.009
0.039,-0.010
0.038,-0.009
0.039,-0.008
0.039,-0.009
0.038,-0.008
0.039,-0.007
0.041,-0.007
0.039,-0.008
0.040,-0.009
0.041,-0.009
0.039,-0.010
0.040,-0.011
0.041,-0.011
0.040,-0.010
0.040,-0.010
0.041,-0.012
0.040,-0.012
0.040,-0.011
0.042,-0.013
0.040,-0.013
0.040,-0.014
0.042,-0.016
0.041,-0.016
0.041,-0.016
0.042,-0.016
0.041,-0.015
0.041,-0.013
0.042,-0.012
0.040,-0.011
0.040,-0.011
0.041,-0.013
0.039,-0.013
0.039,-0.014
0.041,-0.015
0.039,-0.015
0.040,-0.014
0.041,-0.015
0.040,-0.015
0.040,-0.015
0.041,-0.016
0.039,-0.015
0.039,-0.016
0.041,-0.016
0.040,-0.015
0.041,-0.014
0.043,-0.013
0.043,-0.012
0.044,-0.012
0.045,-0.011
0.044,-0.011
0.045,-0.011
0.044,-0.012
0.042,-0.011
0.044,-0.012
0.045,-0.011
0.043,-0.011
0.045,-0.011
0.046,-0.010
0.044,-0.008
0.046,-0.009
0.046,-0.009
0.045,-0.010
0.047,-0.012
0.047,-0.011
0.046,-0.012
0.049,-0.013
0.048,-0.012
0.047,-0.012
0.050,-0.012
0.049,-0.011
0.049,-0.012
0.051,-0.013
0.049,-0.012
0.049,-0.014
0.052,-0.013
0.049,-0.012
0.049,-0.012
0.053,-0.009
0.051,-0.006
0.052,-0.006
0.055,-0.004
0.053,-0.003
0.054,-0.003
0.056,-0.003
0.055,-0.002
0.056,-0.003
0.058,-0.003
0.056,-0.004
0.058,-0.006
0.059,-0.005
0.056,-0.005
0.057,-0.005
0.058,-0.005
0.057,-0.005
0.057,-0.007
0.058,-0.005
0.058,-0.005
0.059,-0.004
0.059,-0.004
0.059,-0.005
0.061,-0.005
0.062,-0.005
0.062,-0.006
0.063,-0.006
0.064,-0.004
0.063,-0.004
0.063,-0.003
0.064,-0.001
0.063,-0.001
0.064,-0.001
0.065,0.000
0.064,0.000
0.064,-0.001
0.065,-0.000
0.064,-0.000
0.065,-0.000
0.066,0.001
0.066,0.000
0.068,0.000
0.070,-0.000
0.069,-0.001
0.070,-0.001
0.070,-0.001
0.071,-0.002
0.071,-0.001
0.072,-0.000
0.072,-0.001
0.073,0.001
0.074,0.000
0.073,0.001
0.075,0.002
0.073,0.002
0.074,0.002
0.076,0.002
0.077,0.002
0.079,0.001
0.079,0.001
0.079,0.000
0.080,-0.001
0.082,-0.001
0.083,0.001
0.083,0.001
0.084,0.004
0.086,0.005
0.086,0.004
0.086,0.004
0.088,0.004
0.088,0.004
0.089,0.004
0.089,0.003
0.090,0.002
0.094,0.002
0.095,0.002
0.095,0.002
0.095,0.002
0.097,0.002
0.096,0.003
0.097,0.001
0.098,0.000
0.098,-0.001
0.100,-0.001
0.099,-0.000
0.100,-0.001
0.101,-0.001
0.102,-0.002
0.102,-0.002
0.103,-0.003
0.102,-0.002
0.102,-0.003
0.103,-0.004
0.103,-0.003
0.104,-0.004
0.103,-0.004
0.104,-0.003
0.103,-0.003
0.104,-0.002
0.104,-0.002
0.104,-0.003
0.107,-0.003
0.105,-0.003
0.105,-0.006
0.105,-0.005
0.106,-0.005
0.106,-0.006
0.105,-0.003
0.105,-0.002
0.106,-0.001
0.107,0.000
0.106,-0.002
0.107,-0.001
0.106,0.001
0.106,-0.000
0.107,0.001
0.106,0.001
0.106,-0.001
0.108,-0.001
0.106,0.000
0.106,-0.002
0.106,-0.001
0.105,0.000
0.106,-0.002
0.108,-0.003
0.106,-0.003
0.106,-0.003
0.105,-0.004
0.104,-0.003
0.104,-0.004
0.103,-0.003
0.103,-0.003
0.102,-0.003
0.102,-0.002
0.101,-0.002
0.102,-0.003
0.102,-0.004
0.102,-0.004
0.101,-0.005
0.100,-0.005
0.099,-0.004
0.099,-0.004
0.099,-0.004
0.099,-0.003
0.100,-0.003
0.100,-0.002
0.097,-0.001
0.098,-0.002
0.099,-0.002
0.098,-0.001
0.098,-0.001
0.098,0.001
0.097,0.002
0.099,0.003
0.099,0.002
0.097,0.004
0.100,0.003
0.099,0.004
0.098,0.005
0.100,0.002
0.099,0.003
0.099,0.002
0.099,0.001
0.098,0.001
0.097,0.002
0.100,0.001
0.098,0.001
0.097,0.000
0.100,0.000
0.099,0.002
0.098,0.001
0.100,0.000
0.099,0.002
0.102,0.001
0.104,0.003
0.102,0.003
0.103,0.003
0.105,0.004
0.102,0.004
0.104,0.003
0.106,0.004
0.103,0.004
0.105,0.003
0.106,0.004
0.104,0.004
0.106,0.003
0.106,0.002
0.105,0.001
0.106,0.002
0.107,0.001
0.106,0.002
0.109,0.003
0.109,0.005
0.108,0.006
0.110,0.008
0.110,0.009
0.110,0.010
0.112,0.011
0.112,0.010
0.112,0.009
0.113,0.010
0.113,0.009
0.113,0.008
0.113,0.010
0.114,0.010
0.113,0.010
0.115,0.012
0.115,0.012
0.115,0.012
0.116,0.012
0.115,0.011
0.117,0.011
0.118,0.011
0.118,0.011
0.118,0.012
0.119,0.013
0.120,0.013
0.119,0.013
0.121,0.013
0.121,0.011
0.120,0.012
0.121,0.011
0.121,0.011
0.120,0.010
0.122,0.010
0.121,0.010
0.120,0.009
0.122,0.010
0.121,0.010
0.121,0.009
0.122,0.009
0.121,0.008
0.121,0.007
0.121,0.008
0.119,0.006
0.119,0.004
0.120,0.005
0.118,0.005
0.117,0.006
0.119,0.008
0.117,0.009
0.117,0.010
0.118,0.010
0.117,0.011
0.116,0.012
0.117,0.011
0.117,0.011
0.116,0.012
0.118,0.011
0.117,0.012
0.116,0.012
0.118,0.010
0.116,0.010
0.115,0.009
0.117,0.009
0.116,0.010
0.115,0.011
0.117,0.011
0.116,0.011
0.116,0.011
0.118,0.010
0.117,0.010
0.116,0.010
0.117,0.011
0.116,0.012
0.116,0.012
0.119,0.011
0.115,0.012
0.116,0.012
0.117,0.013
0.114,0.015
0.114,0.015
0.114,0.015
0.112,0.016
0.112,0.015
0.114,0.015
0.112,0.015
0.112,0.015
0.113,0.015
0.111,0.015
0.113,0.014
0.114,0.015
0.113,0.015
0.114,0.014
0.115,0.014
0.113,0.014
0.114,0.014
0.114,0.014
0.112,0.015
0.114,0.017
0.113,0.018
0.111,0.018
0.112,0.017
0.112,0.018
0.112,0.015
0.113,0.015
0.112,0.015
0.112,0.015
0.114,0.015
0.113,0.016
0.113,0.016
0.115,0.017
0.113,0.019
0.112,0.018
0.112,0.019
0.111,0.019
0.110,0.016
0.112,0.018
0.110,0.019
0.110,0.019
0.110,0.020
0.109,0.021
0.109,0.020
0.110,0.019
0.110,0.019
0.110,0.017
0.111,0.020
0.110,0.021
0.111,0.022
0.111,0.023
0.111,0.025
0.112,0.027
0.112,0.029
0.111,0.030
0.112,0.031
0.113,0.033
0.112,0.031
0.113,0.030
0.114,0.031
0.114,0.029
0.115,0.027
0.116,0.027
0.116,0.025
0.117,0.023
0.116,0.025
0.116,0.025
0.117,0.024
0.118,0.026
0.118,0.025
0.120,0.025
0.120,0.026
0.119,0.024
0.121,0.023
0.121,0.024
0.122,0.022
0.123,0.023
0.123,0.025
0.123,0.026
0.124,0.029
0.124,0.032
0.125,0.033
0.126,0.034
0.126,0.036
0.127,0.034
0.128,0.034
0.128,0.035
0.130,0.032
0.130,0.033
0.129,0.033
0.131,0.032
0.131,0.032
0.131,0.032
0.132,0.032
0.133,0.032
0.134,0.034
0.136,0.033
0.136,0.036
0.137,0.036
0.138,0.036
0.137,0.037
0.137,0.037
0.137,0.037
0.136,0.036
0.137,0.036
0.137,0.034
0.136,0.034
0.138,0.034
0.138,0.034
0.137,0.035
0.140,0.036
0.139,0.038
0.139,0.037
0.140,0.038
0.140,0.039
0.140,0.038
0.140,0.037
0.139,0.037
0.138,0.037
0.138,0.036
0.137,0.037
0.137,0.037
0.138,0.036
0.136,0.037
0.136,0.036
0.137,0.037
0.136,0.037
0.136,0.038
0.136,0.038
0.135,0.038
0.135,0.038
0.134,0.039
0.134,0.039
0.133,0.039
0.133,0.039
0.133,0.038
0.133,0.037
0.133,0.037
0.131,0.036
0.131,0.037
0.130,0.039
0.129,0.039
0.130,0.040
0.129,0.040
0.128,0.037
0.127,0.036
0.127,0.036
0.126,0.035
0.124,0.036
0.124,0.036
0.124,0.037
0.123,0.037
0.122,0.038
0.122,0.038
0.120,0.039
0.121,0.038
0.119,0.038
0.117,0.040
0.118,0.039
0.117,0.039
0.116,0.039
0.116,0.037
0.117,0.038
0.115,0.039
0.115,0.039
0.115,0.039
0.114,0.041
0.114,0.041
0.114,0.042
0.112,0.044
0.112,0.044
0.113,0.045
0.111,0.046
0.110,0.045
0.111,0.044
0.109,0.046
0.110,0.045
0.110,0.046
0.110,0.047
0.110,0.047
0.111,0.047
0.110,0.048
0.110,0.048
0.111,0.046
0.110,0.047
0.111,0.046
0.111,0.046
0.110,0.047
0.111,0.048
0.111,0.049
0.110,0.051
0.111,0.052
0.111,0.052
0.111,0.054
0.112,0.053
0.111,0.053
0.110,0.054
0.111,0.053
0.112,0.053
0.110,0.053
0.110,0.051
0.112,0.052
0.111,0.053
0.113,0.052
0.113,0.052
0.112,0.053
0.114,0.051
0.114,0.053
0.114,0.054
0.115,0.055
0.115,0.056
0.114,0.057
0.116,0.056
0.116,0.056
0.115,0.056
0.116,0.055
0.116,0.056
0.116,0.056
0.118,0.056
0.117,0.056
0.116,0.056
0.119,0.055
0.117,0.056
0.117,0.056
0.118,0.056
0.117,0.058
0.119,0.058
0.119,0.058
0.117,0.059
0.119,0.058
0.120,0.059
0.118,0.058
0.119,0.057
0.121,0.058
0.117,0.058
0.119,0.057
0.119,0.059
0.118,0.059
0.119,0.057
0.120,0.058
0.117,0.057
0.118,0.057
0.119,0.057
0.116,0.057
0.118,0.056
0.117,0.056
0.115,0.056
0.116,0.054
0.115,0.055
0.113,0.056
0.114,0.056
0.113,0.057
0.112,0.059
0.113,0.060
0.112,0.060
0.111,0.061
0.112,0.061
0.110,0.062
0.110,0.061
0.111,0.062
0.110,0.061
0.109,0.061
0.110,0.061
0.109,0.060
0.107,0.061
0.107,0.062
0.106,0.061
0.104,0.060
0.104,0.060
0.103,0.059
0.102,0.060
0.102,0.061
0.101,0.060
0.099,0.062
0.101,0.064
0.100,0.064
0.100,0.065
0.100,0.065
0.101,0.064
0.099,0.064
0.100,0.065
0.100,0.065
0.098,0.065
0.098,0.065
0.097,0.064
0.095,0.066
0.096,0.066
0.095,0.067
0.093,0.068
0.093,0.068
0.093,0.069
0.091,0.071
0.093,0.070
0.091,0.070
0.090,0.070
0.090,0.068
0.089,0.067
0.088,0.067
0.089,0.067
0.088,0.068
0.087,0.068
0.088,0.068
0.087,0.068
0.085,0.067
0.087,0.067
0.084,0.068
0.084,0.067
0.085,0.067
0.084,0.068
0.083,0.066
0.085,0.065
0.083,0.065
0.082,0.066
0.084,0.065
0.081,0.065
0.080,0.066
0.083,0.064
0.081,0.065
0.081,0.065
0.082,0.065
0.079,0.066
0.078,0.067
0.080,0.067
0.078,0.068
0.078,0.068
0.079,0.066
0.078,0.067
0.079,0.066
0.081,0.066
0.079,0.067
0.079,0.068
0.080,0.069
0.078,0.070
0.077,0.071
0.078,0.071
0.076,0.073
0.077,0.072
0.077,0.073
0.075,0.074
0.076,0.072
0.078,0.072
0.076,0.072
0.077,0.070
0.078,0.071
0.076,0.071
0.077,0.070
0.077,0.071
0.077,0.072
0.079,0.072
0.078,0.074
0.076,0.073
0.078,0.073
0.077,0.074
0.075,0.072
0.076,0.072
0.075,0.073
0.075,0.072
0.076,0.072
0.075,0.072
0.075,0.071
0.076,0.072
0.075,0.073
0.075,0.073
0.076,0.075
0.075,0.075
0.075,0.074
0.075,0.075
0.072,0.075
0.074,0.073
0.073,0.074
0.073,0.074
0.073,0.073
0.074,0.075
0.072,0.075
0.073,0.075
0.073,0.075
0.070,0.075
0.071,0.074
0.072,0.075
0.072,0.075
0.072,0.075
0.072,0.075
0.072,0.074
0.071,0.074
0.071,0.075
0.070,0.075
0.069,0.075
0.069,0.075
0.068,0.074
0.068,0.074
0.069,0.075
0.069,0.073
0.068,0.072
0.069,0.072
0.069,0.071
0.069,0.072
0.070,0.071
0.069,0.072
0.070,0.073
0.071,0.074
0.069,0.074
0.069,0.073
0.070,0.074
0.068,0.073
0.068,0.074
0.069,0.075
0.068,0.075
0.067,0.075
0.068,0.075
0.068,0.075
0.067,0.075
0.067,0.076
0.066,0.076
0.066,0.078
0.066,0.078
0.064,0.079
0.064,0.078
0.065,0.078
0.065,0.078
0.065,0.076
0.066,0.075
0.064,0.075
0.064,0.073
0.064,0.073
0.062,0.072
0.062,0.072
0.061,0.071
0.061,0.070
0.060,0.069
0.061,0.069
0.061,0.069
0.061,0.069
0.061,0.071
0.059,0.071
0.060,0.072
0.059,0.072
0.059,0.072
0.060,0.072
0.058,0.073
0.058,0.074
0.058,0.073
0.058,0.074
0.057,0.072
0.058,0.072
0.059,0.070
0.058,0.069
0.059,0.068
0.059,0.068
0.058,0.068
0.059,0.067
0.057,0.069
0.057,0.070
0.057,0.071
0.057,0.072
0.055,0.071
0.056,0.071
0.055,0.070
0.054,0.068
0.054,0.067
0.054,0.067
0.053,0.067
0.053,0.066
0.053,0.068
0.052,0.067
0.053,0.069
0.054,0.069
0.052,0.068
0.052,0.069
0.051,0.069
0.051,0.068
0.050,0.068
0.049,0.069
0.049,0.067
0.049,0.068
0.048,0.069
0.048,0.069
0.049,0.071
0.048,0.072
0.048,0.071
0.048,0.071
0.047,0.071
0.047,0.069
0.046,0.070
0.046,0.068
0.046,0.066
0.045,0.066
0.045,0.066
0.046,0.065
0.046,0.065
0.046,0.066
0.047,0.066
0.047,0.068
0.047,0.069
0.047,0.070
0.047,0.072
0.046,0.072
0.047,0.072
0.046,0.072
0.046,0.072
0.047,0.071
0.046,0.071
0.047,0.070
0.047,0.071
0.045,0.071
0.046,0.070
0.045,0.071
0.044,0.072
0.045,0.072
0.045,0.073
0.042,0.074
0.045,0.071
0.045,0.072
0.043,0.072
0.045,0.069
0.046,0.071
0.045,0.071
0.048,0.070
0.047,0.071
0.046,0.071
0.047,0.069
0.046,0.069
0.045,0.070
0.045,0.069
0.044,0.071
0.044,0.070
0.044,0.071
0.043,0.070
0.044,0.070
0.045,0.069
0.045,0.067
0.046,0.066
0.047,0.065
0.046,0.065
0.046,0.064
0.047,0.065
0.046,0.064
0.046,0.065
0.046,0.066
0.045,0.067
0.046,0.068
0.045,0.070
0.043,0.070
0.044,0.070
0.043,0.070
0.043,0.069
0.043,0.069
0.043,0.070
0.042,0.069
0.043,0.070
0.042,0.069
0.041,0.067
0.042,0.067
0.041,0.065
0.040,0.064
0.040,0.063
0.040,0.062
0.040,0.062
0.040,0.063
0.040,0.063
0.040,0.063
0.040,0.064
0.039,0.063
0.038,0.065
0.038,0.067
0.036,0.068
0.036,0.068
0.036,0.070
0.036,0.069
0.035,0.068
0.036,0.069
0.036,0.068
0.036,0.068
0.037,0.067
0.037,0.066
0.038,0.066
0.037,0.065
0.038,0.065
0.037,0.066
0.039,0.068
0.039,0.068
0.036,0.069
0.037,0.068
0.035,0.067
0.034,0.067
0.034,0.066
0.034,0.065
0.032,0.066
0.033,0.066
0.035,0.067
0.031,0.068
0.032,0.067
0.032,0.068
0.030,0.069
0.030,0.066
0.030,0.066
0.027,0.065
0.027,0.064
0.027,0.061
0.024,0.061
0.026,0.059
0.025,0.058
0.023,0.059
0.023,0.058
0.023,0.059
0.021,0.061
0.021,0.061
0.022,0.061
0.018,0.063
0.019,0.063
0.019,0.062
0.017,0.062
0.016,0.061
0.014,0.060
0.014,0.062
0.013,0.061
0.013,0.061
0.012,0.063
0.014,0.063
0.013,0.063
0.011,0.063
0.011,0.063
0.010,0.061
0.008,0.061
0.009,0.059
0.008,0.058
0.006,0.060
0.007,0.059
0.007,0.060
0.006,0.059
0.004,0.058
0.004,0.057
0.004,0.058
0.002,0.055
0.002,0.055
0.001,0.056
0.002,0.055
0.002,0.056
-0.001,0.057
-0.001,0.058
-0.001,0.059
-0.002,0.058
-0.002,0.056
-0.002,0.056
-0.004,0.058
-0.003,0.057
-0.004,0.057
-0.006,0.057
-0.005,0.057
-0.008,0.057
-0.007,0.056
-0.009,0.055
-0.012,0.057
-0.012,0.056
-0.009,0.054
-0.013,0.056
-0.013,0.054
-0.011,0.055
-0.014,0.054
-0.013,0.053
-0.013,0.052
-0.015,0.053
-0.014,0.054
-0.014,0.055
-0.017,0.056
-0.016,0.054
-0.015,0.054
-0.017,0.056
-0.016,0.055
-0.016,0.054
-0.018,0.056
-0.016,0.056
-0.015,0.056
-0.017,0.056
-0.015,0.055
-0.015,0.058
-0.017,0.057
-0.016,0.058
-0.016,0.058
-0.016,0.058
-0.015,0.060
-0.015,0.058
-0.018,0.058
-0.015,0.058
-0.015,0.057
-0.016,0.055
-0.014,0.056
-0.015,0.057
-0.014,0.057
-0.012,0.058
-0.013,0.057
-0.013,0.057
-0.011,0.059
-0.011,0.058
-0.012,0.058
-0.010,0.058
-0.011,0.057
-0.010,0.055
-0.008,0.057
-0.010,0.057
-0.011,0.058
-0.009,0.058
-0.010,0.057
-0.011,0.057
-0.009,0.056
-0.010,0.055
-0.010,0.055
-0.009,0.057
-0.009,0.054
-0.010,0.055
-0.008,0.055
-0.009,0.054
-0.010,0.054
-0.009,0.056
-0.009,0.056
-0.010,0.056
-0.008,0.055
-0.009,0.054
-0.008,0.054
-0.006,0.054
-0.007,0.052
-0.006,0.052
-0.006,0.052
-0.006,0.051
-0.006,0.050
-0.007,0.050
-0.007,0.051
-0.007,0.051
-0.005,0.050
-0.006,0.049
-0.008,0.048
-0.007,0.049
-0.009,0.047
-0.010,0.046
-0.009,0.046
-0.010,0.047
-0.010,0.049
-0.010,0.051
-0.011,0.050
-0.013,0.052
-0.011,0.048
-0.013,0.048
-0.015,0.047
-0.015,0.045
-0.016,0.043
-0.018,0.042
-0.016,0.040
-0.017,0.039
-0.018,0.040
-0.016,0.040
-0.017,0.042
-0.018,0.042
-0.017,0.042
-0.018,0.043
-0.019,0.042
-0.018,0.042
-0.020,0.043
-0.019,0.043
-0.016,0.041
-0.019,0.039
-0.018,0.039
-0.017,0.039
-0.020,0.039
-0.020,0.037
-0.020,0.038
-0.023,0.039
-0.021,0.037
-0.020,0.037
-0.023,0.037
-0.021,0.037
-0.022,0.037
-0.023,0.038
-0.023,0.038
-0.023,0.041
-0.025,0.041
-0.024,0.041
-0.024,0.042
-0.025,0.041
-0.024,0.043
-0.025,0.043
-0.027,0.042
-0.026,0.043
-0.027,0.044
-0.029,0.042
-0.027,0.043
-0.029,0.044
-0.028,0.041
-0.028,0.041
-0.029,0.041
-0.030,0.039
-0.029,0.039
-0.030,0.039
-0.031,0.039
-0.030,0.040
-0.031,0.041
-0.031,0.041
-0.030,0.042
-0.031,0.042
-0.031,0.041
-0.030,0.041
-0.031,0.039
-0.031,0.038
-0.031,0.040
-0.032,0.040
-0.030,0.039
-0.030,0.039
-0.031,0.039
-0.030,0.038
-0.029,0.039
-0.030,0.039
-0.030,0.038
-0.029,0.040
-0.030,0.040
-0.028,0.038
-0.028,0.040
-0.029,0.041
-0.028,0.040
-0.028,0.044
-0.030,0.044
-0.029,0.045
-0.029,0.045
-0.030,0.043
-0.029,0.042
-0.029,0.042
-0.029,0.040
-0.029,0.039
-0.029,0.041
-0.029,0.040
-0.029,0.038
-0.029,0.040
-0.029,0.037
-0.027,0.037
-0.028,0.038
-0.028,0.036
-0.027,0.037
-0.029,0.038
-0.027,0.037
-0.028,0.037
-0.029,0.039
-0.028,0.038
-0.027,0.040
-0.028,0.040
-0.027,0.039
-0.027,0.039
-0.028,0.038
-0.027,0.036
-0.027,0.036
-0.028,0.036
-0.028,0.035
-0.028,0.036
-0.028,0.036
-0.028,0.036
-0.028,0.035
-0.027,0.034
-0.026,0.034
-0.027,0.033
-0.025,0.033
-0.025,0.034
-0.026,0.034
-0.024,0.035
-0.025,0.036
-0.026,0.035
-0.025,0.035
-0.024,0.034
-0.024,0.032
-0.024,0.032
-0.024,0.032
-0.024,0.031
-0.024,0.031
-0.024,0.030
-0.024,0.029
-0.024,0.028
-0.025,0.028
-0.024,0.027
-0.024,0.029
-0.024,0.029
-0.024,0.028
-0.023,0.028
-0.023,0.027
-0.022,0.027
-0.022,0.028
-0.023,0.029
-0.022,0.029
-0.023,0.031
-0.023,0.031
-0.024,0.031
-0.024,0.032
-0.024,0.030
-0.024,0.030
-0.025,0.031
-0.024,0.029
-0.023,0.030
-0.024,0.030
-0.023,0.028
-0.024,0.027
-0.024,0.027
-0.024,0.026
-0.026,0.027
-0.027,0.027
-0.027,0.026
-0.027,0.028
-0.028,0.028
-0.027,0.028
-0.030,0.030
-0.030,0.031
-0.029,0.031
-0.032,0.031
-0.031,0.030
-0.030,0.028
-0.032,0.028
-0.032,0.027
-0.032,0.026
-0.035,0.029
-0.035,0.028
-0.034,0.028
-0.037,0.029
-0.036,0.028
-0.036,0.028
-0.038,0.029
-0.038,0.028
-0.037,0.028
-0.040,0.029
-0.040,0.027
-0.039,0.026
-0.042,0.027
-0.041,0.024
-0.041,0.024
-0.043,0.025
-0.042,0.023
-0.042,0.022
-0.044,0.023
-0.044,0.023
-0.043,0.024
-0.044,0.026
-0.044,0.025
-0.044,0.025
-0.046,0.025
-0.046,0.024
-0.047,0.023
-0.050,0.023
-0.049,0.022
-0.050,0.021
-0.050,0.020
-0.050,0.020
-0.050,0.020
-0.051,0.020
-0.049,0.020
-0.049,0.021
-0.049,0.021
-0.047,0.020
-0.048,0.020
-0.048,0.019
-0.048,0.019
-0.048,0.018
-0.049,0.018
-0.049,0.018
-0.050,0.018
-0.050,0.019
-0.048,0.018
-0.049,0.019
-0.049,0.019
-0.048,0.018
-0.048,0.018
-0.047,0.017
-0.046,0.018
-0.047,0.018
-0.046,0.018
-0.046,0.020
-0.047,0.021
-0.045,0.021
-0.044,0.021
-0.043,0.021
-0.042,0.022
-0.040,0.021
-0.041,0.021
-0.040,0.021
-0.039,0.021
-0.039,0.020
-0.038,0.020
-0.038,0.018
-0.037,0.017
-0.037,0.016
-0.036,0.015
-0.035,0.015
-0.034,0.017
-0.033,0.017
-0.032,0.017
-0.030,0.017
-0.030,0.016
-0.030,0.017
-0.029,0.018
-0.029,0.018
-0.028,0.019
-0.027,0.020
-0.026,0.019
-0.026,0.018
-0.024,0.019
-0.024,0.019
-0.022,0.019
-0.022,0.019
-0.021,0.017
-0.019,0.017
-0.020,0.017
-0.020,0.015
-0.020,0.016
-0.018,0.016
-0.018,0.014
-0.019,0.014
-0.018,0.014
-0.018,0.013
-0.018,0.013
-0.018,0.013
-0.018,0.012
-0.019,0.012
-0.019,0.012
-0.018,0.011
-0.019,0.013
-0.018,0.011
-0.017,0.010
-0.018,0.011
-0.017,0.011
-0.016,0.013
-0.017,0.016
-0.017,0.017
-0.016,0.017
-0.018,0.018
-0.018,0.016
-0.018,0.015
-0.020,0.015
-0.020,0.012
-0.020,0.011
-0.022,0.013
-0.022,0.012
-0.021,0.013
-0.022,0.015
-0.022,0.014
-0.021,0.013
-0.021,0.013
-0.021,0.011
-0.021,0.011
-0.022,0.011
-0.023,0.010
-0.022,0.009
-0.022,0.009
-0.022,0.009
-0.021,0.007
-0.023,0.008
-0.024,0.005
-0.024,0.005
-0.026,0.006
-0.027,0.005
-0.028,0.006
-0.029,0.008
-0.029,0.007
-0.029,0.006
-0.031,0.007
-0.030,0.005
-0.032,0.005
-0.033,0.006
-0.033,0.005
-0.032,0.006
-0.033,0.007
-0.034,0.006
-0.035,0.004
-0.036,0.005
-0.037,0.002
-0.038,0.002
-0.039,0.002
-0.039,0.000
-0.038,0.001
-0.040,0.001
-0.039,-0.000
-0.039,0.001
-0.040,0.002
-0.039,0.001
-0.040,0.002
-0.040,0.005
-0.039,0.004
-0.040,0.006
-0.040,0.007
-0.039,0.006
-0.040,0.007
-0.040,0.006
-0.039,0.006
-0.041,0.007
-0.039,0.006
-0.039,0.005
-0.040,0.007
-0.039,0.006
-0.038,0.005
-0.039,0.005
-0.038,0.004
-0.037,0.004
-0.038,0.004
-0.037,0.005
-0.036,0.004
-0.038,0.005
-0.036,0.004
-0.036,0.004
-0.039,0.004
-0.036,0.002
-0.036,0.003
-0.038,0.004
-0.037,0.002
-0.035,0.004
-0.037,0.005
-0.033,0.003
-0.033,0.003
-0.034,0.004
-0.032,0.001
-0.031,0.003
-0.032,0.001
-0.030,-0.001
-0.029,-0.000
-0.031,-0.000
-0.029,-0.000
-0.029,0.000
-0.031,0.001
-0.029,-0.000
-0.029,0.000
-0.029,0.000
-0.027,-0.001
-0.026,-0.001
-0.026,-0.002
-0.024,-0.002
-0.024,-0.002
-0.024,-0.001
-0.022,0.000
-0.024,0.001
-0.023,0.002
-0.022,0.003
-0.023,0.003
-0.023,0.003
-0.022,0.004
-0.022,0.003
-0.021,0.004
-0.019,0.005
-0.020,0.005
-0.018,0.005
-0.018,0.005
-0.017,0.004
-0.017,0.003
-0.016,0.004
-0.016,0.004
-0.015,0.002
-0.013,0.002
-0.013,0.000
-0.012,-0.001
-0.011,-0.002
-0.010,-0.003
-0.010,-0.002
-0.009,-0.001
-0.009,-0.001
-0.009,0.001
-0.007,0.001
-0.007,0.000
-0.007,0.001
-0.006,-0.001
-0.006,-0.001
-0.006,-0.001
-0.005,-0.001
-0.005,-0.003
-0.006,-0.002
-0.005,-0.003
-0.004,-0.004
-0.005,-0.002
-0.003,-0.003
-0.003,-0.002
-0.003,-0.001
-0.002,-0.002
0.000,-0.003
0.000,-0.001
0.001,-0.003
0.001,-0.004
0.000,-0.002
0.002,-0.002
0.001,-0.002
0.000,-0.000
0.001,-0.001
0.002,-0.002
0.001,-0.002
0.001,-0.003
0.001,-0.004
0.001,-0.004
0.002,-0.007
0.001,-0.008
0.001,-0.008
0.003,-0.009
0.002,-0.008
0.002,-0.009
0.003,-0.009
0.001,-0.010
0.001,-0.011
0.003,-0.012
0.001,-0.012
0.003,-0.012
0.005,-0.012
0.003,-0.011
0.004,-0.010
0.006,-0.009
0.002,-0.008
0.003,-0.009
0.004,-0.009
0.001,-0.008
0.002,-0.008
0.003,-0.009
0.001,-0.008
0.003,-0.009
0.004,-0.009
0.003,-0.007
0.004,-0.006
0.005,-0.006
0.004,-0.006
0.006,-0.007
0.006,-0.005
0.004,-0.005
0.006,-0.005
0.006,-0.006
0.005,-0.006
0.008,-0.010
0.008,-0.010
0.007,-0.010
0.010,-0.010
0.010,-0.009
0.008,-0.008
0.011,-0.008
0.010,-0.008
0.009,-0.006
0.010,-0.007
0.010,-0.004
0.010,-0.003
0.011,-0.003
0.011,-0.002
0.009,-0.003
0.012,-0.003
0.010,-0.003
0.009,-0.003
0.011,-0.003
0.011,-0.002
0.010,-0.002
0.013,-0.002
0.012,-0.001
0.012,-0.001
0.015,-0.001
0.014,-0.001
0.014,-0.001
0.016,-0.002
0.015,-0.002
0.016,-0.003
0.018,-0.003
0.017,-0.004
0.018,-0.005
0.020,-0.004
0.019,-0.004
0.019,-0.004
0.021,-0.002
0.020,-0.003
0.020,-0.004
0.022,-0.005
0.020,-0.005
0.021,-0.006
0.022,-0.005
0.020,-0.007
0.019,-0.006
0.021,-0.007
0.021,-0.008
0.021,-0.006
0.022,-0.007
0.023,-0.006
0.023,-0.003
0.024,-0.002
0.024,-0.001
0.023,0.000
0.025,0.001
0.024,0.001
0.024,0.002
0.026,-0.000
0.025,-0.003
0.025,-0.003
0.026,-0.005
0.026,-0.005
0.025,-0.006
0.027,-0.010
0.024,-0.011
0.024,-0.011
0.026,-0.012
0.024,-0.011
0.025,-0.010
0.027,-0.010
0.027,-0.007
0.028,-0.007
0.029,-0.005
0.028,-0.004
0.027,-0.004
0.028,-0.005
0.026,-0.004
0.028,-0.004
0.030,-0.004
0.029,-0.002
0.030,-0.002
0.032,-0.003
0.030,-0.001
0.031,-0.002
0.032,-0.003
0.031,-0.003
0.032,-0.005
0.033,-0.005
0.031,-0.005
0.034,-0.005
0.033,-0.005
0.032,-0.005
0.033,-0.004
0.033,-0.003
0.032,-0.005
0.034,-0.006
0.033,-0.006
0.033,-0.006
0.035,-0.005
0.034,-0.003
0.034,-0.005
0.036,-0.005
0.036,-0.004
0.036,-0.008
0.038,-0.007
0.038,-0.008
0.038,-0.010
0.040,-0.010
0.040,-0.010
0.040,-0.009
0.043,-0.008
0.041,-0.006
0.041,-0.007
0.043,-0.005
0.041,-0.004
0.041,-0.004
0.043,-0.004
0.041,-0.005
0.040,-0.007
0.041,-0.007
0.040,-0.008
0.040,-0.010
0.040,-0.010
0.039,-0.010
0.040,-0.011
0.041,-0.009
0.039,-0.008
0.040,-0.008
0.041,-0.005
0.040,-0.005
0.041,-0.006
0.041,-0.006
0.040,-0.006
0.041,-0.009
0.042,-0.008
0.039,-0.009
0.041,-0.010
0.041,-0.008
0.039,-0.008
0.041,-0.008
0.042,-0.006
0.042,-0.006
0.043,-0.006
0.043,-0.003
0.043,-0.003
0.043,-0.003
0.043,-0.002
0.043,-0.004
0.044,-0.004
0.043,-0.003
0.043,-0.004
0.043,-0.004
0.042,-0.002
0.043,-0.003
0.043,-0.002
0.042,-0.001
0.044,-0.003
0.045,-0.003
0.044,-0.003
0.046,-0.005
0.048,-0.006
0.046,-0.007
0.048,-0.009
0.049,-0.008
0.048,-0.007
0.049,-0.008
0.050,-0.005
0.049,-0.003
0.050,-0.003
0.050,-0.002
0.050,-0.002
0.052,-0.003
0.052,-0.004
0.052,-0.004
0.053,-0.006
0.052,-0.005
0.053,-0.006
0.053,-0.006
0.053,-0.007
0.054,-0.006
0.054,-0.006
0.054,-0.007
0.054,-0.007
0.054,-0.006
0.053,-0.006
0.054,-0.008
0.054,-0.008
0.055,-0.008
0.056,-0.009
0.056,-0.009
0.056,-0.008
0.058,-0.007
0.058,-0.006
0.057,-0.006
0.058,-0.006
0.057,-0.004
0.057,-0.002
0.058,0.000
0.058,0.003
0.059,0.004
0.060,0.004
0.060,0.003
0.060,0.002
0.061,0.001
0.061,-0.000
0.062,0.000
0.063,-0.000
0.062,-0.000
0.063,-0.000
0.063,-0.000
0.063,0.000
0.065,0.000
0.066,0.001
0.066,0.001
0.067,0.003
0.066,0.003
0.066,0.003
0.066,0.003
0.066,0.003
0.066,0.003
0.066,0.003
0.067,0.003
0.068,0.002
0.067,0.003
0.068,0.002
0.068,0.003
0.069,0.004
0.071,0.002
0.071,0.001
0.070,0.001
0.072,0.000
0.073,-0.001
0.072,-0.002
0.074,-0.003
0.076,-0.004
0.076,-0.004
0.077,-0.005
0.077,-0.005
0.077,-0.003
0.079,-0.003
0.080,-0.003
0.080,0.000
0.081,0.001
0.082,0.002
0.084,0.005
0.085,0.003
0.086,0.003
0.087,0.004
0.088,0.003
0.088,0.002
0.088,0.000
0.088,0.000
0.090,-0.002
0.091,-0.002
0.091,-0.003
0.092,-0.003
0.094,-0.001
0.094,-0.001
0.096,-0.002
0.096,-0.001
0.098,-0.001
0.099,-0.001
0.098,-0.000
0.098,-0.001
0.099,-0.002
0.100,-0.000
0.100,-0.002
0.101,-0.004
0.100,-0.003
0.103,-0.003
0.104,-0.003
0.103,-0.002
0.104,-0.002
0.105,-0.001
0.106,0.000
0.105,-0.004
0.107,-0.002
0.106,-0.001
0.107,-0.004
0.106,-0.005
0.104,-0.005
0.106,-0.005
0.108,-0.004
0.107,-0.003
0.108,-0.005
0.108,-0.004
0.107,-0.004
0.109,-0.006
0.108,-0.005
0.107,-0.005
0.108,-0.004
0.107,-0.003
0.106,-0.003
0.106,-0.006
0.105,-0.005
0.105,-0.007
0.105,-0.007
0.101,-0.006
0.102,-0.007
0.103,-0.007
0.101,-0.006
0.101,-0.006
0.101,-0.006
0.099,-0.003
0.100,-0.005
0.101,-0.004
0.097,-0.003
0.100,-0.006
0.100,-0.005
0.096,-0.006
0.097,-0.009
0.097,-0.010
0.095,-0.009
0.098,-0.011
0.097,-0.010
0.095,-0.006
0.098,-0.006
0.098,-0.002
0.096,-0.003
0.095,-0.003
0.096,-0.001
0.095,-0.001
0.096,-0.002
0.095,-0.003
0.095,-0.002
0.097,-0.002
0.096,-0.001
0.095,-0.001
0.096,0.001
0.095,0.002
0.095,0.004
0.095,0.005
0.095,0.006
0.095,0.007
0.097,0.007
0.096,0.006
0.096,0.006
0.097,0.005
0.096,0.005
0.095,0.005
0.095,0.006
0.094,0.006
0.095,0.006
0.095,0.004
0.094,0.004
0.094,0.005
0.095,0.006
0.096,0.006
0.096,0.006
0.097,0.005
0.098,0.005
0.098,0.006
0.098,0.005
0.097,0.005
0.098,0.006
0.100,0.005
0.101,0.006
0.101,0.005
0.101,0.004
0.101,0.004
0.101,0.004
0.101,0.001
0.102,0.000
0.103,0.002
0.104,0.002
0.102,0.003
0.103,0.005
0.103,0.007
0.104,0.008
0.104,0.009
0.105,0.009
0.105,0.010
0.106,0.011
0.107,0.010
0.106,0.010
0.107,0.010
0.107,0.009
0.108,0.008
0.108,0.008
0.109,0.008
0.108,0.008
0.109,0.009
0.110,0.007
0.109,0.008
0.110,0.008
0.110,0.007
0.110,0.008
0.111,0.006
0.113,0.006
0.112,0.007
0.113,0.007
0.114,0.008
0.113,0.010
0.115,0.010
0.115,0.010
0.114,0.012
0.115,0.011
0.116,0.012
0.114,0.014
0.115,0.015
0.116,0.015
0.114,0.015
0.115,0.015
0.116,0.014
0.115,0.015
0.116,0.015
0.117,0.015
0.116,0.017
0.116,0.016
0.116,0.016
0.114,0.016
0.114,0.016
0.114,0.015
0.112,0.015
0.113,0.014
0.112,0.013
0.111,0.015
0.113,0.014
0.114,0.014
0.112,0.015
0.114,0.015
0.113,0.015
0.110,0.016
0.112,0.015
0.111,0.014
0.110,0.013
0.111,0.010
0.111,0.010
0.110,0.010
0.113,0.009
0.112,0.009
0.111,0.010
0.113,0.009
0.111,0.010
0.109,0.012
0.111,0.011
0.110,0.011
0.109,0.011
0.112,0.011
0.112,0.013
0.111,0.013
0.113,0.013
0.112,0.012
0.111,0.013
0.112,0.013
0.111,0.014
0.111,0.014
0.113,0.015
0.111,0.015
0.110,0.014
0.113,0.013
0.110,0.013
0.110,0.012
0.111,0.011
0.108,0.012
0.108,0.013
0.110,0.015
0.107,0.015
0.107,0.015
0.109,0.017
0.106,0.017
0.107,0.016
0.108,0.017
0.106,0.016
0.107,0.014
0.108,0.014
0.106,0.014
0.107,0.014
0.109,0.015
0.106,0.015
0.108,0.016
0.108,0.016
0.106,0.016
0.108,0.017
0.108,0.017
0.107,0.017
0.108,0.019
0.108,0.018
0.108,0.018
0.108,0.019
0.108,0.017
0.107,0.016
0.107,0.016
0.106,0.014
0.105,0.013
0.104,0.014
0.104,0.013
0.104,0.012
0.104,0.013
0.105,0.012
0.105,0.012
0.105,0.015
0.106,0.015
0.105,0.016
0.106,0.018
0.107,0.018
0.106,0.020
0.107,0.022
0.108,0.023
0.107,0.024
0.108,0.025
0.110,0.025
0.108,0.026
0.111,0.026
0.112,0.025
0.111,0.025
0.112,0.025
0.113,0.024
0.111,0.024
0.112,0.026
0.113,0.028
0.111,0.029
0.114,0.030
0.114,0.030
0.113,0.029
0.115,0.029
0.114,0.029
0.115,0.029
0.117,0.029
0.116,0.029
0.116,0.028
0.119,0.029
0.118,0.028
0.118,0.029
0.120,0.030
0.119,0.033
0.118,0.034
0.120,0.035
0.119,0.037
0.120,0.036
0.123,0.036
0.122,0.036
0.122,0.035
0.125,0.034
0.125,0.034
0.125,0.034
0.127,0.034
0.127,0.036
0.127,0.036
0.128,0.036
0.128,0.037
0.127,0.036
0.130,0.036
0.129,0.036
0.129,0.036
0.132,0.036
0.130,0.036
0.131,0.037
0.133,0.039
0.131,0.041
0.131,0.042
0.134,0.044
0.133,0.044
0.135,0.042
0.137,0.041
0.135,0.040
0.138,0.038
0.138,0.036
0.137,0.035
0.138,0.034
0.139,0.034
0.137,0.034
0.137,0.034
0.139,0.035
0.137,0.036
0.138,0.037
0.138,0.039
0.137,0.038
0.139,0.039
0.138,0.039
0.137,0.037
0.138,0.037
0.136,0.037
0.135,0.035
0.135,0.036
0.132,0.036
0.131,0.036
0.131,0.037
0.128,0.039
0.129,0.037
0.128,0.038
0.128,0.037
0.128,0.034
0.128,0.035
0.127,0.034
0.127,0.032
0.126,0.034
0.125,0.035
0.125,0.034
0.124,0.035
0.123,0.035
0.123,0.035
0.123,0.036
0.121,0.037
0.119,0.038
0.120,0.041
0.118,0.040
0.118,0.040
0.118,0.041
0.117,0.041
0.117,0.040
0.116,0.041
0.116,0.040
0.115,0.040
0.115,0.040
0.114,0.039
0.114,0.041
0.112,0.043
0.112,0.043
0.111,0.045
0.111,0.047
0.110,0.047
0.110,0.048
0.109,0.048
0.109,0.047
0.109,0.047
0.108,0.046
0.107,0.045
0.107,0.045
0.106,0.045
0.106,0.044
0.105,0.045
0.107,0.045
0.106,0.046
0.106,0.047
0.106,0.048
0.106,0.050
0.106,0.051
0.106,0.052
0.106,0.053
0.106,0.054
0.107,0.056
0.106,0.057
0.105,0.058
0.107,0.058
0.105,0.058
0.105,0.056
0.106,0.056
0.106,0.057
0.106,0.056
0.108,0.057
0.107,0.058
0.108,0.058
0.109,0.059
0.108,0.059
0.109,0.059
0.110,0.058
0.109,0.057
0.109,0.055
0.109,0.056
0.108,0.057
0.108,0.058
0.109,0.060
0.108,0.060
0.110,0.061
0.111,0.062
0.111,0.063
0.112,0.062
0.113,0.064
0.113,0.062
0.113,0.062
0.112,0.062
0.112,0.062
0.113,0.063
0.112,0.064
0.111,0.064
0.113,0.063
0.112,0.063
0.112,0.061
0.113,0.059
0.114,0.058
0.113,0.057
0.114,0.058
0.114,0.059
0.113,0.060
0.114,0.061
0.113,0.062
0.114,0.062
0.113,0.061
0.113,0.062
0.111,0.061
0.113,0.062
0.112,0.062
0.111,0.062
0.111,0.062
0.111,0.062
0.110,0.062
0.110,0.060
0.109,0.061
0.108,0.059
0.108,0.058
0.108,0.058
0.107,0.057
0.108,0.059
0.108,0.060
0.107,0.061
0.107,0.062
0.108,0.063
0.107,0.062
0.107,0.062
0.106,0.063
0.106,0.062
0.107,0.064
0.105,0.064
0.105,0.063
0.105,0.064
0.103,0.065
0.104,0.063
0.104,0.064
0.104,0.064
0.103,0.064
0.104,0.066
0.102,0.066
0.102,0.067
0.102,0.068
0.100,0.068
0.101,0.068
0.100,0.069
0.100,0.068
0.101,0.067
0.100,0.068
0.100,0.066
0.101,0.065
0.098,0.066
0.097,0.063
0.098,0.065
0.097,0.067
0.096,0.067
0.097,0.069
0.094,0.072
0.095,0.071
0.095,0.072
0.093,0.073
0.094,0.071
0.094,0.070
0.092,0.070
0.093,0.069
0.092,0.069
0.091,0.071
0.092,0.070
0.091,0.071
0.091,0.073
0.091,0.072
0.090,0.073
0.090,0.073
0.089,0.071
0.088,0.071
0.088,0.071
0.088,0.071
0.087,0.071
0.086,0.071
0.086,0.070
0.085,0.069
0.084,0.069
0.085,0.069
0.083,0.070
0.083,0.070
0.083,0.071
0.082,0.071
0.082,0.071
0.083,0.071
0.083,0.072
0.082,0.071
0.083,0.071
0.082,0.070
0.082,0.070
0.082,0.071
0.080,0.071
0.081,0.074
0.081,0.073
0.080,0.074
0.080,0.073
0.080,0.072
0.078,0.071
0.079,0.069
0.078,0.068
0.078,0.067
0.078,0.067
0.078,0.066
0.078,0.066
0.078,0.067
0.078,0.068
0.078,0.069
0.077,0.070
0.077,0.071
0.075,0.071
0.075,0.073
0.075,0.073
0.074,0.073
0.075,0.075
0.075,0.075
0.075,0.076
0.075,0.076
0.075,0.077
0.075,0.077
0.075,0.077
0.075,0.077
0.073,0.078
0.075,0.078
0.075,0.078
0.074,0.078
0.075,0.078
0.075,0.078
0.074,0.077
0.075,0.077
0.075,0.077
0.073,0.076
0.075,0.075
0.075,0.073
0.073,0.072
0.074,0.071
0.074,0.071
0.073,0.071
0.073,0.071
0.074,0.071
0.073,0.072
0.073,0.073
0.073,0.073
0.072,0.074
0.073,0.075
0.073,0.075
0.072,0.077
0.073,0.075
0.073,0.074
0.073,0.074
0.073,0.074
0.074,0.074
0.073,0.075
0.074,0.075
0.074,0.073
0.073,0.075
0.074,0.073
0.073,0.073
0.071,0.074
0.071,0.073
0.071,0.074
0.071,0.074
0.072,0.075
0.072,0.073
0.070,0.075
0.072,0.074
0.071,0.072
0.070,0.073
0.071,0.073
0.072,0.074
0.070,0.075
0.071,0.074
0.071,0.075
0.069,0.076
0.071,0.074
0.070,0.074
0.069,0.075
0.071,0.074
0.071,0.076
0.069,0.077
0.070,0.076
0.070,0.077
0.069,0.077
0.071,0.076
0.069,0.077
0.068,0.079
0.070,0.078
0.069,0.077
0.067,0.077
0.068,0.075
0.067,0.075
0.065,0.075
0.067,0.073
0.065,0.074
0.064,0.073
0.065,0.074
0.063,0.075
0.063,0.075
0.065,0.075
0.063,0.075
0.064,0.075
0.066,0.076
0.064,0.076
0.064,0.075
0.065,0.075
0.062,0.077
0.064,0.076
0.065,0.077
0.062,0.077
0.064,0.076
0.064,0.075
0.062,0.074
0.063,0.073
0.062,0.073
0.060,0.073
0.062,0.072
0.062,0.072
0.060,0.072
0.061,0.072
0.061,0.074
0.060,0.075
0.061,0.076
0.061,0.077
0.060,0.076
0.061,0.077
0.061,0.076
0.060,0.076
0.061,0.076
0.059,0.075
0.058,0.074
0.058,0.073
0.057,0.072
0.056,0.071
0.057,0.073
0.055,0.073
0.055,0.074
0.055,0.075
0.054,0.075
0.054,0.075
0.055,0.076
0.055,0.077
0.054,0.076
0.055,0.077
0.056,0.076
0.055,0.076
0.055,0.075
0.054,0.074
0.054,0.074
0.054,0.074
0.053,0.073
0.052,0.073
0.052,0.073
0.051,0.073
0.049,0.074
0.050,0.075
0.049,0.076
0.048,0.078
0.048,0.078
0.049,0.079
0.048,0.079
0.048,0.079
0.049,0.077
0.048,0.077
0.050,0.076
0.050,0.075
0.049,0.075
0.049,0.074
0.049,0.074
0.047,0.074
0.048,0.074
0.048,0.073
0.046,0.073
0.049,0.071
0.047,0.071
0.046,0.071
0.048,0.071
0.047,0.071
0.045,0.072
0.048,0.073
0.047,0.073
0.046,0.071
0.049,0.071
0.047,0.071
0.046,0.071
0.049,0.072
0.046,0.073
0.046,0.073
0.048,0.073
0.046,0.073
0.046,0.074
0.048,0.074
0.046,0.074
0.046,0.074
0.049,0.075
0.047,0.075
0.047,0.075
0.048,0.074
0.048,0.075
0.048,0.074
0.049,0.073
0.047,0.072
0.046,0.071
0.049,0.071
0.047,0.071
0.047,0.070
0.049,0.070
0.046,0.070
0.046,0.070
0.047,0.071
0.045,0.071
0.045,0.071
0.046,0.071
0.044,0.072
0.045,0.071
0.046,0.073
0.043,0.073
0.045,0.072
0.045,0.074
0.043,0.073
0.045,0.071
0.045,0.072
0.043,0.071
0.045,0.070
0.044,0.070
0.042,0.069
0.044,0.069
0.042,0.070
0.041,0.069
0.042,0.070
0.040,0.071
0.040,0.069
0.041,0.070
0.039,0.071
0.041,0.069
0.042,0.071
0.039,0.071
0.040,0.070
0.040,0.071
0.038,0.070
0.037,0.069
0.036,0.069
0.035,0.068
0.035,0.065
0.036,0.066
0.035,0.064
0.035,0.063
0.036,0.063
0.035,0.062
0.036,0.062
0.036,0.062
0.036,0.061
0.036,0.061
0.036,0.062
0.035,0.061
0.035,0.062
0.035,0.063
0.034,0.064
0.036,0.063
0.035,0.064
0.035,0.063
0.035,0.063
0.035,0.063
0.033,0.062
0.032,0.060
0.033,0.060
0.031,0.058
0.031,0.057
0.030,0.059
0.030,0.060
0.031,0.060
0.030,0.062
0.030,0.061
0.031,0.060
0.030,0.061
0.029,0.059
0.029,0.060
0.029,0.061
0.028,0.061
0.027,0.062
0.025,0.063
0.024,0.062
0.024,0.063
0.023,0.062
0.023,0.062
0.021,0.062
0.020,0.063
0.020,0.062
0.019,0.063
0.017,0.062
0.018,0.060
0.018,0.060
0.017,0.059
0.016,0.057
0.015,0.059
0.014,0.060
0.013,0.059
0.011,0.060
0.010,0.060
0.009,0.061
0.010,0.062
0.008,0.062
0.007,0.062
0.008,0.063
0.007,0.064
0.006,0.064
0.005,0.064
0.005,0.064
0.005,0.065
0.004,0.063
0.003,0.062
0.001,0.062
0.001,0.062
0.000,0.062
-0.002,0.062
-0.003,0.064
-0.003,0.065
-0.005,0.064
-0.006,0.062
-0.006,0.061
-0.006,0.061
-0.007,0.058
-0.007,0.056
-0.009,0.053
-0.010,0.053
-0.008,0.053
-0.010,0.053
-0.011,0.052
-0.011,0.054
-0.012,0.054
-0.011,0.055
-0.010,0.056
-0.011,0.055
-0.011,0.058
-0.012,0.058
-0.013,0.056
-0.013,0.056
-0.012,0.056
-0.013,0.056
-0.013,0.055
-0.016,0.056
-0.016,0.056
-0.016,0.058
-0.016,0.058
-0.016,0.059
-0.016,0.060
-0.016,0.061
-0.016,0.059
-0.015,0.060
-0.015,0.060
-0.013,0.059
-0.013,0.060
-0.013,0.061
-0.012,0.062
-0.012,0.062
-0.010,0.063
-0.010,0.061
-0.012,0.059
-0.012,0.059
-0.011,0.057
-0.013,0.060
-0.012,0.060
-0.012,0.060
-0.012,0.063
-0.011,0.063
-0.011,0.063
-0.012,0.063
-0.011,0.061
-0.008,0.060
-0.010,0.060
-0.008,0.058
-0.008,0.058
-0.009,0.059
-0.007,0.056
-0.007,0.056
-0.007,0.056
-0.008,0.056
-0.006,0.057
-0.008,0.057
-0.008,0.056
-0.006,0.056
-0.008,0.057
-0.007,0.054
-0.008,0.053
-0.008,0.054
-0.008,0.054
-0.005,0.052
-0.006,0.052
-0.007,0.051
-0.006,0.051
-0.007,0.052
-0.006,0.049
-0.007,0.047
-0.006,0.048
-0.005,0.046
-0.006,0.046
-0.007,0.047
-0.007,0.046
-0.006,0.047
-0.006,0.049
-0.006,0.047
-0.006,0.048
-0.007,0.049
-0.006,0.050
-0.005,0.049
-0.007,0.049
-0.006,0.049
-0.006,0.049
-0.009,0.049
-0.007,0.047
-0.009,0.046
-0.008,0.046
-0.007,0.045
-0.006,0.045
-0.007,0.044
-0.006,0.043
-0.007,0.043
-0.008,0.043
-0.007,0.044
-0.009,0.045
-0.010,0.047
-0.009,0.046
-0.011,0.046
-0.011,0.047
-0.011,0.048
-0.011,0.050
-0.013,0.051
-0.013,0.052
-0.014,0.052
-0.013,0.050
-0.014,0.049
-0.016,0.047
-0.015,0.047
-0.016,0.045
-0.017,0.044
-0.018,0.044
-0.017,0.044
-0.017,0.043
-0.018,0.044
-0.017,0.044
-0.019,0.043
-0.018,0.044
-0.018,0.044
-0.020,0.044
-0.020,0.043
-0.020,0.044
-0.022,0.044
-0.022,0.044
-0.022,0.044
-0.024,0.043
-0.022,0.043
-0.022,0.045
-0.024,0.046
-0.022,0.046
-0.024,0.049
-0.026,0.049
-0.024,0.049
-0.024,0.049
-0.026,0.048
-0.025,0.047
-0.025,0.046
-0.027,0.046
-0.026,0.045
-0.027,0.045
-0.027,0.045
-0.026,0.045
-0.027,0.046
-0.028,0.047
-0.027,0.049
-0.027,0.049
-0.028,0.050
-0.028,0.052
-0.028,0.051
-0.029,0.050
-0.028,0.049
-0.027,0.046
-0.027,0.045
-0.027,0.044
-0.025,0.042
-0.026,0.041
-0.025,0.040
-0.024,0.038
-0.025,0.039
-0.025,0.038
-0.024,0.037
-0.024,0.039
-0.024,0.039
-0.022,0.041
-0.023,0.042
-0.022,0.042
-0.022,0.041
-0.023,0.040
-0.022,0.038
-0.024,0.036
-0.024,0.036
-0.024,0.035
-0.023,0.036
-0.026,0.036
-0.024,0.036
-0.023,0.036
-0.024,0.039
-0.023,0.037
-0.023,0.037
-0.024,0.039
-0.022,0.037
-0.021,0.038
-0.023,0.039
-0.021,0.038
-0.022,0.038
-0.024,0.040
-0.022,0.040
-0.023,0.041
-0.024,0.042
-0.023,0.040
-0.023,0.041
-0.025,0.043
-0.023,0.041
-0.022,0.042
-0.024,0.043
-0.021,0.040
-0.023,0.040
-0.023,0.039
-0.021,0.036
-0.022,0.035
-0.023,0.033
-0.022,0.032
-0.022,0.032
-0.022,0.031
-0.020,0.031
-0.021,0.032
-0.020,0.032
-0.017,0.032
-0.020,0.034
-0.020,0.033
-0.018,0.034
-0.021,0.036
-0.020,0.036
-0.018,0.036
-0.020,0.035
-0.019,0.033
-0.017,0.031
-0.020,0.032
-0.018,0.032
-0.017,0.033
-0.019,0.033
-0.018,0.032
-0.016,0.032
-0.018,0.032
-0.017,0.031
-0.016,0.033
-0.018,0.033
-0.017,0.032
-0.016,0.032
-0.018,0.032
-0.016,0.031
-0.016,0.031
-0.018,0.030
-0.016,0.030
-0.016,0.028
-0.018,0.026
-0.016,0.026
-0.016,0.026
-0.018,0.026
-0.017,0.027
-0.019,0.029
-0.020,0.029
-0.020,0.030
-0.021,0.031
-0.022,0.030
-0.021,0.030
-0.022,0.028
-0.023,0.026
-0.022,0.027
-0.022,0.026
-0.023,0.026
-0.023,0.027
-0.024,0.027
-0.026,0.028
-0.025,0.029
-0.026,0.029
-0.028,0.029
-0.027,0.028
-0.028,0.027
-0.029,0.027
-0.028,0.028
-0.028,0.029
-0.029,0.030
-0.029,0.030
-0.029,0.028
-0.031,0.028
-0.031,0.026
-0.032,0.024
-0.034,0.024
-0.033,0.024
-0.035,0.023
-0.037,0.023
-0.036,0.023
-0.036,0.023
-0.038,0.022
-0.037,0.023
-0.038,0.024
-0.039,0.024
-0.039,0.024
-0.041,0.025
-0.041,0.025
-0.041,0.025
-0.042,0.024
-0.043,0.024
-0.042,0.024
-0.043,0.022
-0.044,0.020
-0.041,0.019
-0.042,0.019
-0.043,0.019
-0.041,0.020
-0.042,0.022
-0.042,0.021
-0.041,0.023
-0.044,0.023
-0.046,0.023
-0.044,0.023
-0.047,0.023
-0.047,0.022
-0.046,0.021
-0.048,0.023
-0.048,0.021
-0.046,0.020
-0.047,0.019
-0.047,0.019
-0.043,0.019
-0.046,0.019
-0.045,0.019
-0.043,0.019
-0.044,0.019
-0.044,0.018
-0.042,0.019
-0.043,0.019
-0.044,0.019
-0.041,0.019
-0.042,0.019
-0.041,0.019
-0.039,0.019
-0.040,0.020
-0.039,0.020
-0.037,0.021
-0.038,0.022
-0.037,0.021
-0.034,0.022
-0.036,0.022
-0.035,0.022
-0.033,0.023
-0.034,0.024
-0.032,0.023
-0.030,0.023
-0.031,0.024
-0.029,0.023
-0.027,0.023
-0.028,0.023
-0.027,0.022
-0.025,0.023
-0.027,0.023
-0.026,0.023
-0.025,0.023
-0.026,0.023
-0.023,0.022
-0.023,0.023
-0.024,0.021
-0.022,0.023
-0.020,0.022
-0.021,0.019
-0.020,0.019
-0.020,0.017
-0.019,0.015
-0.018,0.015
-0.019,0.016
-0.018,0.015
-0.017,0.018
-0.017,0.019
-0.015,0.017
-0.013,0.020
-0.014,0.018
-0.013,0.015
-0.012,0.016
-0.012,0.014
-0.012,0.013
-0.011,0.015
-0.012,0.015
-0.012,0.014
-0.012,0.015
-0.012,0.013
-0.012,0.012
-0.012,0.012
-0.011,0.011
-0.012,0.010
-0.011,0.010
-0.010,0.011
-0.011,0.011
-0.012,0.012
-0.012,0.012
-0.012,0.013
-0.012,0.015
-0.013,0.013
-0.013,0.014
-0.012,0.012
-0.011,0.010
-0.012,0.008
-0.012,0.007
-0.012,0.005
-0.013,0.003
-0.014,0.004
-0.013,0.002
-0.014,0.004
-0.015,0.004
-0.015,0.006
-0.016,0.006
-0.017,0.006
-0.016,0.007
-0.017,0.008
-0.017,0.008
-0.017,0.007
-0.019,0.008
-0.018,0.007
-0.019,0.006
-0.019,0.005
-0.020,0.003
-0.020,0.001
-0.022,-0.000
-0.022,-0.001
-0.023,-0.001
-0.024,-0.001
-0.024,-0.001
-0.026,0.000
-0.027,-0.000
-0.027,0.000
-0.029,0.001
-0.030,-0.000
-0.030,0.000
-0.031,-0.000
-0.031,-0.001
-0.030,-0.001
-0.032,0.000
-0.032,-0.001
-0.032,-0.001
-0.034,-0.000
-0.034,-0.001
-0.034,0.001
-0.035,0.001
-0.035,0.000
-0.036,0.001
-0.036,0.000
-0.036,0.000
-0.035,0.001
-0.036,0.001
-0.036,0.000
-0.036,0.002
-0.037,0.002
-0.037,0.001
-0.037,0.003
-0.038,0.002
-0.037,0.001
-0.039,0.002
-0.039,0.000
-0.037,-0.001
-0.038,0.000
-0.038,-0.001
-0.037,-0.000
-0.039,0.002
-0.038,0.001
-0.036,0.001
-0.036,0.003
-0.036,0.002
-0.034,0.003
-0.036,0.003
-0.036,0.002
-0.034,0.002
-0.034,0.003
-0.035,0.002
-0.034,0.001
-0.033,0.001
-0.033,-0.001
-0.032,0.000
-0.031,0.001
-0.030,-0.000
-0.029,-0.002
-0.029,-0.001
-0.027,-0.001
-0.026,-0.000
-0.026,0.001
-0.026,0.000
-0.025,0.002
-0.025,0.003
-0.025,0.002
-0.024,0.003
-0.024,0.004
-0.023,0.002
-0.022,0.004
-0.022,0.004
-0.021,0.002
-0.020,0.002
-0.020,0.001
-0.020,-0.001
-0.020,-0.001
-0.021,-0.002
-0.019,-0.004
-0.019,-0.002
-0.019,-0.001
-0.018,-0.002
-0.018,-0.002
-0.018,-0.003
-0.017,-0.005
-0.017,-0.005
-0.018,-0.005
-0.016,-0.006
-0.016,-0.004
-0.016,-0.004
-0.015,-0.006
-0.015,-0.004
-0.013,-0.004
-0.013,-0.004
-0.013,-0.003
-0.012,-0.003
-0.010,-0.004
-0.011,-0.004
-0.009,-0.005
-0.008,-0.005
-0.009,-0.003
-0.008,-0.005
-0.008,-0.005
-0.009,-0.004
-0.007,-0.007
-0.007,-0.007
-0.008,-0.007
-0.007,-0.008
-0.007,-0.007
-0.009,-0.006
-0.008,-0.006
-0.008,-0.003
-0.010,-0.002
-0.008,-0.003
-0.006,-0.001
-0.007,0.001
-0.004,-0.001
-0.003,0.000
-0.004,-0.001
-0.002,-0.000
-0.002,0.000
-0.003,0.001
-0.002,0.000
-0.002,0.000
-0.003,0.000
-0.002,-0.002
-0.002,-0.003
-0.002,-0.003
0.000,-0.005
0.000,-0.005
-0.000,-0.007
0.001,-0.008
0.002,-0.007
0.002,-0.007
0.003,-0.007
0.005,-0.007
0.004,-0.006
0.006,-0.007
0.005,-0.007
0.004,-0.007
0.004,-0.007
0.003,-0.008
0.004,-0.009
0.003,-0.008
0.003,-0.009
0.004,-0.010
0.003,-0.011
0.003,-0.011
0.004,-0.010
0.004,-0.009
0.004,-0.009
0.005,-0.008
0.004,-0.008
0.005,-0.009
0.006,-0.009
0.007,-0.008
0.007,-0.009
0.007,-0.008
0.007,-0.007
0.007,-0.007
0.008,-0.006
0.007,-0.007
0.008,-0.008
0.009,-0.009
0.008,-0.010
0.009,-0.010
0.009,-0.009
0.010,-0.010
0.009,-0.010
0.009,-0.009
0.009,-0.010
0.009,-0.009
0.008,-0.009
0.008,-0.010
0.008,-0.010
0.008,-0.009
0.009,-0.008
0.008,-0.008
0.009,-0.007
0.010,-0.006
0.009,-0.005
0.010,-0.005
0.010,-0.005
0.010,-0.004
0.011,-0.006
0.013,-0.006
0.010,-0.006
0.012,-0.006
0.013,-0.007
0.011,-0.007
0.012,-0.008
0.013,-0.009
0.012,-0.008
0.013,-0.009
0.014,-0.009
0.013,-0.009
0.014,-0.009
0.015,-0.009
0.014,-0.006
0.015,-0.006
0.015,-0.007
0.014,-0.005
0.015,-0.006
0.017,-0.006
0.015,-0.007
0.016,-0.008
0.017,-0.009
0.016,-0.010
0.017,-0.012
0.018,-0.012
0.019,-0.009
0.020,-0.009
0.021,-0.007
0.021,-0.005
0.022,-0.005
0.023,-0.006
0.021,-0.006
0.023,-0.007
0.023,-0.009
0.022,-0.009
0.024,-0.012
0.023,-0.012
0.023,-0.013
0.023,-0.013
0.023,-0.014
0.023,-0.014
0.024,-0.015
0.025,-0.014
0.024,-0.013
0.026,-0.013
0.026,-0.011
0.024,-0.011
0.025,-0.012
0.026,-0.011
0.024,-0.011
0.026,-0.012
0.025,-0.012
0.024,-0.012
0.027,-0.014
0.026,-0.014
0.024,-0.014
0.026,-0.014
0.025,-0.013
0.025,-0.014
0.027,-0.014
0.025,-0.013
0.027,-0.014
0.029,-0.015
0.027,-0.015
0.028,-0.016
0.030,-0.016
0.027,-0.016
0.028,-0.018
0.030,-0.018
0.028,-0.019
0.030,-0.021
0.033,-0.020
0.030,-0.020
0.032,-0.020
0.033,-0.017
0.031,-0.016
0.033,-0.016
0.034,-0.016
0.033,-0.017
0.035,-0.019
0.036,-0.020
0.035,-0.022
0.035,-0.023
0.036,-0.023
0.034,-0.024
0.036,-0.022
0.036,-0.021
0.036,-0.021
0.037,-0.018
0.038,-0.017
0.038,-0.017
0.039,-0.014
0.039,-0.013
0.038,-0.013
0.039,-0.013
0.038,-0.013
0.038,-0.014
0.040,-0.014
0.039,-0.015
0.039,-0.016
0.041,-0.016
0.041,-0.016
0.039,-0.017
0.041,-0.017
0.040,-0.017
0.039,-0.017
0.039,-0.016
0.039,-0.016
0.039,-0.016
0.040,-0.015
0.041,-0.016
0.039,-0.015
0.041,-0.014
0.041,-0.015
0.040,-0.013
0.042,-0.013
0.041,-0.012
0.042,-0.012
0.044,-0.012
0.043,-0.013
0.043,-0.012
0.044,-0.011
0.044,-0.012
0.043,-0.011
0.044,-0.010
0.042,-0.010
0.041,-0.009
0.043,-0.009
0.041,-0.009
0.043,-0.011
0.044,-0.012
0.044,-0.013
0.045,-0.015
0.047,-0.014
0.046,-0.015
0.046,-0.014
0.048,-0.014
0.046,-0.014
0.045,-0.014
0.047,-0.014
0.047,-0.014
0.047,-0.015
0.049,-0.015
0.049,-0.014
0.048,-0.014
0.050,-0.014
0.049,-0.013
0.048,-0.013
0.050,-0.014
0.050,-0.014
0.049,-0.014
0.052,-0.014
0.051,-0.014
0.052,-0.013
0.054,-0.012
0.052,-0.010
0.053,-0.009
0.055,-0.008
0.054,-0.007
0.054,-0.007
0.056,-0.008
0.054,-0.008
0.054,-0.009
0.056,-0.008
0.053,-0.007
0.053,-0.009
0.055,-0.008
0.052,-0.008
0.054,-0.009
0.054,-0.009
0.054,-0.009
0.055,-0.012
0.057,-0.012
0.054,-0.013
0.056,-0.013
0.059,-0.013
0.056,-0.012
0.057,-0.012
0.059,-0.011
0.057,-0.010
0.058,-0.011
0.059,-0.010
0.057,-0.009
0.057,-0.009
0.058,-0.008
0.056,-0.008
0.058,-0.009
0.059,-0.008
0.057,-0.007
0.061,-0.007
0.061,-0.005
0.061,-0.007
0.062,-0.006
0.062,-0.007
0.062,-0.009
0.064,-0.009
0.064,-0.009
0.064,-0.011
0.067,-0.009
0.067,-0.009
0.067,-0.011
0.068,-0.009
0.068,-0.008
0.070,-0.009
0.070,-0.006
0.069,-0.006
0.072,-0.006
0.073,-0.004
0.071,-0.005
0.073,-0.005
0.073,-0.004
0.074,-0.005
0.074,-0.007
0.075,-0.005
0.076,-0.006
0.075,-0.005
0.076,-0.003
0.077,-0.002
0.077,-0.001
0.078,-0.000
0.079,-0.001
0.079,-0.000
0.079,0.002
0.081,0.000
0.081,0.002
0.082,-0.001
0.082,-0.003
0.084,-0.002
0.086,-0.002
0.086,-0.003
0.088,-0.004
0.088,-0.003
0.091,-0.006
0.091,-0.007
0.093,-0.007
0.093,-0.006
0.093,-0.005
0.096,-0.004
0.096,-0.004
0.097,-0.006
0.097,-0.004
0.098,-0.005
0.098,-0.007
0.100,-0.008
0.101,-0.006
0.102,-0.004
0.103,-0.003
0.101,-0.003
0.103,-0.002
0.102,-0.001
0.104,-0.003
0.104,-0.003
0.103,-0.003
0.105,-0.004
0.104,-0.004
0.105,-0.004
0.106,-0.005
0.107,-0.004
0.106,-0.003
0.106,-0.003
0.106,-0.001
0.105,-0.001
0.107,-0.001
0.106,-0.001
0.106,-0.002
0.106,-0.002
0.106,-0.002
0.108,-0.002
0.108,-0.003
0.107,-0.004
0.107,-0.003
0.106,-0.003
0.104,-0.004
0.106,-0.005
0.104,-0.005
0.105,-0.006
0.105,-0.005
0.103,-0.006
0.103,-0.006
0.104,-0.005
0.104,-0.005
0.103,-0.006
0.105,-0.004
0.103,-0.002
0.105,-0.001
0.105,-0.001
0.103,-0.000
0.104,-0.001
0.104,-0.001
0.104,-0.002
0.102,-0.005
0.102,-0.004
0.101,-0.006
0.102,-0.008
0.101,-0.006
0.101,-0.006
0.102,-0.004
0.100,-0.003
0.101,-0.003
0.102,-0.003
0.103,-0.002
0.102,-0.004
0.101,-0.005
0.099,-0.004
0.098,-0.007
0.100,-0.007
0.100,-0.006
0.100,-0.008
0.100,-0.006
0.100,-0.005
0.100,-0.005
0.099,-0.005
0.098,-0.004
0.098,-0.005
0.097,-0.002
0.096,-0.002
0.097,-0.001
0.095,0.000
0.097,-0.000
0.099,-0.000
0.098,-0.000
0.099,-0.001
0.101,-0.003
0.099,-0.002
0.100,-0.005
0.101,-0.004
0.097,-0.001
0.100,-0.001
0.101,-0.001
0.097,-0.000
0.098,0.000
0.099,0.001
0.097,0.003
0.096,0.002
0.097,0.004
0.096,0.007
0.098,0.005
0.099,0.006
0.097,0.008
0.099,0.009
0.099,0.010
0.099,0.012
0.101,0.011
0.102,0.011
0.102,0.011
0.104,0.008
0.104,0.008
0.103,0.007
0.106,0.006
0.105,0.007
0.105,0.007
0.107,0.007
0.106,0.007
0.105,0.008
0.107,0.007
0.108,0.008
0.108,0.007
0.110,0.006
0.109,0.006
0.108,0.006
0.111,0.007
0.110,0.008
0.111,0.009
0.113,0.010
0.112,0.011
0.112,0.012
0.114,0.012
0.114,0.013
0.113,0.012
0.115,0.010
0.114,0.010
0.115,0.010
0.117,0.008
0.115,0.009
0.117,0.010
0.119,0.011
0.117,0.013
0.118,0.012
0.121,0.013
0.119,0.012
0.119,0.011
0.122,0.010
0.119,0.010
0.122,0.008
0.122,0.008
0.120,0.008
0.122,0.007
0.123,0.008
0.120,0.006
0.121,0.005
0.122,0.007
0.119,0.008
0.120,0.007
0.121,0.009
0.119,0.009
0.121,0.008
0.121,0.009
0.119,0.008
0.121,0.008
0.121,0.008
0.120,0.008
0.121,0.008
0.120,0.007
0.119,0.007
0.119,0.008
0.119,0.009
0.118,0.009
0.118,0.010
0.118,0.010
0.116,0.009
0.118,0.010
0.117,0.010
0.116,0.010
0.117,0.012
0.117,0.011
0.116,0.010
0.117,0.010
0.117,0.010
0.116,0.009
0.117,0.011
0.116,0.011
0.115,0.012
0.116,0.014
0.116,0.014
0.115,0.015
0.117,0.017
0.116,0.016
0.116,0.017
0.116,0.018
0.116,0.017
0.115,0.018
0.115,0.018
0.115,0.017
0.115,0.018
0.115,0.017
0.115,0.016
0.114,0.016
0.114,0.014
0.114,0.012
0.113,0.013
0.114,0.015
0.114,0.013
0.114,0.015
0.114,0.017
0.115,0.017
0.114,0.019
0.115,0.020
0.116,0.021
0.114,0.023
0.115,0.022
0.116,0.022
0.115,0.023
0.116,0.021
0.116,0.020
0.114,0.022
0.116,0.021
0.116,0.021
0.114,0.023
0.116,0.023
0.116,0.025
0.114,0.027
0.114,0.025
0.114,0.025
0.113,0.026
0.114,0.024
0.115,0.025
0.111,0.025
0.113,0.025
0.112,0.026
0.109,0.027
0.111,0.027
0.110,0.028
0.108,0.028
0.111,0.027
0.110,0.028
0.109,0.028
0.112,0.027
0.110,0.027
0.109,0.026
0.112,0.024
0.109,0.024
0.109,0.023
0.112,0.023
0.110,0.023
0.110,0.022
0.113,0.023
0.111,0.025
0.112,0.024
0.114,0.025
0.112,0.027
0.112,0.026
0.115,0.027
0.112,0.028
0.114,0.027
0.116,0.027
0.114,0.027
0.115,0.025
0.115,0.024
0.114,0.023
0.115,0.023
0.116,0.022
0.115,0.023
0.117,0.024
0.118,0.025
0.117,0.026
0.119,0.027
0.120,0.027
0.119,0.027
0.121,0.028
0.122,0.029
0.121,0.030
0.124,0.030
0.125,0.030
0.124,0.029
0.127,0.030
0.127,0.030
0.127,0.028
0.129,0.028
0.130,0.028
0.129,0.027
0.132,0.028
0.133,0.029
0.133,0.029
0.135,0.030
0.135,0.030
0.135,0.028
0.136,0.028
0.136,0.027
0.134,0.027
0.137,0.027
0.138,0.027
0.136,0.028
0.139,0.030
0.139,0.032
0.139,0.034
0.140,0.036
0.139,0.038
0.138,0.038
0.140,0.038
0.140,0.037
0.139,0.036
0.141,0.036
0.140,0.036
0.140,0.036
0.140,0.038
0.140,0.039
0.140,0.038
0.141,0.040
0.139,0.040
0.139,0.038
0.140,0.039
0.138,0.038
0.139,0.039
0.140,0.039
0.138,0.041
0.139,0.039
0.139,0.041
0.138,0.041
0.138,0.040
0.138,0.040
0.136,0.039
0.135,0.039
0.135,0.038
0.134,0.038
0.134,0.038
0.134,0.039
0.133,0.040
0.132,0.040
0.133,0.041
0.131,0.041
0.129,0.043
0.130,0.043
0.128,0.043
0.126,0.044
0.127,0.042
0.126,0.042
0.124,0.043
0.125,0.042
0.123,0.043
0.123,0.044
0.125,0.044
0.122,0.045
0.121,0.044
0.122,0.042
0.121,0.043
0.120,0.042
0.120,0.042
0.118,0.044
0.117,0.046
0.119,0.047
0.116,0.049
0.115,0.049
0.117,0.049
0.114,0.049
0.114,0.048
0.114,0.049
0.113,0.049
0.113,0.048
0.114,0.049
0.112,0.049
0.113,0.047
0.113,0.047
0.110,0.048
0.112,0.047
0.112,0.047
0.109,0.047
0.110,0.045
0.111,0.047
0.108,0.046
0.109,0.046
0.109,0.049
0.107,0.049
0.109,0.050
0.109,0.053
0.108,0.053
0.110,0.052
0.109,0.053
0.108,0.051
0.110,0.051
0.108,0.051
0.108,0.050
0.109,0.052
0.108,0.053
0.108,0.053
0.108,0.054
0.107,0.055
0.107,0.054
0.108,0.055
0.107,0.056
0.107,0.054
0.110,0.055
0.108,0.054
0.109,0.053
0.109,0.054
0.109,0.053
0.109,0.053
0.110,0.053
0.110,0.053
0.110,0.053
0.112,0.054
0.110,0.053
0.111,0.054
0.113,0.056
0.112,0.055
0.113,0.056
0.113,0.057
0.113,0.057
0.113,0.057
0.113,0.059
0.113,0.059
0.113,0.058
0.114,0.059
0.113,0.059
0.115,0.059
0.115,0.060
0.114,0.059
0.115,0.059
0.116,0.060
0.115,0.059
0.115,0.058
0.116,0.058
0.115,0.056
0.115,0.054
0.116,0.055
0.114,0.055
0.115,0.055
0.116,0.056
0.115,0.056
0.115,0.056
0.116,0.057
0.115,0.056
0.115,0.056
0.115,0.055
0.114,0.055
0.114,0.054
0.114,0.053
0.114,0.053
0.114,0.052
0.112,0.053
0.111,0.053
0.111,0.054
0.109,0.055
0.109,0.054
0.108,0.055
0.109,0.055
0.109,0.054
0.109,0.055
0.109,0.055
0.107,0.054
0.106,0.056
0.105,0.056
0.103,0.056
0.103,0.057
0.102,0.056
0.101,0.056
0.101,0.056
0.101,0.056
0.101,0.056
0.100,0.056
0.101,0.058
0.101,0.059
0.100,0.058
0.100,0.059
0.100,0.060
0.100,0.060
0.100,0.061
0.098,0.062
0.098,0.062
0.098,0.062
0.096,0.062
0.096,0.062
0.096,0.062
0.095,0.062
0.095,0.062
0.094,0.063
0.094,0.063
0.095,0.063
0.094,0.064
0.094,0.063
0.095,0.063
0.094,0.065
0.093,0.065
0.093,0.068
0.092,0.069
0.090,0.068
0.090,0.069
0.089,0.070
0.089,0.068
0.089,0.068
0.089,0.066
0.089,0.064
0.089,0.065
0.089,0.065
0.089,0.065
0.088,0.067
0.088,0.067
0.088,0.067
0.086,0.069
0.086,0.069
0.087,0.069
0.084,0.071
0.084,0.070
0.085,0.070
0.082,0.071
0.083,0.068
0.082,0.067
0.081,0.067
0.082,0.067
0.083,0.068
0.081,0.070
0.083,0.068
0.083,0.068
0.081,0.070
0.082,0.070
0.083,0.071
0.080,0.072
0.080,0.072
0.080,0.071
0.079,0.072
0.079,0.071
0.079,0.069
0.078,0.069
0.078,0.068
0.078,0.069
0.077,0.069
0.077,0.070
0.078,0.071
0.076,0.071
0.077,0.070
0.078,0.069
0.078,0.069
0.078,0.069
0.079,0.069
0.077,0.069
0.078,0.067
0.078,0.066
0.077,0.065
0.079,0.064
0.078,0.063
0.078,0.065
0.080,0.064
0.079,0.066
0.078,0.069
0.079,0.069
0.078,0.069
0.077,0.071
0.079,0.070
0.077,0.070
0.077,0.070
0.078,0.068
0.076,0.069
0.076,0.068
0.077,0.067
0.075,0.066
0.075,0.066
0.077,0.065
0.075,0.064
0.075,0.063
0.076,0.063
0.073,0.064
0.074,0.062
0.074,0.063
0.072,0.064
0.073,0.063
0.075,0.065
0.072,0.066
0.073,0.067
0.075,0.068
0.072,0.069
0.075,0.068
0.075,0.068
0.072,0.066
0.075,0.065
0.075,0.065
0.072,0.064
0.073,0.063
0.073,0.064
0.070,0.064
0.072,0.065
0.072,0.067
0.070,0.067
0.073,0.066
0.071,0.066
0.070,0.065
0.071,0.063
0.070,0.063
0.069,0.065
0.071,0.065
0.068,0.065
0.067,0.065
0.069,0.066
0.067,0.066
0.067,0.065
0.068,0.066
0.067,0.065
0.066,0.064
0.068,0.064
0.066,0.064
0.065,0.065
0.067,0.066
0.065,0.066
0.065,0.067
0.066,0.068
0.066,0.068
0.065,0.069
0.066,0.069
0.065,0.068
0.064,0.068
0.066,0.068
0.064,0.068
0.063,0.069
0.064,0.068
0.063,0.067
0.061,0.066
0.063,0.066
0.062,0.065
0.061,0.065
0.062,0.065
0.060,0.065
0.060,0.067
0.061,0.067
0.060,0.067
0.059,0.067
0.061,0.067
0.059,0.066
0.058,0.066
0.060,0.067
0.058,0.066
0.058,0.066
0.060,0.066
0.058,0.066
0.058,0.066
0.059,0.068
0.058,0.068
0.057,0.069
0.060,0.069
0.057,0.069
0.057,0.071
0.059,0.073
0.057,0.074
0.057,0.074
0.058,0.075
0.056,0.074
0.055,0.073
0.057,0.071
0.055,0.070
0.055,0.069
0.057,0.069
0.055,0.069
0.055,0.070
0.057,0.069
0.056,0.070
0.055,0.070
0.057,0.069
0.055,0.069
0.056,0.069
0.057,0.068
0.055,0.069
0.055,0.070
0.057,0.069
0.055,0.069
0.055,0.069
0.056,0.070
0.054,0.070
0.053,0.070
0.054,0.070
0.052,0.070
0.052,0.071
0.053,0.069
0.051,0.070
0.052,0.069
0.053,0.069
0.051,0.069
0.051,0.069
0.052,0.069
0.050,0.069
0.050,0.070
0.050,0.070
0.049,0.072
0.049,0.073
0.049,0.073
0.047,0.073
0.049,0.073
0.050,0.072
0.049,0.071
0.050,0.071
0.051,0.071
0.049,0.072
0.051,0.072
0.051,0.072
0.049,0.073
0.050,0.071
0.049,0.072
0.047,0.071
0.049,0.071
0.048,0.071
0.046,0.070
0.048,0.068
0.048,0.067
0.047,0.066
0.049,0.065
0.049,0.066
0.048,0.065
0.050,0.066
0.049,0.068
0.048,0.067
0.050,0.067
0.048,0.067
0.047,0.068
0.049,0.069
0.047,0.071
0.047,0.070
0.048,0.071
0.046,0.071
0.045,0.067
0.048,0.067
0.045,0.066
0.046,0.065
0.047,0.067
0.045,0.068
0.045,0.066
0.047,0.066
0.045,0.065
0.044,0.063
0.045,0.065
0.043,0.064
0.043,0.063
0.044,0.064
0.043,0.064
0.043,0.064
0.044,0.064
0.043,0.064
0.043,0.065
0.044,0.067
0.042,0.067
0.042,0.069
0.042,0.071
0.041,0.071
0.041,0.071
0.040,0.071
0.039,0.070
0.040,0.069
0.039,0.069
0.037,0.067
0.038,0.067
0.038,0.066
0.038,0.064
0.038,0.066
0.038,0.065
0.037,0.065
0.037,0.064
0.037,0.065
0.036,0.065
0.035,0.065
0.035,0.066
0.033,0.066
0.033,0.066
0.034,0.066
0.033,0.064
0.033,0.064
0.034,0.063
0.033,0.062
0.032,0.061
0.033,0.061
0.031,0.061
0.032,0.063
0.032,0.063
0.031,0.064
0.032,0.065
0.032,0.065
0.031,0.065
0.031,0.065
0.032,0.064
0.031,0.063
0.029,0.063
0.031,0.062
0.031,0.062
0.031,0.062
0.032,0.063
0.031,0.063
0.031,0.063
0.031,0.063
0.030,0.062
0.030,0.062
0.031,0.062
0.029,0.062
0.029,0.062
0.029,0.062
0.027,0.062
0.027,0.062
0.025,0.061
0.025,0.059
0.024,0.058
0.024,0.058
0.023,0.057
0.024,0.058
0.024,0.060
0.022,0.060
0.022,0.060
0.021,0.061
0.019,0.059
0.020,0.059
0.018,0.058
0.018,0.056
0.019,0.056
0.018,0.057
0.016,0.056
0.017,0.055
0.015,0.056
0.015,0.055
0.016,0.056
0.013,0.058
0.011,0.058
0.011,0.058
0.010,0.058
0.008,0.055
0.010,0.055
0.007,0.055
0.006,0.054
0.006,0.053
0.004,0.053
0.004,0.053
0.004,0.054
0.003,0.054
0.001,0.053
0.002,0.054
-0.001,0.054
-0.000,0.054
-0.001,0.054
-0.004,0.054
-0.003,0.055
-0.005,0.055
-0.006,0.054
-0.007,0.053
-0.005,0.054
-0.007,0.054
-0.008,0.053
-0.008,0.056
-0.009,0.055
-0.006,0.056
-0.007,0.057
-0.008,0.056
-0.007,0.056
-0.008,0.057
-0.008,0.057
-0.009,0.056
-0.009,0.057
-0.011,0.056
-0.011,0.057
-0.014,0.059
-0.015,0.058
-0.015,0.058
-0.016,0.060
-0.015,0.059
-0.014,0.058
-0.016,0.061
-0.015,0.058
-0.014,0.059
-0.016,0.060
-0.014,0.058
-0.016,0.060
-0.017,0.060
-0.016,0.057
-0.017,0.057
-0.019,0.057
-0.017,0.055
-0.016,0.057
-0.019,0.057
-0.018,0.057
-0.018,0.058
-0.017,0.056
-0.016,0.057
-0.016,0.057
-0.016,0.058
-0.016,0.056
-0.015,0.058
-0.015,0.056
-0.013,0.056
-0.013,0.057
-0.013,0.057
-0.013,0.061
-0.013,0.060
-0.012,0.061
-0.012,0.060
-0.013,0.059
-0.012,0.059
-0.013,0.058
-0.013,0.058
-0.012,0.056
-0.012,0.057
-0.011,0.055
-0.010,0.057
-0.012,0.058
-0.011,0.058
-0.009,0.059
-0.011,0.058
-0.010,0.059
-0.009,0.058
-0.011,0.060
-0.010,0.059
-0.010,0.058
-0.010,0.057
-0.009,0.056
-0.011,0.057
-0.012,0.058
-0.011,0.058
-0.012,0.058
-0.014,0.058
-0.011,0.058
-0.012,0.059
-0.013,0.057
-0.012,0.056
-0.013,0.056
-0.011,0.053
-0.010,0.053
-0.010,0.054
-0.010,0.053
-0.009,0.054
-0.009,0.055
-0.009,0.053
-0.010,0.054
-0.010,0.055
-0.010,0.054
-0.012,0.056
-0.012,0.054
-0.012,0.052
-0.011,0.054
-0.012,0.052
-0.012,0.051
-0.013,0.052
-0.011,0.052
-0.010,0.052
-0.012,0.053
-0.012,0.053
-0.011,0.053
-0.014,0.054
-0.013,0.051
-0.012,0.051
-0.014,0.051
-0.015,0.050
-0.013,0.049
-0.017,0.050
-0.016,0.049
-0.016,0.048
-0.017,0.049
-0.017,0.047
-0.017,0.048
-0.019,0.047
-0.020,0.046
-0.019,0.047
-0.022,0.047
-0.021,0.047
-0.021,0.047
-0.023,0.049
-0.023,0.047
-0.022,0.047
-0.024,0.047
-0.024,0.045
-0.023,0.044
-0.025,0.044
-0.024,0.042
-0.024,0.043
-0.026,0.044
-0.025,0.043
-0.025,0.044
-0.026,0.045
-0.026,0.043
-0.027,0.044
-0.028,0.044
-0.028,0.044
-0.028,0.043
-0.029,0.043
-0.029,0.042
-0.030,0.041
-0.031,0.042
-0.031,0.040
-0.030,0.041
-0.031,0.041
-0.031,0.041
-0.031,0.043
-0.032,0.045
-0.031,0.047
-0.032,0.048
-0.031,0.048
-0.031,0.048
-0.031,0.048
-0.031,0.047
-0.031,0.046
-0.031,0.047
-0.031,0.046
-0.031,0.046
-0.032,0.047
-0.032,0.046
-0.032,0.045
-0.032,0.045
-0.031,0.044
-0.031,0.043
-0.031,0.043
-0.030,0.041
-0.029,0.041
-0.029,0.041
-0.029,0.042
-0.029,0.043
-0.030,0.044
-0.029,0.044
-0.029,0.043
-0.029,0.043
-0.029,0.043
-0.029,0.043
-0.029,0.044
-0.028,0.045
-0.028,0.046
-0.028,0.047
-0.026,0.047
-0.026,0.046
-0.026,0.046
-0.026,0.045
-0.025,0.045
-0.026,0.045
-0.026,0.045
-0.026,0.044
-0.026,0.044
-0.026,0.043
-0.026,0.043
-0.024,0.042
-0.023,0.042
-0.024,0.042
-0.023,0.041
-0.022,0.041
-0.022,0.040
-0.022,0.039
-0.021,0.039
-0.021,0.038
-0.020,0.039
-0.022,0.040
-0.022,0.041
-0.022,0.040
-0.023,0.041
-0.023,0.040
-0.022,0.040
-0.024,0.040
-0.023,0.039
-0.022,0.039
-0.023,0.040
-0.023,0.040
-0.022,0.040
-0.024,0.038
-0.024,0.037
-0.023,0.037
-0.023,0.036
-0.022,0.035
-0.022,0.036
-0.021,0.035
-0.021,0.035
-0.021,0.036
-0.021,0.035
-0.019,0.035
-0.021,0.036
-0.020,0.035
-0.019,0.036
-0.019,0.037
-0.019,0.036
-0.019,0.035
-0.019,0.037
-0.019,0.036
-0.019,0.035
-0.019,0.036
-0.020,0.035
-0.019,0.034
-0.021,0.035
-0.021,0.034
-0.020,0.034
-0.021,0.034
-0.021,0.034
-0.020,0.033
-0.020,0.034
-0.021,0.032
-0.021,0.031
-0.022,0.031
-0.023,0.029
-0.023,0.028
-0.024,0.029
-0.024,0.027
-0.024,0.028
-0.024,0.031
-0.024,0.030
-0.024,0.031
-0.024,0.033
-0.024,0.033
-0.024,0.034
-0.026,0.035
-0.026,0.034
-0.027,0.033
-0.029,0.034
-0.029,0.032
-0.029,0.034
-0.030,0.035
-0.030,0.033
-0.029,0.033
-0.030,0.033
-0.029,0.030
-0.031,0.028
-0.032,0.028
-0.032,0.025
-0.033,0.026
-0.034,0.025
-0.034,0.024
-0.035,0.023
-0.038,0.022
-0.037,0.021
-0.040,0.023
-0.041,0.022
-0.041,0.022
-0.043,0.024
-0.042,0.023
-0.041,0.024
-0.043,0.026
-0.042,0.025
-0.042,0.026
-0.045,0.028
-0.044,0.027
-0.045,0.029
-0.047,0.030
-0.046,0.028
-0.046,0.027
-0.047,0.027
-0.046,0.023
-0.044,0.024
-0.047,0.025
-0.046,0.024
-0.045,0.025
-0.048,0.026
-0.046,0.024
-0.046,0.025
-0.048,0.024
-0.046,0.023
-0.046,0.024
-0.047,0.024
-0.046,0.024
-0.046,0.024
-0.047,0.024
-0.046,0.024
-0.045,0.025
-0.046,0.026
-0.045,0.024
-0.046,0.025
-0.046,0.024
-0.045,0.023
-0.046,0.023
-0.046,0.022
-0.044,0.022
-0.045,0.022
-0.045,0.022
-0.043,0.022
-0.043,0.022
-0.042,0.021
-0.040,0.022
-0.040,0.022
-0.039,0.023
-0.037,0.023
-0.038,0.023
-0.038,0.025
-0.037,0.025
-0.038,0.026
-0.037,0.028
-0.035,0.028
-0.035,0.028
-0.035,0.028
-0.034,0.028
-0.033,0.025
-0.033,0.025
-0.032,0.022
-0.031,0.021
-0.031,0.022
-0.030,0.020
-0.030,0.018
-0.030,0.018
-0.029,0.016
-0.028,0.016
-0.029,0.017
-0.027,0.017
-0.026,0.018
-0.025,0.022
-0.024,0.022
-0.024,0.023
-0.024,0.023
-0.024,0.022
-0.023,0.020
-0.023,0.021
-0.022,0.018
-0.022,0.017
-0.022,0.018
-0.020,0.017
-0.020,0.018
-0.020,0.019
-0.019,0.019
-0.019,0.020
-0.019,0.021
-0.017,0.020
-0.017,0.020
-0.017,0.021
-0.015,0.019
-0.017,0.020
-0.016,0.020
-0.016,0.020
-0.016,0.021
-0.017,0.020
-0.016,0.021
-0.017,0.021
-0.016,0.020
-0.015,0.020
-0.017,0.020
-0.016,0.018
-0.015,0.016
-0.016,0.016
-0.016,0.015
-0.015,0.015
-0.017,0.016
-0.016,0.016
-0.015,0.015
-0.016,0.015
-0.016,0.014
-0.015,0.013
-0.018,0.014
-0.017,0.013
-0.016,0.012
-0.019,0.010
-0.018,0.009
-0.017,0.008
-0.019,0.007
-0.018,0.008
-0.017,0.007
-0.019,0.009
-0.017,0.010
-0.016,0.011
-0.018,0.013
-0.016,0.012
-0.017,0.012
-0.020,0.010
-0.019,0.009
-0.020,0.009
-0.022,0.008
-0.021,0.007
-0.022,0.007
-0.024,0.008
-0.023,0.008
-0.024,0.009
-0.027,0.010
-0.026,0.010
-0.027,0.010
-0.029,0.010
-0.028,0.010
-0.030,0.009
-0.032,0.008
-0.031,0.007
-0.033,0.008
-0.034,0.007
-0.033,0.008
-0.036,0.009
-0.037,0.007
-0.034,0.009
-0.037,0.008
-0.037,0.007
-0.035,0.008
-0.038,0.008
-0.037,0.006
-0.036,0.007
-0.038,0.007
-0.037,0.005
-0.036,0.006
-0.039,0.007
-0.039,0.008
-0.037,0.010
-0.039,0.010
-0.038,0.010
-0.037,0.012
-0.038,0.013
-0.037,0.014
-0.035,0.015
-0.036,0.013
-0.036,0.013
-0.035,0.013
-0.036,0.012
-0.035,0.013
-0.034,0.014
-0.035,0.014
-0.034,0.015
-0.032,0.014
-0.032,0.013
-0.033,0.012
-0.030,0.011
-0.030,0.010
-0.030,0.010
-0.029,0.010
-0.030,0.011
-0.029,0.012
-0.028,0.013
-0.029,0.013
-0.029,0.014
-0.026,0.014
-0.027,0.011
-0.027,0.010
-0.025,0.008
-0.027,0.008
-0.026,0.007
-0.024,0.006
-0.025,0.007
-0.025,0.005
-0.024,0.006
-0.025,0.004
-0.025,0.005
-0.024,0.004
-0.024,0.004
-0.024,0.006
-0.023,0.005
-0.023,0.005
-0.023,0.004
-0.022,0.005
-0.022,0.005
-0.021,0.006
-0.021,0.007
-0.020,0.007
-0.019,0.007
-0.019,0.007
-0.018,0.006
-0.017,0.005
-0.017,0.004
-0.017,0.001
-0.016,-0.000
-0.015,-0.002
-0.016,-0.002
-0.015,-0.003
-0.014,-0.004
-0.015,-0.005
-0.013,-0.004
-0.013,-0.003
-0.013,-0.003
-0.011,-0.004
-0.010,-0.003
-0.010,-0.004
-0.010,-0.006
-0.010,-0.006
-0.011,-0.006
-0.009,-0.006
-0.010,-0.005
-0.010,-0.003
-0.008,-0.003
-0.008,-0.003
-0.008,-0.003
-0.005,-0.003
-0.004,-0.001
-0.004,-0.001
-0.002,-0.000
-0.003,0.001
-0.003,-0.001
-0.000,-0.001
-0.002,-0.000
-0.001,-0.002
0.000,-0.001
-0.001,-0.002
-0.001,-0.004
0.000,-0.003
-0.001,-0.003
-0.001,-0.003
-0.001,-0.001
-0.001,0.001
-0.001,0.000
-0.000,0.002
0.000,0.002
0.002,0.003
0.002,0.005
0.003,0.003
0.005,0.003
0.005,0.004
0.005,0.002
0.007,0.001
0.004,0.001
0.004,0.001
0.004,0.000
0.003,0.002
0.002,0.001
0.002,0.001
0.002,0.003
0.001,0.001
0.002,0.000
0.002,0.001
0.002,0.000
0.003,0.001
0.002,0.004
0.003,0.003
0.004,0.003
0.002,0.004
0.002,0.000
0.004,0.000
0.004,-0.001
0.005,-0.003
0.005,-0.002
0.004,0.000
0.005,-0.001
0.006,-0.001
0.007,0.001
0.007,0.001
0.010,0.002
0.008,0.002
0.010,0.002
0.010,0.002
0.010,0.003
0.011,0.002
0.011,0.000
0.012,-0.002
0.011,-0.004
0.012,-0.005
0.011,-0.005
0.011,-0.005
0.011,-0.004
0.011,-0.004
0.011,-0.004
0.011,-0.003
0.010,-0.005
0.010,-0.007
0.011,-0.005
0.011,-0.006
0.012,-0.006
0.011,-0.005
0.011,-0.006
0.013,-0.006
0.012,-0.005
0.012,-0.005
0.014,-0.006
0.013,-0.005
0.014,-0.006
0.015,-0.007
0.015,-0.006
0.015,-0.006
0.017,-0.005
0.016,-0.004
0.016,-0.003
0.018,-0.003
0.017,-0.003
0.019,-0.005
0.020,-0.005
0.020,-0.005
0.021,-0.007
0.021,-0.006
0.020,-0.006
0.021,-0.006
0.021,-0.007
0.020,-0.005
0.021,-0.007
0.022,-0.007
0.019,-0.006
0.021,-0.007
0.021,-0.007
0.018,-0.007
0.019,-0.009
0.019,-0.008
0.018,-0.009
0.020,-0.009
0.021,-0.009
0.019,-0.008
0.021,-0.008
0.022,-0.006
0.021,-0.006
0.023,-0.006
0.023,-0.004
0.023,-0.004
0.024,-0.004
0.024,-0.004
0.024,-0.004
0.025,-0.004
0.024,-0.005
0.025,-0.005
0.025,-0.006
0.025,-0.007
0.024,-0.008
0.025,-0.007
0.025,-0.006
0.025,-0.005
0.025,-0.004
0.025,-0.004
0.027,-0.003
0.027,-0.004
0.027,-0.006
0.028,-0.008
0.029,-0.008
0.029,-0.009
0.030,-0.009
0.030,-0.007
0.030,-0.009
0.032,-0.008
0.032,-0.007
0.032,-0.008
0.033,-0.007
0.033,-0.008
0.033,-0.009
0.033,-0.008
0.034,-0.008
0.034,-0.008
0.034,-0.007
0.034,-0.007
0.034,-0.007
0.035,-0.006
0.034,-0.005
0.035,-0.005
0.036,-0.003
0.036,-0.002
0.037,-0.002
0.037,0.001
0.038,-0.001
0.038,-0.001
0.038,-0.000
0.038,-0.002
0.040,-0.002
0.039,-0.002
0.039,-0.003
0.041,-0.003
0.040,-0.002
0.041,-0.004
0.040,-0.003
0.039,-0.002
0.041,-0.002
0.040,-0.001
0.040,0.001
0.041,0.000
0.042,0.000
0.041,0.001
0.041,-0.001
0.041,-0.000
0.041,0.001
0.041,-0.001
0.041,0.000
0.041,0.000
0.041,0.000
0.041,-0.000
0.041,-0.001
0.042,-0.002
0.041,-0.002
0.042,-0.003
0.044,-0.005
0.043,-0.004
0.044,-0.007
0.044,-0.008
0.043,-0.007
0.045,-0.009
0.046,-0.010
0.043,-0.009
0.045,-0.011
0.046,-0.013
0.044,-0.011
0.045,-0.014
0.046,-0.013
0.044,-0.011
0.045,-0.012
0.046,-0.011
0.043,-0.010
0.045,-0.012
0.045,-0.011
0.042,-0.010
0.045,-0.012
0.046,-0.009
0.044,-0.008
0.045,-0.010
0.046,-0.008
0.045,-0.007
0.046,-0.009
0.046,-0.008
0.044,-0.007
0.046,-0.006
0.045,-0.004
0.045,-0.003
0.047,-0.003
0.047,-0.002
0.046,-0.002
0.048,-0.004
0.048,-0.005
0.046,-0.007
0.050,-0.009
0.049,-0.010
0.049,-0.011
0.050,-0.011
0.049,-0.010
0.050,-0.009
0.050,-0.007
0.051,-0.006
0.051,-0.004
0.052,-0.004
0.051,-0.003
0.051,-0.003
0.052,-0.004
0.051,-0.004
0.050,-0.005
0.052,-0.006
0.052,-0.007
0.052,-0.008
0.053,-0.009
0.053,-0.008
0.054,-0.008
0.055,-0.007
0.055,-0.006
0.055,-0.004
0.056,-0.003
0.056,-0.003
0.057,-0.002
0.057,-0.001
0.056,-0.001
0.057,-0.002
0.058,-0.003
0.056,-0.003
0.058,-0.004
0.059,-0.004
0.057,-0.005
0.059,-0.005
0.058,-0.005
0.058,-0.005
0.060,-0.004
0.062,-0.004
0.061,-0.004
0.062,-0.003
0.063,-0.003
0.063,-0.003
0.065,-0.003
0.065,-0.004
0.065,-0.004
0.067,-0.004
0.068,-0.003
0.066,-0.005
0.069,-0.004
0.071,-0.004
0.070,-0.004
0.071,-0.003
0.071,-0.003
0.071,-0.002
0.071,-0.002
0.073,-0.003
0.072,-0.002
0.074,0.000
0.074,0.001
0.073,0.003
0.075,0.004
0.076,0.002
0.076,0.003
0.076,0.003
0.077,0.002
0.078,0.001
0.079,0.002
0.080,0.000
0.079,0.001
0.082,0.003
0.083,0.002
0.083,0.004
0.084,0.003
0.085,0.003
0.085,0.005
0.085,0.006
0.086,0.005
0.085,0.008
0.087,0.008
0.088,0.008
0.088,0.008
0.089,0.008
0.090,0.008
0.090,0.008
0.092,0.007
0.094,0.004
0.093,0.005
0.096,0.005
0.097,0.003
0.095,0.003
0.098,0.002
0.100,0.003
0.099,0.003
0.100,0.001
0.100,0.002
0.098,0.006
0.101,0.006
0.100,0.006
0.099,0.007
0.102,0.006
0.103,0.006
0.101,0.006
0.104,0.003
0.105,0.003
0.104,0.003
0.107,0.002
0.104,0.003
0.104,0.003
0.108,0.004
0.106,0.005
0.106,0.005
0.107,0.005
0.107,0.007
0.106,0.006
0.108,0.007
0.107,0.007
0.107,0.006
0.110,0.006
0.108,0.005
0.108,0.001
0.110,-0.000
0.108,-0.002
0.108,-0.005
0.109,-0.005
0.106,-0.003
0.107,-0.004
0.110,-0.001
0.107,-0.002
0.108,-0.002
0.109,-0.000
0.107,-0.001
0.108,-0.001
0.107,-0.002
0.105,0.001
0.107,0.004
0.106,0.004
0.103,0.003
0.102,0.003
0.103,0.002
0.101,-0.002
0.102,-0.003
0.102,-0.003
0.102,-0.003
0.103,-0.004
0.102,-0.005
0.101,-0.006
0.101,-0.003
0.102,-0.003
0.101,-0.003
0.100,-0.000
0.100,0.000
0.100,0.002
0.100,0.004
0.100,0.004
0.098,0.006
0.100,0.009
0.100,0.010
0.099,0.010
0.098,0.010
0.099,0.007
0.097,0.007
0.098,0.006
0.098,0.004
0.096,0.005
0.098,0.006
0.098,0.005
0.097,0.004
0.096,0.004
0.097,0.004
0.095,0.006
0.096,0.005
0.096,0.007
0.096,0.008
0.097,0.008
0.097,0.006
0.096,0.005
0.097,0.005
0.098,0.004
0.097,0.002
0.098,0.002
0.097,0.003
0.097,0.002
0.098,0.003
0.097,0.003
0.097,0.003
0.097,0.004
0.096,0.004
0.095,0.004
0.096,0.004
0.097,0.006
0.096,0.007
0.100,0.008
0.099,0.009
0.101,0.009
0.102,0.009
0.102,0.009
0.103,0.010
0.104,0.009
0.103,0.010
0.102,0.010
0.105,0.010
0.103,0.010
0.103,0.009
0.105,0.009
0.104,0.010
0.103,0.010
0.105,0.011
0.105,0.010
0.106,0.009
0.108,0.008
0.108,0.008
0.110,0.009
0.112,0.010
0.110,0.010
0.111,0.011
0.112,0.013
0.110,0.015
0.110,0.014
0.112,0.016
0.111,0.016
0.112,0.014
0.114,0.015
0.113,0.015
0.115,0.014
0.117,0.014
0.115,0.014
0.117,0.012
0.118,0.014
0.116,0.012
0.117,0.012
0.117,0.012
0.116,0.011
0.118,0.010
0.118,0.011
0.117,0.011
0.119,0.011
0.119,0.014
0.119,0.013
0.121,0.015
0.119,0.018
0.119,0.018
0.121,0.021
0.118,0.023
0.119,0.021
0.119,0.021
0.117,0.021
0.117,0.018
0.117,0.019
0.116,0.018
0.115,0.016
0.116,0.018
0.114,0.019
0.114,0.019
0.114,0.021
0.114,0.022
0.114,0.021
0.114,0.021
0.115,0.020
0.117,0.018
0.118,0.019
0.118,0.018
0.118,0.018
0.117,0.019
0.117,0.019
0.118,0.019
0.117,0.020
0.117,0.019
0.117,0.017
0.116,0.016
0.116,0.013
0.116,0.012
0.117,0.013
0.115,0.013
0.117,0.014
0.116,0.016
0.115,0.018
0.116,0.019
0.115,0.022
0.115,0.023
0.115,0.023
0.115,0.024
0.114,0.025
0.115,0.025
0.115,0.025
0.115,0.026
0.116,0.026
0.115,0.028
0.116,0.027
0.116,0.026
0.115,0.027
0.116,0.024
0.116,0.025
0.115,0.025
0.116,0.026
0.116,0.027
0.112,0.028
0.114,0.026
0.113,0.026
0.113,0.027
0.115,0.024
0.115,0.025
0.113,0.025
0.115,0.023
0.114,0.024
0.112,0.024
0.113,0.024
0.112,0.026
0.110,0.027
0.111,0.026
0.111,0.027
0.110,0.026
0.111,0.025
0.110,0.024
0.110,0.024
0.111,0.025
0.111,0.024
0.110,0.025
0.111,0.026
0.109,0.027
0.110,0.027
0.111,0.027
0.110,0.026
0.110,0.025
0.110,0.026
0.110,0.025
0.109,0.026
0.110,0.027
0.110,0.026
0.111,0.025
0.111,0.025
0.111,0.025
0.111,0.026
0.111,0.027
0.111,0.027
0.111,0.028
0.112,0.026
0.111,0.026
0.112,0.025
0.113,0.024
0.112,0.023
0.112,0.022
0.112,0.023
0.112,0.023
0.112,0.025
0.112,0.025
0.112,0.026
0.114,0.028
0.114,0.027
0.113,0.028
0.114,0.028
0.115,0.029
0.116,0.030
0.117,0.030
0.118,0.030
0.119,0.029
0.119,0.030
0.121,0.029
0.119,0.029
0.120,0.030
0.121,0.030
0.120,0.031
0.120,0.032
0.122,0.033
0.122,0.034
0.124,0.036
0.125,0.036
0.125,0.037
0.127,0.036
0.128,0.035
0.127,0.035
0.128,0.034
0.130,0.034
0.129,0.033
0.130,0.035
0.132,0.036
0.130,0.038
0.131,0.039
0.131,0.039
0.132,0.040
0.133,0.040
0.133,0.039
0.133,0.038
0.134,0.038
0.136,0.036
0.135,0.036
0.137,0.037
0.137,0.037
0.137,0.038
0.138,0.039
0.138,0.039
0.137,0.039
0.139,0.038
0.139,0.037
0.138,0.038
0.139,0.037
0.139,0.036
0.138,0.037
0.140,0.036
0.139,0.036
0.138,0.037
0.139,0.036
0.139,0.036
0.136,0.038
0.138,0.037
0.137,0.036
0.135,0.038
0.137,0.036
0.136,0.036
0.134,0.037
0.136,0.037
0.136,0.038
0.134,0.039
0.135,0.038
0.134,0.040
0.132,0.042
0.133,0.042
0.131,0.042
0.129,0.043
0.131,0.041
0.128,0.041
0.127,0.041
0.128,0.043
0.126,0.045
0.124,0.045
0.126,0.047
0.123,0.049
0.123,0.049
0.125,0.049
0.121,0.049
0.121,0.048
0.122,0.048
0.119,0.048
0.119,0.046
0.120,0.045
0.117,0.045
0.118,0.043
0.120,0.043
0.116,0.044
0.117,0.043
0.118,0.043
0.115,0.043
0.115,0.043
0.116,0.044
0.114,0.044
0.114,0.045
0.114,0.046
0.112,0.047
0.112,0.048
0.112,0.049
0.111,0.049
0.112,0.050
0.112,0.050
0.110,0.049
0.110,0.050
0.111,0.049
0.108,0.048
0.108,0.048
0.109,0.047
0.107,0.047
0.107,0.047
0.107,0.049
0.106,0.050
0.107,0.052
0.107,0.053
0.106,0.053
0.107,0.055
0.107,0.054
0.106,0.054
0.106,0.054
0.107,0.053
0.106,0.052
0.107,0.050
0.108,0.050
0.107,0.050
0.109,0.051
0.109,0.052
0.109,0.053
0.111,0.055
0.111,0.057
0.110,0.058
0.112,0.060
0.110,0.061
0.110,0.060
0.112,0.062
0.111,0.061
0.112,0.060
0.113,0.060
0.111,0.058
0.112,0.057
0.113,0.058
0.111,0.058
0.112,0.058
0.112,0.062
0.111,0.062
0.111,0.062
0.113,0.064
0.113,0.065
0.114,0.065
0.115,0.065
0.114,0.065
0.114,0.066
0.116,0.067
0.115,0.067
0.115,0.067
0.117,0.068
0.117,0.067
0.117,0.068
0.119,0.067
0.118,0.068
0.117,0.067
0.118,0.067
0.117,0.067
0.117,0.067
0.118,0.068
0.117,0.068
0.116,0.070
0.118,0.070
0.117,0.070
0.116,0.071
0.117,0.070
0.116,0.071
0.114,0.070
0.115,0.071
0.114,0.070
0.113,0.071
0.114,0.070
0.112,0.069
0.112,0.070
0.112,0.069
0.111,0.069
0.110,0.068
0.112,0.068
0.109,0.068
0.109,0.067
0.110,0.067
0.108,0.067
0.108,0.066
0.109,0.065
0.106,0.067
0.107,0.066
0.108,0.068
0.104,0.070
0.105,0.070
0.106,0.072
0.104,0.072
0.104,0.072
0.104,0.073
0.101,0.072
0.102,0.071
0.100,0.071
0.100,0.070
0.100,0.071
0.099,0.073
0.098,0.073
0.099,0.074
0.098,0.076
0.097,0.075
0.100,0.076
0.097,0.077
0.097,0.075
0.098,0.075
0.095,0.075
0.095,0.073
0.096,0.074
0.093,0.074
0.092,0.073
0.093,0.074
0.091,0.073
0.089,0.072
0.089,0.071
0.088,0.071
0.089,0.070
0.089,0.071
0.089,0.071
0.089,0.071
0.089,0.073
0.088,0.072
0.088,0.072
0.088,0.073
0.087,0.072
0.087,0.071
0.086,0.071
0.086,0.070
0.086,0.069
0.084,0.070
0.085,0.070
0.085,0.069
0.085,0.070
0.084,0.071
0.085,0.072
0.084,0.074
0.083,0.075
0.083,0.076
0.082,0.077
0.082,0.075
0.082,0.075
0.082,0.075
0.081,0.074
0.082,0.074
0.081,0.075
0.081,0.074
0.081,0.074
0.080,0.076
0.080,0.076
0.080,0.076
0.079,0.078
0.078,0.077
0.078,0.078
0.077,0.079
0.077,0.079
0.076,0.078
0.075,0.079
0.076,0.078
0.075,0.079
0.074,0.078
0.074,0.076
0.074,0.077
0.073,0.076
0.073,0.075
0.073,0.075
0.072,0.074
0.074,0.073
0.073,0.073
0.072,0.074
0.073,0.074
0.072,0.075
0.071,0.075
0.072,0.075
0.073,0.075
0.071,0.075
0.072,0.075
0.072,0.075
0.071,0.076
0.072,0.075
0.072,0.075
0.072,0.077
0.072,0.076
0.073,0.077
0.073,0.078
0.073,0.078
0.074,0.077
0.074,0.079
0.074,0.079
0.075,0.077
0.074,0.079
0.073,0.077
0.074,0.077
0.074,0.077
0.073,0.076
0.072,0.075
0.072,0.076
0.071,0.077
0.072,0.076
0.072,0.077
0.072,0.078
0.072,0.077
0.073,0.079
0.072,0.078
0.073,0.077
0.072,0.077
0.071,0.076
0.071,0.075
0.069,0.076
0.070,0.075
0.069,0.075
0.068,0.077
0.067,0.078
0.069,0.080
0.068,0.082
0.069,0.082
0.069,0.082
0.069,0.083
0.069,0.081
0.068,0.081
0.068,0.082
0.069,0.080
0.069,0.080
0.068,0.081
0.069,0.080
0.070,0.081
0.068,0.084
0.069,0.085
0.068,0.086
0.068,0.087
0.068,0.086
0.067,0.086
0.067,0.086
0.068,0.084
0.066,0.084
0.065,0.083
0.067,0.081
0.064,0.084
0.064,0.083
0.065,0.082
0.063,0.084
0.063,0.083
0.064,0.082
0.062,0.081
0.062,0.079
0.064,0.079
0.062,0.079
0.063,0.078
0.064,0.078
0.062,0.079
0.064,0.077
0.064,0.078
0.062,0.080
0.063,0.079
0.064,0.080
0.062,0.081
0.062,0.080
0.063,0.080
0.061,0.079
0.062,0.078
0.061,0.077
0.059,0.077
0.060,0.076
0.059,0.077
0.057,0.078
0.058,0.080
0.058,0.080
0.056,0.081
0.058,0.081
0.057,0.081
0.056,0.081
0.058,0.080
0.057,0.080
0.056,0.080
0.058,0.080
0.058,0.079
0.056,0.080
0.059,0.080
0.058,0.080
0.056,0.081
0.058,0.081
0.057,0.082
0.056,0.083
0.057,0.081
0.056,0.080
0.055,0.079
0.056,0.077
0.055,0.075
0.054,0.075
0.055,0.073
0.054,0.073
0.053,0.074
0.053,0.073
0.052,0.073
0.051,0.074
0.052,0.074
0.051,0.075
0.051,0.075
0.052,0.076
0.050,0.076
0.051,0.076
0.051,0.078
0.049,0.079
0.049,0.080
0.050,0.081
0.047,0.081
0.047,0.080
0.048,0.079
0.045,0.078
0.047,0.077
0.047,0.077
0.045,0.077
0.047,0.078
0.047,0.079
0.046,0.080
0.046,0.080
0.047,0.082
0.044,0.080
0.046,0.079
0.046,0.078
0.044,0.076
0.045,0.076
0.045,0.076
0.043,0.076
0.043,0.077
0.044,0.078
0.042,0.077
0.044,0.079
0.044,0.080
0.044,0.081
0.044,0.081
0.045,0.082
0.044,0.082
0.045,0.083
0.045,0.082
0.044,0.081
0.045,0.082
0.045,0.079
0.044,0.077
0.045,0.077
0.044,0.075
0.045,0.074
0.045,0.073
0.046,0.074
0.046,0.074
0.046,0.077
0.046,0.077
0.045,0.078
0.046,0.080
0.046,0.080
0.046,0.080
0.046,0.079
0.046,0.078
0.045,0.078
0.045,0.079
0.045,0.078
0.044,0.079
0.045,0.079
0.046,0.078
0.045,0.079
0.046,0.079
0.047,0.079
0.045,0.080
0.045,0.079
0.045,0.078
0.043,0.078
0.044,0.076
0.043,0.074
0.042,0.075
0.043,0.074
0.043,0.074
0.040,0.076
0.042,0.076
0.042,0.077
0.039,0.079
0.042,0.079
0.042,0.079
0.040,0.080
0.041,0.078
0.040,0.077
0.038,0.077
0.039,0.075
0.039,0.075
0.036,0.075
0.038,0.074
0.037,0.074
0.036,0.075
0.038,0.073
0.037,0.074
0.036,0.075
0.038,0.073
0.036,0.076
0.036,0.077
0.037,0.077
0.036,0.078
0.034,0.077
0.037,0.076
0.036,0.077
0.035,0.076
0.038,0.076
0.036,0.077
0.037,0.076
0.038,0.076
0.036,0.076
0.036,0.075
0.038,0.075
0.034,0.076
0.035,0.076
0.037,0.077
0.033,0.077
0.033,0.076
0.034,0.076
0.030,0.075
0.031,0.073
0.031,0.073
0.030,0.072
0.030,0.071
0.031,0.071
0.028,0.071
0.030,0.071
0.029,0.070
0.025,0.069
0.025,0.069
0.025,0.069
0.023,0.067
0.023,0.067
0.023,0.067
0.021,0.066
0.023,0.066
0.023,0.065
0.021,0.064
0.023,0.063
0.022,0.065
0.021,0.064
0.020,0.065
0.019,0.065
0.018,0.064
0.019,0.063
0.017,0.063
0.016,0.063
0.017,0.064
0.016,0.063
0.014,0.060
0.015,0.061
0.013,0.061
0.011,0.060
0.011,0.062
0.010,0.062
0.009,0.064
0.011,0.065
0.009,0.065
0.008,0.064
0.008,0.064
0.007,0.064
0.004,0.062
0.005,0.062
0.004,0.061
0.001,0.062
0.003,0.062
0.001,0.061
-0.001,0.061
0.001,0.062
-0.001,0.062
-0.002,0.062
-0.003,0.062
-0.005,0.062
-0.005,0.063
-0.003,0.062
-0.006,0.062
-0.007,0.060
-0.006,0.061
-0.009,0.060
-0.009,0.058
-0.011,0.059
-0.012,0.059
-0.013,0.060
-0.012,0.061
-0.014,0.062
-0.015,0.061
-0.011,0.061
-0.014,0.060
-0.015,0.059
-0.015,0.061
-0.016,0.061
-0.016,0.062
-0.015,0.061
-0.017,0.062
-0.018,0.062
-0.018,0.062
-0.022,0.060
-0.022,0.060
-0.021,0.057
-0.021,0.055
-0.022,0.055
-0.019,0.053
-0.021,0.054
-0.020,0.056
-0.018,0.057
-0.020,0.058
-0.018,0.057
-0.019,0.056
-0.020,0.055
-0.020,0.054
-0.020,0.051
-0.022,0.051
-0.021,0.052
-0.018,0.052
-0.021,0.053
-0.020,0.055
-0.018,0.055
-0.017,0.054
-0.017,0.054
-0.016,0.054
-0.016,0.053
-0.017,0.052
-0.014,0.052
-0.017,0.051
-0.014,0.052
-0.013,0.052
-0.015,0.055
-0.015,0.057
-0.016,0.058
-0.016,0.060
-0.015,0.060
-0.015,0.059
-0.016,0.060
-0.015,0.059
-0.013,0.060
-0.015,0.059
-0.012,0.057
-0.011,0.056
-0.012,0.058
-0.011,0.056
-0.009,0.056
-0.010,0.055
-0.009,0.056
-0.008,0.056
-0.009,0.056
-0.008,0.056
-0.007,0.056
-0.008,0.056
-0.006,0.056
-0.007,0.056
-0.009,0.055
-0.007,0.055
-0.008,0.055
-0.010,0.053
-0.009,0.054
-0.009,0.055
-0.009,0.056
-0.009,0.058
-0.010,0.060
-0.010,0.058
-0.008,0.058
-0.010,0.059
-0.010,0.055
-0.008,0.057
-0.010,0.056
-0.010,0.055
-0.009,0.055
-0.011,0.054
-0.011,0.052
-0.011,0.052
-0.013,0.053
-0.015,0.050
-0.012,0.051
-0.015,0.052
-0.016,0.051
-0.016,0.052
-0.018,0.053
-0.017,0.053
-0.017,0.054
-0.018,0.052
-0.019,0.050
-0.019,0.051
-0.021,0.049
-0.021,0.048
-0.020,0.049
-0.022,0.048
-0.020,0.049
-0.020,0.048
-0.022,0.048
-0.021,0.047
-0.021,0.047
-0.021,0.047
-0.021,0.047
-0.021,0.048
-0.022,0.048
-0.022,0.048
-0.021,0.047
-0.022,0.046
-0.022,0.044
-0.021,0.044
-0.021,0.044
-0.021,0.044
-0.021,0.044
-0.023,0.044
-0.024,0.044
-0.023,0.044
-0.025,0.045
-0.025,0.044
-0.024,0.044
-0.025,0.044
-0.027,0.043
-0.026,0.044
-0.028,0.043
-0.028,0.043
-0.027,0.042
-0.028,0.042
-0.029,0.043
-0.027,0.043
-0.028,0.043
-0.027,0.042
-0.028,0.041
-0.029,0.041
-0.029,0.040
-0.028,0.039
-0.030,0.039
-0.029,0.038
-0.028,0.037
-0.029,0.038
-0.029,0.038
-0.029,0.040
-0.029,0.040
-0.029,0.040
-0.029,0.040
-0.030,0.039
-0.028,0.039
-0.029,0.038
-0.029,0.038
-0.028,0.038
-0.029,0.039
-0.029,0.038
-0.028,0.040
-0.028,0.043
-0.029,0.043
-0.028,0.045
-0.028,0.046
-0.029,0.046
-0.027,0.046
-0.028,0.045
-0.028,0.044
-0.026,0.042
-0.026,0.042
-0.027,0.040
-0.027,0.040
-0.027,0.041
-0.028,0.040
-0.028,0.041
-0.029,0.040
-0.030,0.039
-0.028,0.039
-0.029,0.040
-0.029,0.041
-0.029,0.042
-0.029,0.042
-0.029,0.041
-0.028,0.043
-0.027,0.043
-0.028,0.042
-0.026,0.044
-0.027,0.045
-0.026,0.045
-0.026,0.046
-0.026,0.047
-0.025,0.046
-0.024,0.048
-0.024,0.047
-0.024,0.045
-0.024,0.045
-0.026,0.044
-0.025,0.043
-0.026,0.043
-0.026,0.044
-0.026,0.043
-0.026,0.045
-0.027,0.044
-0.026,0.044
-0.026,0.044
-0.026,0.044
-0.024,0.044
-0.023,0.044
-0.023,0.044
-0.022,0.042
-0.022,0.042
-0.021,0.041
-0.021,0.040
-0.020,0.040
-0.021,0.039
-0.020,0.038
-0.020,0.039
-0.019,0.039
-0.018,0.039
-0.020,0.040
-0.020,0.039
-0.019,0.038
-0.021,0.039
-0.019,0.036
-0.019,0.038
-0.020,0.039
-0.019,0.038
-0.020,0.038
-0.021,0.038
-0.020,0.036
-0.020,0.036
-0.020,0.038
-0.019,0.036
-0.020,0.037
-0.021,0.036
-0.019,0.034
-0.019,0.034
-0.020,0.033
-0.019,0.033
-0.020,0.033
-0.020,0.033
-0.020,0.032
-0.021,0.035
-0.021,0.035
-0.021,0.035
-0.022,0.034
-0.022,0.032
-0.022,0.032
-0.023,0.032
-0.023,0.031
-0.023,0.032
-0.025,0.033
-0.024,0.033
-0.025,0.031
-0.025,0.029
-0.025,0.029
-0.025,0.030
-0.027,0.030
-0.026,0.030
-0.027,0.031
-0.029,0.030
-0.027,0.029
-0.030,0.027
-0.030,0.025
-0.030,0.025
-0.031,0.025
-0.031,0.025
-0.031,0.026
-0.032,0.028
-0.033,0.028
-0.032,0.031
-0.033,0.032
-0.034,0.033
-0.034,0.033
-0.036,0.033
-0.036,0.031
-0.037,0.031
-0.038,0.030
-0.038,0.029
-0.039,0.030
-0.039,0.028
-0.040,0.028
-0.040,0.028
-0.042,0.029
-0.041,0.029
-0.041,0.030
-0.042,0.030
-0.042,0.029
-0.042,0.030
-0.043,0.027
-0.043,0.027
-0.044,0.028
-0.045,0.028
-0.045,0.029
-0.046,0.031
-0.045,0.030
-0.044,0.031
-0.045,0.032
-0.045,0.031
-0.044,0.031
-0.045,0.030
-0.046,0.028
-0.045,0.029
-0.046,0.029
-0.046,0.028
-0.046,0.028
-0.046,0.029
-0.045,0.028
-0.045,0.029
-0.045,0.031
-0.044,0.030
-0.043,0.031
-0.044,0.029
-0.043,0.028
-0.043,0.028
-0.043,0.027
-0.042,0.026
-0.042,0.025
-0.042,0.025
-0.040,0.024
-0.041,0.025
-0.041,0.024
-0.039,0.024
-0.040,0.026
-0.040,0.025
-0.037,0.025
-0.038,0.026
-0.036,0.024
-0.034,0.023
-0.035,0.024
-0.033,0.022
-0.032,0.021
-0.032,0.022
-0.032,0.020
-0.029,0.021
-0.030,0.023
-0.029,0.023
-0.028,0.023
-0.029,0.025
-0.028,0.022
-0.027,0.021
-0.027,0.021
-0.026,0.020
-0.025,0.020
-0.026,0.020
-0.024,0.017
-0.023,0.018
-0.023,0.018
-0.021,0.016
-0.021,0.016
-0.020,0.017
-0.020,0.016
-0.019,0.016
-0.020,0.017
-0.019,0.016
-0.019,0.015
-0.020,0.017
-0.018,0.017
-0.019,0.019
-0.019,0.019
-0.018,0.020
-0.018,0.021
-0.017,0.022
-0.017,0.022
-0.018,0.021
-0.018,0.021
-0.016,0.019
-0.017,0.019
-0.018,0.019
-0.018,0.019
-0.018,0.019
-0.018,0.019
-0.018,0.018
-0.018,0.018
-0.017,0.018
-0.016,0.017
-0.017,0.016
-0.016,0.016
-0.015,0.015
-0.016,0.014
-0.016,0.015
-0.017,0.014
-0.016,0.016
-0.016,0.015
-0.016,0.015
-0.016,0.016
-0.016,0.017
-0.016,0.018
-0.016,0.018
-0.015,0.019
-0.016,0.018
-0.017,0.017
-0.018,0.016
-0.017,0.017
-0.018,0.016
-0.018,0.015
-0.019,0.013
-0.019,0.012
-0.019,0.012
-0.021,0.011
-0.022,0.012
-0.022,0.012
-0.024,0.013
-0.025,0.013
-0.025,0.013
-0.025,0.012
-0.027,0.012
-0.026,0.011
-0.026,0.010
-0.028,0.010
-0.027,0.011
-0.028,0.011
-0.029,0.011
-0.028,0.012
-0.029,0.012
-0.030,0.012
-0.030,0.011
-0.031,0.010
-0.034,0.011
-0.033,0.011
-0.035,0.012
-0.036,0.013
-0.034,0.013
-0.035,0.012
-0.035,0.013
-0.034,0.013
-0.034,0.013
-0.036,0.013
-0.036,0.013
-0.036,0.011
-0.037,0.010
-0.038,0.011
-0.038,0.010
-0.038,0.010
-0.038,0.011
-0.038,0.010
-0.038,0.011
-0.037,0.012
-0.035,0.011
-0.035,0.014
-0.035,0.015
-0.035,0.015
-0.036,0.016
-0.037,0.016
-0.035,0.014
-0.037,0.014
-0.035,0.013
-0.035,0.012
-0.035,0.013
-0.034,0.011
-0.033,0.011
-0.034,0.013
-0.033,0.011
-0.032,0.013
-0.032,0.014
-0.031,0.013
-0.031,0.014
-0.031,0.015
-0.029,0.014
-0.029,0.014
-0.030,0.015
-0.029,0.013
-0.028,0.014
-0.029,0.013
-0.028,0.011
-0.027,0.011
-0.027,0.011
-0.025,0.008
-0.025,0.009
-0.024,0.009
-0.023,0.007
-0.022,0.008
-0.023,0.009
-0.022,0.008
-0.022,0.009
-0.022,0.010
-0.021,0.010
-0.021,0.010
-0.020,0.011
-0.019,0.008
-0.019,0.010
-0.019,0.009
-0.017,0.009
-0.018,0.010
-0.017,0.009
-0.015,0.010
-0.017,0.011
-0.015,0.010
-0.014,0.010
-0.015,0.011
-0.013,0.009
-0.012,0.008
-0.014,0.007
-0.013,0.005
-0.011,0.003
-0.014,0.003
-0.012,0.001
-0.011,0.001
-0.013,0.001
-0.010,-0.000
-0.010,0.001
-0.011,0.002
-0.009,0.003
-0.008,0.005
-0.009,0.005
-0.007,0.006
-0.007,0.005
-0.008,0.005
-0.005,0.006
-0.006,0.005
-0.006,0.004
-0.004,0.004
-0.003,0.005
-0.003,0.003
-0.002,0.002
-0.002,0.002
-0.002,0.002
-0.001,0.003
-0.002,0.003
-0.002,0.004
-0.001,0.003
-0.001,0.003
-0.002,0.003
0.001,0.003
0.001,0.002
0.001,0.002
0.003,0.001
0.003,-0.000
0.001,0.001
0.003,0.000
0.002,0.001
0.001,0.001
0.003,0.000
0.002,-0.000
0.001,-0.001
0.003,-0.002
0.002,-0.003
0.001,-0.003
0.003,-0.003
0.002,-0.004
0.002,-0.003
0.004,-0.004
0.003,-0.003
0.004,-0.002
0.005,-0.001
0.004,-0.001
0.004,-0.001
0.006,-0.000
0.003,-0.001
0.003,-0.001
0.004,0.000
0.003,0.001
0.005,-0.000
0.006,-0.001
0.005,-0.001
0.006,-0.001
0.007,-0.002
0.005,-0.003
0.005,-0.003
0.007,-0.004
0.005,-0.004
0.005,-0.004
0.006,-0.005
0.006,-0.006
0.006,-0.005
0.007,-0.007
0.006,-0.006
0.006,-0.005
0.008,-0.005
0.007,-0.003
0.008,-0.002
0.009,-0.002
0.009,-0.003
0.009,-0.003
0.011,-0.003
0.010,-0.002
0.010,0.000
0.012,0.000
0.011,0.003
0.012,0.005
0.013,0.005
0.012,0.007
0.013,0.006
0.015,0.006
0.013,0.006
0.014,0.004
0.016,0.003
0.014,0.001
0.015,-0.001
0.017,-0.002
0.015,-0.001
0.017,-0.003
0.016,-0.003
0.015,-0.003
0.017,-0.004
0.017,-0.003
0.015,-0.004
0.019,-0.003
0.019,-0.002
0.018,-0.001
0.021,-0.002
0.018,-0.002
0.019,-0.003
0.020,-0.003
0.019,-0.003
0.019,-0.004
0.021,-0.002
0.020,-0.001
0.019,-0.002
0.022,-0.001
0.020,-0.001
0.021,-0.004
0.024,-0.003
0.022,-0.003
0.023,-0.005
0.023,-0.004
0.022,-0.003
0.021,-0.004
0.024,-0.002
0.021,-0.001
0.022,-0.002
0.024,-0.001
0.022,-0.003
0.022,-0.004
0.024,-0.004
0.023,-0.004
0.022,-0.005
0.024,-0.005
0.023,-0.004
0.024,-0.004
0.025,-0.003
0.023,-0.002
0.024,-0.000
0.025,0.002
0.024,0.001
0.024,-0.000
0.026,-0.000
0.025,-0.003
0.026,-0.005
0.028,-0.005
0.027,-0.006
0.028,-0.007
0.029,-0.007
0.028,-0.007
0.028,-0.008
0.028,-0.007
0.027,-0.008
0.027,-0.009
0.028,-0.009
0.029,-0.010
0.030,-0.009
0.031,-0.009
0.031,-0.008
0.031,-0.007
0.032,-0.006
0.031,-0.006
0.031,-0.005
0.033,-0.006
0.032,-0.008
0.034,-0.007
0.035,-0.008
0.035,-0.008
0.035,-0.008
0.037,-0.007
0.037,-0.007
0.037,-0.007
0.038,-0.007
0.037,-0.008
0.039,-0.007
0.041,-0.008
0.039,-0.008
0.040,-0.007
0.041,-0.007
0.041,-0.008
0.040,-0.007
0.043,-0.008
0.041,-0.008
0.041,-0.009
0.041,-0.010
0.040,-0.009
0.041,-0.008
0.042,-0.008
0.041,-0.006
0.041,-0.005
0.041,-0.005
0.040,-0.005
0.040,-0.005
0.041,-0.005
0.039,-0.005
0.039,-0.005
0.039,-0.006
0.039,-0.006
0.040,-0.006
0.041,-0.007
0.041,-0.007
0.042,-0.006
0.043,-0.005
0.043,-0.005
0.043,-0.003
0.043,-0.003
0.042,-0.003
0.043,-0.002
0.042,-0.001
0.042,-0.002
0.042,-0.002
0.042,-0.002
0.041,-0.002
0.041,0.001
0.041,0.000
0.040,0.001
0.042,0.001
0.042,0.001
0.042,0.001
0.042,-0.000
0.043,-0.001
0.042,-0.001
0.043,-0.000
0.044,0.000
0.043,0.002
0.045,0.002
0.046,0.003
0.045,0.002
0.045,0.001
0.046,0.002
0.045,-0.001
0.046,-0.001
0.046,-0.001
0.046,-0.002
0.048,-0.002
0.047,-0.001
0.047,-0.001
0.050,-0.001
0.049,0.001
0.049,-0.002
0.050,-0.003
0.049,-0.003
0.050,-0.005
0.052,-0.005
0.050,-0.005
0.051,-0.006
0.052,-0.005
0.051,-0.004
0.052,-0.005
0.053,-0.003
0.052,-0.002
0.053,-0.002
0.054,-0.000
0.054,-0.000
0.056,-0.001
0.056,-0.000
0.055,-0.001
0.057,-0.002
0.056,-0.001
0.055,-0.002
0.056,-0.002
0.056,0.000
0.056,-0.001
0.056,0.001
0.056,0.005
0.056,0.004
0.057,0.004
0.054,0.006
0.056,0.004
0.056,0.003
0.055,0.003
0.055,0.000
0.056,-0.000
0.055,0.000
0.055,-0.001
0.057,-0.001
0.057,0.000
0.058,0.000
0.058,0.000
0.057,0.001
0.059,-0.001
0.060,-0.001
0.059,-0.001
0.061,-0.002
0.062,-0.002
0.062,-0.001
0.063,-0.001
0.063,-0.001
0.063,0.000
0.063,0.000
0.063,0.001
0.063,0.001
0.064,0.000
0.065,0.001
0.065,0.001
0.066,0.001
0.065,0.000
0.065,0.000
0.066,-0.001
0.067,-0.002
0.068,-0.001
0.068,0.000
0.068,0.002
0.069,0.002
0.070,0.002
0.071,0.002
0.072,0.002
0.074,0.002
0.074,0.001
0.075,-0.000
0.076,-0.001
0.077,0.000
0.079,-0.001
0.078,-0.002
0.078,-0.001
0.080,-0.002
0.081,-0.003
0.082,-0.004
0.082,-0.004
0.084,-0.003
0.084,-0.002
0.086,-0.002
0.086,-0.002
0.088,-0.001
0.091,-0.001
0.093,-0.000
0.092,-0.001
0.093,-0.001
0.095,-0.001
0.093,0.000
0.094,-0.000
0.094,0.000
0.094,0.000
0.095,0.001
0.095,-0.001
0.095,-0.001
0.097,0.000
0.099,0.001
0.097,0.000
0.100,-0.001
0.101,-0.000
0.101,0.000
0.103,0.001
0.103,0.001
0.103,0.003
0.104,0.002
0.105,0.002
0.103,0.000
0.106,-0.002
0.106,-0.002
0.106,-0.003
0.107,-0.004
0.106,-0.003
0.106,-0.003
0.106,-0.003
0.107,-0.002
0.103,-0.001
0.104,-0.000
0.105,-0.000
0.104,-0.000
0.106,0.000
0.104,-0.001
0.105,0.001
0.105,0.000
0.105,-0.001
0.105,-0.001
0.106,0.000
0.105,-0.001
0.104,-0.001
0.103,0.000
0.102,-0.002
0.105,-0.001
0.104,-0.001
0.104,-0.003
0.103,-0.002
0.103,-0.002
0.104,-0.003
0.103,-0.003
0.102,-0.003
0.103,-0.005
0.103,-0.002
0.101,-0.003
0.102,-0.004
0.101,-0.002
0.102,-0.003
0.102,-0.002
0.101,-0.001
0.101,0.000
0.102,-0.000
0.101,0.001
0.101,-0.001
0.102,-0.000
0.100,0.003
0.101,0.002
0.101,0.003
0.099,0.005
0.100,0.004
0.099,0.004
0.098,0.006
0.098,0.003
0.098,0.005
0.097,0.006
0.099,0.001
0.099,0.002
0.097,0.002
0.098,0.002
0.097,0.003
0.098,0.005
0.099,0.006
0.099,0.007
0.099,0.008
0.100,0.008
0.098,0.010
0.097,0.007
0.099,0.008
0.097,0.009
0.096,0.007
0.098,0.007
0.094,0.006
0.096,0.005
0.098,0.004
0.094,0.005
0.098,0.004
0.099,0.008
0.096,0.009
0.098,0.008
0.098,0.010
0.097,0.010
0.099,0.010
0.099,0.010
0.095,0.012
0.098,0.010
0.099,0.010
0.097,0.010
0.100,0.010
0.100,0.010
0.100,0.010
0.101,0.010
0.102,0.010
0.101,0.010
0.103,0.010
0.103,0.009
0.101,0.009
0.102,0.008
0.102,0.008
0.102,0.006
0.104,0.008
0.105,0.009
0.104,0.010
0.106,0.011
0.107,0.012
0.107,0.012
0.109,0.013
0.109,0.015
0.108,0.015
0.109,0.015
0.108,0.013
0.107,0.012
0.110,0.012
0.109,0.011
0.110,0.012
0.112,0.012
0.112,0.013
0.112,0.014
0.114,0.013
0.114,0.014
0.113,0.015
0.115,0.015
0.115,0.017
0.115,0.019
0.116,0.020
0.115,0.020
0.115,0.021
0.116,0.021
0.115,0.019
0.115,0.019
0.116,0.018
0.114,0.017
0.114,0.016
0.116,0.017
0.113,0.016
0.115,0.016
0.117,0.016
0.116,0.014
0.117,0.011
0.118,0.011
0.118,0.011
0.118,0.011
0.119,0.013
0.118,0.013
0.117,0.013
0.118,0.012
0.116,0.011
0.116,0.011
0.117,0.010
0.117,0.009
0.116,0.010
0.117,0.010
0.116,0.010
0.115,0.011
0.116,0.011
0.115,0.012
0.115,0.014
0.115,0.013
0.115,0.014
0.115,0.015
0.115,0.015
0.114,0.016
0.114,0.017
0.115,0.016
0.114,0.016
0.113,0.016
0.114,0.014
0.112,0.015
0.112,0.015
0.113,0.015
0.111,0.016
0.112,0.016
0.113,0.017
0.111,0.017
0.113,0.017
0.113,0.015
0.111,0.016
0.112,0.013
0.112,0.013
0.110,0.014
0.111,0.012
0.112,0.013
0.109,0.014
0.111,0.013
0.111,0.014
0.109,0.016
0.112,0.017
0.111,0.018
0.110,0.018
0.113,0.017
0.112,0.017
0.111,0.015
0.113,0.015
0.111,0.015
0.110,0.013
0.112,0.015
0.109,0.017
0.110,0.018
0.112,0.020
0.110,0.023
0.110,0.024
0.113,0.025
0.111,0.026
0.110,0.025
0.113,0.025
0.111,0.024
0.110,0.023
0.112,0.022
0.109,0.022
0.110,0.021
0.110,0.022
0.108,0.022
0.109,0.023
0.110,0.024
0.108,0.025
0.108,0.026
0.110,0.026
0.109,0.027
0.110,0.027
0.111,0.028
0.109,0.029
0.110,0.028
0.110,0.028
0.107,0.026
0.109,0.026
0.109,0.025
0.108,0.024
0.109,0.023
0.110,0.023
0.109,0.023
0.110,0.023
0.112,0.025
0.110,0.026
0.113,0.026
0.113,0.028
0.111,0.028
0.114,0.030
0.113,0.030
0.111,0.029
0.113,0.029
0.113,0.031
0.112,0.030
0.113,0.031
0.113,0.032
0.114,0.030
0.115,0.031
0.115,0.030
0.117,0.030
0.118,0.032
0.117,0.032
0.118,0.030
0.119,0.032
0.118,0.032
0.120,0.030
0.121,0.033
0.121,0.033
0.121,0.032
0.123,0.033
0.122,0.033
0.125,0.032
0.127,0.032
0.127,0.031
0.128,0.030
0.130,0.031
0.130,0.031
0.131,0.031
0.133,0.033
0.131,0.033
0.133,0.033
0.134,0.033
0.133,0.033
0.133,0.034
0.134,0.036
0.135,0.035
0.135,0.036
0.137,0.036
0.138,0.036
0.138,0.036
0.138,0.035
0.138,0.034
0.138,0.034
0.138,0.035
0.137,0.035
0.136,0.037
0.138,0.038
0.137,0.037
0.138,0.038
0.140,0.037
0.139,0.036
0.139,0.037
0.140,0.038
0.140,0.039
0.140,0.041
0.141,0.042
0.141,0.041
0.140,0.042
0.141,0.041
0.141,0.040
0.140,0.039
0.141,0.038
0.140,0.038
0.138,0.037
0.139,0.037
0.136,0.037
0.136,0.037
0.137,0.037
0.134,0.037
0.134,0.036
0.135,0.036
0.133,0.037
0.132,0.036
0.133,0.037
0.131,0.037
0.131,0.036
0.132,0.036
0.130,0.037
0.130,0.038
0.131,0.038
0.129,0.039
0.129,0.038
0.129,0.039
0.127,0.039
0.127,0.040
0.127,0.043
0.125,0.043
0.124,0.045
0.123,0.046
0.122,0.045
0.122,0.046
0.121,0.045
0.119,0.043
0.119,0.042
0.119,0.043
0.119,0.042
0.119,0.043
0.117,0.043
0.117,0.043
0.117,0.044
0.115,0.045
0.114,0.046
0.114,0.046
0.114,0.048
0.112,0.047
0.113,0.047
0.112,0.048
0.110,0.047
0.111,0.047
0.110,0.048
0.109,0.048
0.110,0.049
0.109,0.049
0.108,0.049
0.109,0.050
0.109,0.051
0.108,0.051
0.110,0.051
0.110,0.051
0.109,0.051
0.110,0.051
0.109,0.052
0.108,0.052
0.108,0.052
0.108,0.053
0.107,0.051
0.108,0.052
0.107,0.053
0.107,0.053
0.108,0.053
0.107,0.053
0.108,0.051
0.109,0.051
0.109,0.050
0.109,0.049
0.110,0.051
0.109,0.051
0.109,0.050
0.110,0.052
0.109,0.051
0.109,0.050
0.109,0.052
0.109,0.051
0.109,0.049
0.109,0.050
0.109,0.050
0.110,0.051
0.111,0.052
0.110,0.053
0.112,0.053
0.113,0.055
0.112,0.055
0.114,0.054
0.114,0.057
0.115,0.057
0.115,0.058
0.115,0.059
0.114,0.058
0.116,0.059
0.114,0.060
0.114,0.059
0.115,0.059
0.114,0.060
0.114,0.058
0.115,0.059
0.115,0.061
0.115,0.059
0.116,0.060
0.115,0.061
0.115,0.060
0.115,0.061
0.113,0.061
0.114,0.061
0.114,0.060
0.114,0.060
0.114,0.058
0.114,0.059
0.115,0.059
0.115,0.059
0.115,0.060
0.114,0.060
0.114,0.062
0.114,0.062
0.113,0.062
0.112,0.062
0.112,0.063
0.112,0.062
0.111,0.062
0.110,0.063
0.110,0.062
0.109,0.062
0.108,0.061
0.107,0.061
0.107,0.060
0.105,0.061
0.107,0.061
0.105,0.062
0.106,0.063
0.106,0.064
0.106,0.064
0.106,0.065
0.105,0.065
0.105,0.063
0.104,0.064
0.104,0.064
0.104,0.063
0.102,0.063
0.102,0.063
0.102,0.063
0.101,0.063
0.101,0.064
0.101,0.064
0.101,0.066
0.101,0.067
0.101,0.066
0.100,0.066
0.101,0.064
0.100,0.064
0.099,0.063
0.099,0.064
0.098,0.064
0.098,0.066
0.098,0.067
0.098,0.067
0.097,0.069
0.097,0.069
0.097,0.070
0.096,0.071
0.096,0.069
0.097,0.069
0.094,0.068
0.095,0.068
0.095,0.068
0.093,0.069
0.093,0.069
0.092,0.069
0.091,0.069
0.091,0.068
0.091,0.068
0.090,0.069
0.090,0.069
0.090,0.069
0.088,0.069
0.088,0.070
0.088,0.069
0.088,0.070
0.088,0.071
0.088,0.070
0.088,0.070
0.088,0.071
0.087,0.069
0.087,0.069
0.087,0.067
0.087,0.065
0.086,0.065
0.086,0.063
0.086,0.064
0.084,0.066
0.084,0.066
0.084,0.066
0.082,0.068
0.082,0.067
0.082,0.067
0.080,0.069
0.081,0.068
0.081,0.071
0.079,0.073
0.080,0.074
0.080,0.076
0.078,0.077
0.079,0.075
0.078,0.073
0.077,0.073
0.079,0.071
0.079,0.071
0.078,0.072
0.079,0.070
0.078,0.072
0.077,0.073
0.079,0.072
0.078,0.072
0.077,0.073
0.079,0.072
0.078,0.071
0.077,0.070
0.078,0.070
0.077,0.071
0.077,0.071
0.078,0.072
0.075,0.074
0.077,0.075
0.079,0.075
0.076,0.076
0.078,0.076
0.080,0.078
0.078,0.078
0.080,0.078
0.081,0.078
0.079,0.078
0.080,0.076
0.081,0.076
0.079,0.075
0.080,0.073
0.080,0.073
0.078,0.073
0.080,0.073
0.079,0.074
0.077,0.075
0.077,0.076
0.077,0.077
0.076,0.077
0.078,0.079
0.078,0.080
0.076,0.080
0.079,0.080
0.078,0.080
0.078,0.078
0.079,0.078
0.078,0.077
0.077,0.075
0.077,0.076
0.076,0.076
0.075,0.075
0.075,0.076
0.075,0.077
0.074,0.078
0.075,0.078
0.074,0.078
0.073,0.079
0.075,0.079
0.074,0.079
0.071,0.078
0.073,0.079
0.072,0.078
0.071,0.078
0.073,0.077
0.071,0.076
0.071,0.075
0.072,0.074
0.070,0.075
0.071,0.074
0.072,0.076
0.069,0.077
0.071,0.077
0.071,0.078
0.069,0.079
0.070,0.079
0.070,0.080
0.068,0.080
0.068,0.079
0.070,0.080
0.066,0.080
0.067,0.079
0.067,0.080
0.065,0.080
0.066,0.080
0.066,0.080
0.065,0.079
0.066,0.077
0.066,0.076
0.065,0.075
0.064,0.073
0.065,0.072
0.063,0.070
0.062,0.071
0.064,0.071
0.063,0.071
0.063,0.074
0.064,0.074
0.063,0.074
0.062,0.076
0.062,0.077
0.062,0.076
0.061,0.076
0.061,0.075
0.060,0.075
0.060,0.075
0.062,0.073
0.060,0.072
0.059,0.072
0.060,0.071
0.058,0.070
0.056,0.072
0.059,0.072
0.057,0.072
0.056,0.072
0.058,0.070
0.057,0.070
0.057,0.069
0.058,0.069
0.057,0.070
0.057,0.071
0.059,0.071
0.057,0.073
0.057,0.073
0.058,0.072
0.055,0.072
0.055,0.071
0.056,0.071
0.054,0.071
0.054,0.071
0.055,0.072
0.052,0.072
0.052,0.072
0.054,0.071
0.050,0.070
0.051,0.069
0.052,0.070
0.049,0.071
0.050,0.072
0.052,0.075
0.050,0.075
0.051,0.073
0.051,0.073
0.049,0.072
0.051,0.070
0.052,0.068
0.049,0.068
0.051,0.066
0.051,0.070
0.049,0.072
0.050,0.074
0.050,0.075
0.048,0.076
0.050,0.076
0.049,0.074
0.047,0.073
0.049,0.071
0.048,0.071
0.047,0.071
0.047,0.072
0.047,0.074
0.047,0.075
0.048,0.076
0.047,0.077
0.047,0.076
0.047,0.077
0.047,0.076
0.046,0.075
0.048,0.075
0.047,0.074
0.047,0.073
0.048,0.074
0.048,0.074
0.048,0.073
0.049,0.073
0.047,0.074
0.049,0.072
0.048,0.074
0.046,0.075
0.047,0.073
0.048,0.075
0.047,0.075
0.048,0.074
0.049,0.074
0.048,0.072
0.048,0.069
0.049,0.068
0.047,0.067
0.048,0.067
0.048,0.067
0.048,0.066
0.047,0.066
0.049,0.066
0.048,0.066
0.048,0.066
0.049,0.067
0.048,0.067
0.047,0.068
0.048,0.069
0.048,0.068
0.047,0.068
0.048,0.067
0.048,0.066
0.047,0.068
0.048,0.069
0.046,0.070
0.045,0.072
0.046,0.073
0.045,0.072
0.045,0.071
0.045,0.069
0.045,0.067
0.044,0.066
0.044,0.065
0.044,0.066
0.044,0.066
0.045,0.066
0.044,0.067
0.043,0.068
0.045,0.068
0.042,0.069
0.042,0.068
0.043,0.068
0.041,0.069
0.042,0.067
0.043,0.067
0.041,0.068
0.041,0.066
0.041,0.066
0.039,0.066
0.037,0.064
0.039,0.064
0.036,0.064
0.037,0.063
0.038,0.063
0.037,0.063
0.037,0.063
0.038,0.063
0.036,0.064
0.037,0.063
0.038,0.063
0.036,0.063
0.036,0.064
0.036,0.065
0.035,0.065
0.035,0.066
0.035,0.066
0.034,0.066
0.034,0.064
0.034,0.065
0.033,0.064
0.034,0.065
0.034,0.065
0.032,0.064
0.034,0.065
0.033,0.066
0.032,0.064
0.032,0.065
0.032,0.066
0.031,0.065
0.032,0.064
0.031,0.065
0.031,0.063
0.032,0.064
0.030,0.063
0.030,0.062
0.030,0.063
0.029,0.063
0.027,0.064
0.028,0.065
0.027,0.065
0.025,0.063
0.026,0.063
0.024,0.062
0.024,0.062
0.024,0.061
0.023,0.062
0.021,0.061
0.022,0.060
0.022,0.062
0.020,0.061
0.021,0.061
0.020,0.061
0.019,0.060
0.019,0.060
0.018,0.061
0.017,0.062
0.018,0.062
0.016,0.062
0.014,0.059
0.015,0.059
0.014,0.058
0.012,0.059
0.012,0.059
0.009,0.061
0.009,0.060
0.009,0.060
0.007,0.060
0.007,0.057
0.007,0.060
0.004,0.058
0.004,0.055
0.005,0.056
0.004,0.056
0.005,0.056
0.005,0.058
0.002,0.059
0.002,0.058
0.002,0.060
-0.001,0.059
0.000,0.059
-0.002,0.061
-0.005,0.060
-0.004,0.060
-0.006,0.061
-0.008,0.061
-0.009,0.060
-0.009,0.062
-0.012,0.061
-0.013,0.059
-0.014,0.060
-0.014,0.057
-0.013,0.058
-0.013,0.060
-0.013,0.061
-0.013,0.062
-0.012,0.064
-0.013,0.063
-0.013,0.063
-0.013,0.065
-0.014,0.065
-0.014,0.066
-0.015,0.065
-0.015,0.064
-0.015,0.065
-0.016,0.063
-0.016,0.061
-0.016,0.062
-0.015,0.062
-0.015,0.061
-0.014,0.062
-0.015,0.062
-0.014,0.062
-0.014,0.063
-0.015,0.063
-0.013,0.062
-0.013,0.063
-0.014,0.063
-0.013,0.062
-0.015,0.063
-0.014,0.063
-0.015,0.062
-0.014,0.062
-0.014,0.061
-0.015,0.060
-0.015,0.062
-0.014,0.062
-0.014,0.060
-0.015,0.061
-0.013,0.060
-0.013,0.058
-0.013,0.059
-0.013,0.058
-0.014,0.058
-0.012,0.058
-0.012,0.058
-0.012,0.057
-0.012,0.057
-0.011,0.057
-0.012,0.057
-0.011,0.057
-0.012,0.056
-0.012,0.057
-0.012,0.058
-0.012,0.058
-0.013,0.057
-0.012,0.057
-0.010,0.058
-0.011,0.057
-0.010,0.055
-0.010,0.056
-0.009,0.057
-0.007,0.057
-0.007,0.056
-0.009,0.056
-0.009,0.056
-0.008,0.056
-0.010,0.054
-0.009,0.053
-0.009,0.054
-0.010,0.053
-0.009,0.053
-0.010,0.052
-0.010,0.052
-0.009,0.051
-0.008,0.051
-0.008,0.050
-0.007,0.050
-0.008,0.052
-0.007,0.051
-0.006,0.053
-0.008,0.054
-0.007,0.055
-0.007,0.056
-0.009,0.057
-0.010,0.055
-0.009,0.057
-0.009,0.056
-0.009,0.055
-0.010,0.057
-0.010,0.057
-0.010,0.056
-0.010,0.056
-0.012,0.055
-0.012,0.054
-0.013,0.054
-0.014,0.053
-0.014,0.052
-0.016,0.052
-0.015,0.050
-0.014,0.051
-0.016,0.053
-0.017,0.052
-0.016,0.051
-0.018,0.053
-0.017,0.051
-0.016,0.050
-0.018,0.052
-0.017,0.049
-0.017,0.050
-0.019,0.050
-0.018,0.050
-0.017,0.051
-0.018,0.051
-0.019,0.049
-0.018,0.048
-0.021,0.049
-0.021,0.048
-0.021,0.049
-0.023,0.051
-0.023,0.050
-0.024,0.049
-0.026,0.049
-0.025,0.048
-0.026,0.047
-0.026,0.047
-0.026,0.045
-0.027,0.044
-0.027,0.045
-0.028,0.044
-0.029,0.045
-0.029,0.046
-0.030,0.046
-0.030,0.047
-0.030,0.046
-0.029,0.045
-0.029,0.045
-0.029,0.044
-0.029,0.043
-0.029,0.044
-0.030,0.044
-0.030,0.044
-0.031,0.044
-0.031,0.044
-0.030,0.043
-0.032,0.043
-0.032,0.042
-0.032,0.041
-0.031,0.041
-0.031,0.041
-0.031,0.040
-0.031,0.039
-0.031,0.039
-0.030,0.038
-0.031,0.038
-0.030,0.038
-0.030,0.037
-0.032,0.038
-0.031,0.039
-0.031,0.039
-0.031,0.040
-0.030,0.040
-0.030,0.039
-0.030,0.040
-0.029,0.040
-0.029,0.041
-0.031,0.043
-0.029,0.043
-0.029,0.044
-0.029,0.044
-0.028,0.042
-0.028,0.042
-0.029,0.042
-0.027,0.040
-0.027,0.040
-0.028,0.039
-0.026,0.039
-0.026,0.038
-0.028,0.037
-0.026,0.037
-0.026,0.037
-0.026,0.039
-0.025,0.040
-0.024,0.040
-0.025,0.040
-0.024,0.040
-0.024,0.039
-0.026,0.037
-0.025,0.036
-0.025,0.034
-0.025,0.034
-0.024,0.035
-0.025,0.034
-0.025,0.036
-0.024,0.037
-0.024,0.036
-0.025,0.038
-0.024,0.039
-0.024,0.038
-0.025,0.039
-0.024,0.039
-0.024,0.039
-0.025,0.039
-0.024,0.040
-0.023,0.039
-0.024,0.040
-0.024,0.040
-0.023,0.039
-0.024,0.041
-0.023,0.039
-0.024,0.039
-0.025,0.041
-0.023,0.039
-0.022,0.038
-0.024,0.039
-0.022,0.038
-0.022,0.036
-0.024,0.039
-0.022,0.037
-0.022,0.036
-0.023,0.037
-0.021,0.034
-0.020,0.035
-0.022,0.035
-0.020,0.034
-0.020,0.034
-0.023,0.034
-0.021,0.033
-0.022,0.033
-0.023,0.032
-0.021,0.030
-0.022,0.030
-0.023,0.029
-0.021,0.028
-0.023,0.029
-0.025,0.030
-0.022,0.030
-0.025,0.032
-0.025,0.032
-0.023,0.034
-0.025,0.035
-0.024,0.034
-0.023,0.034
-0.025,0.034
-0.025,0.032
-0.023,0.032
-0.026,0.032
-0.025,0.030
-0.025,0.031
-0.029,0.032
-0.028,0.032
-0.027,0.033
-0.030,0.032
-0.029,0.031
-0.027,0.031
-0.030,0.031
-0.029,0.031
-0.028,0.032
-0.030,0.032
-0.029,0.030
-0.029,0.029
-0.032,0.027
-0.031,0.024
-0.031,0.023
-0.034,0.022
-0.033,0.023
-0.034,0.023
-0.037,0.023
-0.036,0.024
-0.038,0.026
-0.040,0.027
-0.040,0.028
-0.042,0.029
-0.043,0.028
-0.043,0.028
-0.043,0.026
-0.044,0.024
-0.043,0.025
-0.044,0.025
-0.045,0.024
-0.044,0.024
-0.045,0.026
-0.045,0.025
-0.045,0.027
-0.045,0.026
-0.045,0.026
-0.043,0.028
-0.044,0.026
-0.046,0.026
-0.045,0.027
-0.045,0.026
-0.046,0.026
-0.045,0.026
-0.044,0.024
-0.045,0.023
-0.044,0.022
-0.044,0.022
-0.045,0.023
-0.044,0.023
-0.045,0.024
-0.045,0.024
-0.045,0.026
-0.046,0.026
-0.047,0.026
-0.046,0.027
-0.046,0.025
-0.047,0.024
-0.045,0.025
-0.046,0.024
-0.046,0.023
-0.044,0.023
-0.046,0.022
-0.044,0.021
-0.042,0.023
-0.043,0.023
-0.043,0.024
-0.041,0.026
-0.041,0.027
-0.040,0.027
-0.038,0.027
-0.040,0.028
-0.039,0.028
-0.037,0.027
-0.038,0.028
-0.038,0.028
-0.034,0.028
-0.036,0.027
-0.035,0.026
-0.033,0.026
-0.034,0.025
-0.034,0.025
-0.032,0.025
-0.033,0.027
-0.032,0.025
-0.030,0.026
-0.030,0.025
-0.029,0.027
-0.027,0.027
-0.028,0.028
-0.027,0.028
-0.025,0.026
-0.026,0.025
-0.027,0.024
-0.024,0.023
-0.025,0.021
-0.025,0.021
-0.023,0.019
-0.024,0.019
-0.023,0.020
-0.021,0.019
-0.022,0.021
-0.022,0.021
-0.020,0.020
-0.021,0.020
-0.022,0.020
-0.019,0.020
-0.021,0.021
-0.020,0.021
-0.020,0.021
-0.021,0.022
-0.020,0.022
-0.019,0.023
-0.021,0.023
-0.021,0.021
-0.018,0.019
-0.020,0.017
-0.019,0.015
-0.018,0.015
-0.019,0.016
-0.017,0.016
-0.017,0.017
-0.018,0.017
-0.017,0.015
-0.016,0.015
-0.018,0.014
-0.018,0.013
-0.017,0.012
-0.021,0.013
-0.020,0.012
-0.019,0.011
-0.021,0.010
-0.019,0.009
-0.019,0.009
-0.021,0.008
-0.019,0.008
-0.019,0.007
-0.021,0.007
-0.019,0.007
-0.021,0.007
-0.021,0.007
-0.019,0.006
-0.021,0.008
-0.021,0.007
-0.019,0.008
-0.021,0.009
-0.022,0.007
-0.021,0.009
-0.023,0.010
-0.024,0.010
-0.023,0.011
-0.027,0.010
-0.027,0.007
-0.026,0.006
-0.028,0.006
-0.028,0.004
-0.028,0.006
-0.029,0.006
-0.030,0.007
-0.030,0.006
-0.032,0.006
-0.033,0.005
-0.033,0.005
-0.034,0.004
-0.036,0.003
-0.034,0.003
-0.036,0.002
-0.036,0.001
-0.036,0.001
-0.037,0.001
-0.037,0.003
-0.036,0.005
-0.037,0.006
-0.037,0.006
-0.036,0.007
-0.037,0.005
-0.038,0.004
-0.038,0.006
-0.039,0.004
-0.039,0.004
-0.039,0.006
-0.039,0.006
-0.039,0.006
-0.038,0.007
-0.038,0.006
-0.036,0.006
-0.035,0.005
-0.035,0.004
-0.035,0.004
-0.034,0.004
-0.034,0.004
-0.034,0.005
-0.035,0.006
-0.034,0.006
-0.034,0.006
-0.034,0.008
-0.034,0.007
-0.033,0.008
-0.033,0.007
-0.033,0.006
-0.032,0.006
-0.032,0.006
-0.031,0.005
-0.030,0.006
-0.031,0.008
-0.029,0.007
-0.028,0.010
-0.029,0.010
-0.028,0.010
-0.027,0.011
-0.027,0.012
-0.027,0.011
-0.027,0.012
-0.026,0.014
-0.026,0.012
-0.025,0.011
-0.025,0.010
-0.023,0.007
-0.023,0.006
-0.023,0.003
-0.022,0.001
-0.021,0.001
-0.021,-0.000
-0.022,-0.002
-0.021,-0.000
-0.019,-0.001
-0.019,-0.001
-0.019,0.000
-0.018,0.001
-0.017,0.002
-0.017,0.002
-0.017,0.003
-0.017,0.004
-0.016,0.004
-0.016,0.004
-0.018,0.005
-0.016,0.006
-0.016,0.005
-0.017,0.006
-0.016,0.004
-0.016,0.005
-0.016,0.006
-0.016,0.005
-0.014,0.005
-0.015,0.004
-0.013,0.004
-0.012,0.004
-0.012,0.005
-0.011,0.004
-0.011,0.005
-0.011,0.005
-0.011,0.004
-0.011,0.004
-0.011,0.002
-0.010,0.002
-0.011,0.002
-0.012,0.002
-0.010,0.003
-0.010,0.004
-0.010,0.002
-0.009,0.003
-0.008,0.005
-0.007,0.003
-0.006,0.005
-0.005,0.006
-0.005,0.005
-0.004,0.006
-0.005,0.005
-0.004,0.004
-0.003,0.004
-0.003,0.004
-0.002,0.003
-0.002,0.004
-0.002,0.004
-0.001,0.004
-0.001,0.006
-0.001,0.004
-0.000,0.004
-0.001,0.006
-0.001,0.003
0.001,0.000
-0.001,-0.000
0.000,-0.003
0.001,-0.003
0.000,-0.001
0.001,-0.001
0.002,0.001
0.002,0.002
0.002,0.001
0.004,0.001
0.003,0.003
0.003,0.001
0.004,0.002
0.003,0.005
0.005,0.002
0.005,0.002
0.005,0.002
0.004,-0.001
0.005,-0.002
0.004,-0.003
0.005,-0.005
0.006,-0.006
0.006,-0.005
0.006,-0.007
0.006,-0.007
0.007,-0.005
0.006,-0.004
0.007,-0.003
0.006,-0.001
0.007,-0.001
0.007,-0.001
0.008,0.000
0.009,-0.001
0.008,-0.001
0.008,-0.000
0.010,-0.002
0.010,-0.001
0.009,0.000
0.010,0.000
0.011,0.001
0.011,0.003
0.012,0.002
0.012,0.002
0.012,0.002
0.013,-0.000
0.013,0.001
0.013,0.000
0.014,-0.001
0.013,-0.001
0.013,-0.001
0.015,-0.002
0.013,-0.002
0.014,-0.001
0.016,-0.002
0.015,-0.002
0.017,-0.001
0.018,-0.001
0.018,-0.001
0.017,-0.002
0.017,-0.002
0.016,-0.001
0.016,-0.001
0.016,-0.001
0.015,-0.001
0.017,0.000
0.017,0.000
0.016,0.002
0.018,0.002
0.018,0.003
0.018,0.003
0.019,0.002
0.020,0.001
0.018,0.000
0.021,0.000
0.021,-0.001
0.019,-0.000
0.020,-0.001
0.019,-0.000
0.018,-0.001
0.019,-0.002
0.020,-0.002
0.019,-0.002
0.021,-0.003
0.022,-0.002
0.021,-0.001
0.023,-0.001
0.023,0.001
0.023,0.002
0.024,0.002
0.024,-0.001
0.023,-0.002
0.024,-0.002
0.025,-0.005
0.024,-0.006
0.025,-0.006
0.025,-0.008
0.026,-0.008
0.027,-0.008
0.026,-0.007
0.025,-0.006
0.027,-0.005
0.026,-0.005
0.026,-0.004
0.027,-0.004
0.027,-0.005
0.026,-0.003
0.027,-0.004
0.028,-0.006
0.026,-0.006
0.028,-0.007
0.028,-0.009
0.026,-0.009
0.027,-0.010
0.027,-0.009
0.027,-0.007
0.028,-0.007
0.030,-0.006
0.029,-0.003
0.030,-0.003
0.032,-0.003
0.030,-0.003
0.033,-0.005
0.033,-0.007
0.032,-0.006
0.035,-0.008
0.035,-0.008
0.034,-0.006
0.036,-0.007
0.035,-0.007
0.034,-0.008
0.037,-0.008
0.036,-0.007
0.035,-0.007
0.036,-0.006
0.035,-0.006
0.036,-0.006
0.037,-0.006
0.036,-0.005
0.036,-0.005
0.039,-0.004
0.037,-0.003
0.038,-0.003
0.041,-0.003
0.039,-0.003
0.040,-0.004
0.042,-0.006
0.040,-0.007
0.042,-0.008
0.044,-0.008
0.042,-0.007
0.043,-0.007
0.045,-0.006
0.043,-0.004
0.044,-0.003
0.044,-0.003
0.042,-0.002
0.043,-0.002
0.043,-0.002
0.042,-0.002
0.042,-0.003
0.043,-0.003
0.041,-0.003
0.043,-0.004
0.044,-0.004
0.043,-0.005
0.044,-0.005
0.045,-0.004
0.043,-0.004
0.044,-0.004
0.045,-0.003
0.043,-0.004
0.044,-0.004
0.043,-0.004
0.042,-0.005
0.043,-0.006
0.043,-0.006
0.042,-0.007
0.045,-0.007
0.045,-0.007
0.044,-0.008
0.046,-0.007
0.047,-0.006
0.045,-0.007
0.048,-0.007
0.048,-0.006
0.047,-0.007
0.049,-0.006
0.048,-0.006
0.047,-0.005
0.048,-0.006
0.048,-0.005
0.047,-0.003
0.049,-0.002
0.048,-0.002
0.047,-0.001
0.048,-0.000
0.048,0.000
0.048,-0.001
0.050,0.000
0.049,-0.001
0.050,-0.001
0.051,-0.000
0.050,-0.001
0.050,-0.003
0.052,-0.002
0.051,-0.002
0.052,-0.003
0.053,-0.002
0.052,-0.001
0.053,-0.003
0.055,-0.001
0.053,-0.001
0.054,0.000
0.055,0.001
0.053,0.001
0.054,0.000
0.055,0.001
0.053,0.000
0.053,-0.001
0.054,-0.001
0.054,-0.001
0.054,-0.002
0.054,-0.001
0.054,-0.002
0.054,-0.002
0.055,-0.001
0.055,-0.001
0.055,-0.001
0.057,-0.001
0.056,-0.001
0.056,0.000
0.058,0.000
0.058,0.000
0.057,0.001
0.059,-0.001
0.060,-0.002
0.059,-0.002
0.061,-0.002
0.062,-0.002
0.061,-0.001
0.063,-0.001
0.063,-0.001
0.063,-0.000
0.064,-0.002
0.063,-0.003
0.063,-0.004
0.065,-0.005
0.065,-0.006
0.065,-0.006
0.067,-0.007
0.065,-0.005
0.064,-0.003
0.066,-0.003
0.065,-0.002
0.065,-0.002
0.067,-0.003
0.066,-0.001
0.067,-0.001
0.069,-0.001
0.069,-0.001
0.068,-0.003
0.071,-0.004
0.069,-0.004
0.070,-0.004
0.072,-0.005
0.069,-0.003
0.071,-0.002
0.074,0.000
0.072,0.001
0.073,0.000
0.076,0.001
0.075,0.001
0.078,0.001
0.080,0.001
0.078,0.004
0.080,0.003
0.082,0.003
0.081,0.003
0.083,0.003
0.086,0.004
0.086,0.004
0.087,0.004
0.088,0.004
0.086,0.005
0.088,0.004
0.089,0.004
0.087,0.003
0.091,0.001
0.091,0.002
0.091,-0.000
0.093,-0.001
0.092,0.000
0.094,0.000
0.096,0.001
0.095,0.002
0.095,0.000
0.098,-0.000
0.097,0.001
0.097,-0.001
0.099,0.000
0.097,0.000
0.099,-0.002
0.101,-0.001
0.100,-0.002
0.100,-0.002
0.102,0.000
0.102,0.001
0.102,-0.002
0.102,0.000
0.103,0.003
0.104,0.003
0.105,0.006
0.104,0.005
0.105,0.005
0.108,0.005
0.107,0.003
0.108,0.002
0.109,0.003
0.108,0.001
0.108,-0.000
0.108,-0.000
0.107,-0.001
0.107,0.000
0.108,0.002
0.107,0.001
0.108,0.001
0.109,0.002
0.108,0.001
0.109,-0.001
0.107,-0.001
0.106,-0.001
0.107,-0.001
0.108,-0.001
0.106,-0.002
0.107,-0.002
0.109,0.000
0.108,-0.001
0.107,-0.002
0.106,-0.000
0.106,-0.002
0.106,-0.002
0.105,-0.002
0.103,-0.003
0.103,-0.002
0.104,-0.002
0.104,-0.003
0.104,-0.003
0.102,-0.002
0.103,-0.003
0.103,-0.003
0.102,-0.003
0.102,-0.004
0.104,-0.003
0.103,-0.003
0.102,-0.004
0.102,-0.003
0.100,-0.002
0.102,-0.002
0.101,-0.001
0.100,0.000
0.101,0.001
0.100,0.004
0.100,0.005
0.100,0.005
0.101,0.005
0.098,0.006
0.100,0.004
0.100,0.004
0.098,0.004
0.099,0.004
0.099,0.004
0.100,0.002
0.098,0.002
0.097,0.002
0.098,0.001
0.099,0.001
0.099,0.002
0.099,0.002
0.101,0.004
0.100,0.004
0.101,0.003
0.099,0.004
0.101,0.005
0.101,0.006
0.099,0.008
0.099,0.008
0.098,0.008
0.098,0.008
0.099,0.006
0.100,0.005
0.099,0.004
0.100,0.003
0.101,0.004
0.100,0.004
0.101,0.004
0.101,0.006
0.102,0.005
0.102,0.004
0.102,0.004
0.102,0.004
0.104,0.005
0.103,0.007
0.104,0.006
0.105,0.008
0.105,0.009
0.106,0.008
0.107,0.009
0.108,0.010
0.108,0.010
0.109,0.012
0.109,0.013
0.109,0.012
0.110,0.012
0.109,0.012
0.110,0.011
0.109,0.011
0.109,0.011
0.109,0.011
0.110,0.011
0.110,0.010
0.110,0.010
0.111,0.011
0.112,0.011
0.113,0.011
0.113,0.011
0.114,0.011
0.115,0.012
0.115,0.013
0.116,0.013
0.118,0.013
0.118,0.015
0.119,0.015
0.120,0.015
0.119,0.016
0.119,0.015
0.120,0.014
0.119,0.014
0.120,0.012
0.122,0.011
0.122,0.012
0.122,0.012
0.122,0.013
0.122,0.015
0.122,0.015
0.122,0.016
0.121,0.018
0.121,0.017
0.121,0.018
0.120,0.020
0.121,0.019
0.121,0.019
0.121,0.018
0.121,0.016
0.121,0.015
0.120,0.014
0.120,0.012
0.119,0.011
0.119,0.012
0.119,0.012
0.118,0.013
0.118,0.015
0.119,0.014
0.119,0.016
0.118,0.016
0.120,0.016
0.120,0.018
0.119,0.018
0.120,0.017
0.120,0.017
0.119,0.016
0.120,0.015
0.119,0.016
0.118,0.016
0.119,0.016
0.118,0.017
0.117,0.018
0.118,0.018
0.117,0.018
0.117,0.018
0.117,0.016
0.116,0.017
0.117,0.018
0.117,0.017
0.115,0.018
0.115,0.018
0.116,0.019
0.114,0.019
0.115,0.020
0.116,0.020
0.115,0.022
0.116,0.021
0.116,0.022
0.116,0.023
0.118,0.023
0.118,0.024
0.116,0.026
0.117,0.026
0.117,0.027
0.114,0.028
0.116,0.027
0.117,0.028
0.114,0.028
0.116,0.025
0.116,0.025
0.114,0.024
0.116,0.023
0.115,0.024
0.114,0.025
0.116,0.025
0.116,0.026
0.114,0.028
0.116,0.028
0.116,0.030
0.115,0.030
0.116,0.030
0.116,0.029
0.115,0.029
0.115,0.029
0.114,0.028
0.114,0.028
0.114,0.028
0.113,0.028
0.112,0.028
0.113,0.029
0.113,0.029
0.113,0.029
0.114,0.030
0.114,0.029
0.113,0.029
0.114,0.030
0.112,0.029
0.112,0.030
0.113,0.030
0.112,0.030
0.112,0.031
0.113,0.032
0.113,0.032
0.112,0.033
0.113,0.032
0.114,0.030
0.114,0.030
0.114,0.029
0.115,0.029
0.114,0.031
0.115,0.030
0.116,0.032
0.115,0.035
0.117,0.035
0.117,0.036
0.116,0.038
0.118,0.037
0.119,0.037
0.118,0.039
0.120,0.038
0.120,0.038
0.120,0.038
0.122,0.037
0.121,0.037
0.121,0.038
0.124,0.037
0.122,0.037
0.122,0.037
0.125,0.036
0.123,0.037
0.124,0.036
0.127,0.037
0.125,0.037
0.125,0.038
0.128,0.037
0.127,0.038
0.128,0.039
0.130,0.038
0.128,0.039
0.130,0.038
0.131,0.038
0.130,0.038
0.131,0.038
0.134,0.038
0.132,0.038
0.134,0.038
0.136,0.037
0.135,0.039
0.137,0.040
0.137,0.041
0.135,0.044
0.137,0.045
0.140,0.045
0.138,0.045
0.140,0.045
0.141,0.044
0.140,0.043
0.140,0.042
0.140,0.041
0.138,0.041
0.140,0.040
0.140,0.042
0.139,0.042
0.140,0.043
0.140,0.043
0.139,0.043
0.142,0.044
0.141,0.044
0.141,0.043
0.143,0.043
0.143,0.043
0.142,0.044
0.143,0.043
0.142,0.044
0.140,0.044
0.142,0.044
0.140,0.045
0.138,0.044
0.139,0.044
0.137,0.044
0.136,0.042
0.137,0.043
0.135,0.044
0.134,0.043
0.135,0.046
0.133,0.045
0.132,0.044
0.133,0.045
0.130,0.046
0.130,0.045
0.131,0.046
0.128,0.047
0.128,0.045
0.129,0.047
0.127,0.047
0.127,0.048
0.127,0.050
0.124,0.050
0.124,0.051
0.124,0.053
0.122,0.053
0.121,0.051
0.121,0.052
0.121,0.050
0.119,0.050
0.120,0.050
0.118,0.049
0.118,0.049
0.118,0.049
0.118,0.049
0.118,0.050
0.117,0.052
0.116,0.052
0.116,0.052
0.117,0.051
0.115,0.050
0.115,0.049
0.115,0.049
0.114,0.049
0.113,0.051
0.114,0.052
0.114,0.054
0.113,0.056
0.114,0.058
0.112,0.058
0.112,0.059
0.112,0.057
0.110,0.055
0.109,0.054
0.111,0.052
0.111,0.052
0.110,0.051
0.112,0.051
0.111,0.053
0.110,0.053
0.112,0.053
0.109,0.054
0.109,0.055
0.111,0.056
0.109,0.058
0.109,0.059
0.111,0.059
0.109,0.060
0.109,0.059
0.110,0.058
0.109,0.059
0.110,0.059
0.110,0.059
0.110,0.058
0.111,0.058
0.111,0.059
0.111,0.058
0.112,0.058
0.112,0.060
0.111,0.060
0.113,0.061
0.112,0.063
0.111,0.064
0.113,0.065
0.112,0.066
0.113,0.065
0.114,0.065
0.114,0.066
0.114,0.065
0.116,0.064
0.116,0.064
0.115,0.063
0.117,0.062
0.117,0.062
0.117,0.061
0.119,0.061
0.118,0.061
0.118,0.062
0.119,0.063
0.119,0.065
0.118,0.064
0.120,0.065
0.119,0.065
0.118,0.065
0.119,0.066
0.119,0.066
0.118,0.066
0.119,0.065
0.119,0.066
0.118,0.066
0.120,0.066
0.119,0.067
0.119,0.066
0.120,0.066
0.118,0.066
0.118,0.065
0.118,0.066
0.117,0.066
0.116,0.064
0.117,0.065
0.115,0.065
0.115,0.065
0.116,0.067
0.114,0.069
0.114,0.068
0.115,0.070
0.114,0.072
0.114,0.070
0.115,0.071
0.113,0.071
0.114,0.069
0.113,0.070
0.111,0.069
0.111,0.068
0.111,0.069
0.109,0.068
0.109,0.068
0.109,0.069
0.107,0.068
0.107,0.068
0.106,0.070
0.105,0.070
0.107,0.072
0.105,0.074
0.104,0.073
0.105,0.073
0.103,0.075
0.103,0.073
0.103,0.073
0.102,0.075
0.101,0.073
0.102,0.073
0.100,0.073
0.101,0.073
0.101,0.074
0.099,0.076
0.099,0.075
0.099,0.076
0.097,0.077
0.098,0.075
0.098,0.075
0.097,0.075
0.097,0.073
0.097,0.074
0.095,0.075
0.096,0.075
0.095,0.076
0.095,0.077
0.095,0.076
0.094,0.078
0.095,0.077
0.094,0.076
0.094,0.075
0.093,0.074
0.095,0.074
0.093,0.074
0.093,0.073
0.093,0.073
0.093,0.074
0.092,0.073
0.091,0.073
0.090,0.073
0.091,0.072
0.090,0.072
0.089,0.072
0.089,0.072
0.089,0.072
0.088,0.074
0.089,0.075
0.089,0.076
0.088,0.077
0.088,0.076
0.088,0.076
0.088,0.076
0.087,0.076
0.087,0.076
0.086,0.076
0.087,0.076
0.086,0.076
0.087,0.077
0.086,0.077
0.086,0.078
0.086,0.080
0.086,0.080
0.085,0.079
0.084,0.080
0.084,0.078
0.083,0.076
0.082,0.076
0.082,0.075
0.083,0.076
0.082,0.077
0.082,0.077
0.082,0.079
0.081,0.079
0.081,0.078
0.080,0.077
0.080,0.077
0.080,0.076
0.079,0.077
0.078,0.077
0.079,0.076
0.078,0.077
0.078,0.079
0.078,0.079
0.077,0.081
0.076,0.082
0.077,0.082
0.076,0.083
0.076,0.084
0.076,0.083
0.075,0.083
0.075,0.084
0.075,0.083
0.076,0.082
0.075,0.082
0.075,0.080
0.074,0.080
0.075,0.080
0.074,0.081
0.074,0.081
0.075,0.083
0.074,0.084
0.074,0.083
0.073,0.084
0.073,0.082
0.074,0.079
0.073,0.079
0.072,0.078
0.072,0.077
0.072,0.078
0.071,0.079
0.071,0.080
0.071,0.082
0.070,0.083
0.071,0.083
0.070,0.086
0.070,0.084
0.070,0.083
0.070,0.083
0.069,0.081
0.071,0.080
0.071,0.080
0.070,0.080
0.071,0.080
0.070,0.081
0.070,0.081
0.071,0.081
0.070,0.082
0.069,0.079
0.069,0.079
0.068,0.078
0.068,0.076
0.068,0.074
0.067,0.074
0.068,0.073
0.067,0.074
0.067,0.075
0.067,0.075
0.068,0.077
0.067,0.079
0.067,0.078
0.068,0.079
0.067,0.080
0.069,0.078
0.067,0.078
0.066,0.078
0.067,0.075
0.066,0.076
0.066,0.076
0.067,0.076
0.066,0.078
0.067,0.079
0.068,0.079
0.066,0.082
0.067,0.081
0.068,0.082
0.065,0.084
0.066,0.082
0.067,0.083
0.065,0.083
0.065,0.082
0.066,0.082
0.063,0.083
0.064,0.082
0.064,0.082
0.061,0.083
0.062,0.082
0.061,0.082
0.060,0.083
0.061,0.081
0.062,0.082
0.060,0.084
0.062,0.083
0.062,0.085
0.060,0.087
0.063,0.086
0.062,0.088
0.060,0.088
0.062,0.088
0.061,0.088
0.059,0.088
0.059,0.088
0.058,0.088
0.056,0.086
0.058,0.085
0.058,0.084
0.056,0.085
0.058,0.083
0.058,0.083
0.057,0.083
0.058,0.083
0.058,0.083
0.057,0.082
0.058,0.081
0.058,0.080
0.058,0.079
0.057,0.077
0.056,0.077
0.056,0.076
0.056,0.076
0.055,0.076
0.055,0.076
0.056,0.076
0.056,0.075
0.054,0.076
0.056,0.076
0.054,0.075
0.054,0.076
0.053,0.075
0.053,0.075
0.052,0.076
0.053,0.075
0.051,0.075
0.051,0.077
0.051,0.076
0.050,0.075
0.049,0.077
0.050,0.077
0.050,0.076
0.049,0.079
0.050,0.080
0.050,0.081
0.048,0.083
0.049,0.083
0.047,0.083
0.046,0.083
0.047,0.081
0.046,0.079
0.046,0.078
0.048,0.078
0.048,0.077
0.047,0.077
0.048,0.076
0.048,0.075
0.048,0.076
0.049,0.075
0.045,0.075
0.046,0.075
0.046,0.075
0.045,0.075
0.045,0.075
0.046,0.075
0.044,0.076
0.045,0.076
0.047,0.076
0.046,0.077
0.046,0.076
0.047,0.076
0.045,0.077
0.046,0.077
0.047,0.076
0.046,0.076
0.046,0.075
0.047,0.072
0.045,0.071
0.045,0.072
0.047,0.070
0.045,0.072
0.047,0.073
0.047,0.075
0.046,0.077
0.047,0.078
0.048,0.079
0.046,0.080
0.047,0.082
0.048,0.082
0.046,0.082
0.047,0.081
0.048,0.080
0.047,0.080
0.048,0.077
0.049,0.076
0.048,0.075
0.049,0.075
0.049,0.074
0.046,0.074
0.048,0.073
0.046,0.074
0.044,0.074
0.044,0.072
0.044,0.073
0.041,0.071
0.042,0.070
0.043,0.070
0.041,0.071
0.044,0.071
0.043,0.071
0.041,0.071
0.042,0.069
0.041,0.069
0.039,0.068
0.041,0.066
0.040,0.067
0.038,0.066
0.040,0.067
0.038,0.067
0.037,0.068
0.039,0.069
0.036,0.070
0.036,0.069
0.037,0.069
0.034,0.067
0.033,0.064
0.035,0.064
0.032,0.062
0.031,0.060
0.033,0.060
0.030,0.061
0.032,0.061
0.033,0.064
0.031,0.064
0.032,0.065
0.034,0.067
0.031,0.067
0.031,0.066
0.033,0.066
0.030,0.065
0.031,0.063
0.031,0.062
0.029,0.062
0.030,0.062
0.030,0.062
0.028,0.063
0.029,0.064
0.030,0.066
0.029,0.067
0.029,0.068
0.029,0.069
0.028,0.069
0.027,0.068
0.027,0.067
0.026,0.064
0.025,0.064
0.026,0.062
0.025,0.061
0.025,0.062
0.024,0.061
0.023,0.061
0.023,0.062
0.024,0.062
0.023,0.061
0.021,0.062
0.022,0.063
0.021,0.062
0.019,0.063
0.020,0.062
0.018,0.061
0.017,0.062
0.017,0.059
0.017,0.059
0.015,0.058
0.018,0.056
0.016,0.056
0.013,0.056
0.015,0.055
0.013,0.054
0.013,0.054
0.011,0.052
0.010,0.053
0.009,0.054
0.009,0.054
0.006,0.057
0.006,0.056
0.009,0.057
0.005,0.059
0.005,0.059
0.006,0.061
0.003,0.063
0.004,0.063
0.003,0.062
-0.000,0.062
0.001,0.061
0.001,0.061
-0.002,0.060
-0.002,0.058
-0.003,0.059
-0.003,0.057
-0.002,0.058
-0.004,0.058
-0.006,0.057
-0.004,0.057
-0.004,0.057
-0.006,0.056
-0.003,0.056
-0.006,0.058
-0.007,0.057
-0.004,0.058
-0.008,0.058
-0.008,0.057
-0.007,0.057
-0.009,0.059
-0.011,0.058
-0.010,0.060
-0.013,0.062
-0.012,0.062
-0.010,0.063
-0.013,0.064
-0.013,0.064
-0.012,0.062
-0.013,0.062
-0.014,0.058
-0.011,0.059
-0.013,0.057
-0.015,0.056
-0.014,0.058
-0.016,0.056
-0.016,0.058
-0.014,0.058
-0.016,0.058
-0.016,0.057
-0.015,0.058
-0.016,0.058
-0.015,0.055
-0.013,0.055
-0.015,0.052
-0.015,0.053
-0.015,0.054
-0.016,0.055
-0.015,0.055
-0.014,0.057
-0.016,0.058
-0.014,0.056
-0.014,0.059
-0.015,0.056
-0.015,0.055
-0.013,0.057
-0.013,0.057
-0.013,0.058
-0.013,0.059
-0.013,0.059
-0.012,0.057
-0.011,0.058
-0.012,0.058
-0.010,0.058
-0.011,0.060
-0.013,0.059
-0.011,0.060
-0.010,0.060
-0.011,0.060
-0.010,0.062
-0.012,0.064
-0.011,0.062
-0.010,0.063
-0.012,0.062
-0.010,0.061
-0.009,0.060
-0.010,0.058
-0.010,0.057
-0.010,0.056
-0.011,0.056
-0.010,0.053
-0.011,0.054
-0.011,0.055
-0.011,0.054
-0.011,0.055
-0.011,0.054
-0.011,0.052
-0.009,0.052
-0.009,0.053
-0.010,0.050
-0.008,0.050
-0.009,0.050
-0.007,0.048
-0.007,0.050
-0.007,0.050
-0.009,0.052
-0.008,0.054
-0.008,0.055
-0.008,0.057
-0.007,0.058
-0.008,0.059
-0.008,0.058
-0.009,0.058
-0.009,0.056
-0.010,0.055
-0.011,0.054
-0.010,0.054
-0.011,0.054
-0.012,0.055
-0.012,0.056
-0.011,0.056
-0.012,0.058
-0.013,0.057
-0.014,0.058
-0.014,0.056
-0.014,0.054
-0.016,0.053
-0.017,0.051
-0.016,0.050
-0.017,0.049
-0.019,0.048
-0.018,0.047
-0.019,0.046
-0.019,0.047
-0.019,0.047
-0.019,0.047
-0.019,0.047
-0.019,0.047
-0.020,0.046
-0.020,0.045
-0.020,0.046
-0.021,0.046
-0.020,0.045
-0.020,0.045
-0.022,0.046
-0.021,0.048
-0.023,0.049
-0.023,0.049
-0.023,0.051
-0.023,0.053
-0.024,0.052
-0.024,0.051
-0.024,0.050
-0.025,0.049
-0.024,0.047
-0.026,0.046
-0.026,0.046
-0.026,0.046
-0.027,0.045
-0.027,0.043
-0.027,0.044
-0.027,0.044
-0.028,0.043
-0.027,0.043
-0.027,0.042
-0.027,0.042
-0.028,0.042
-0.027,0.041
-0.027,0.042
-0.028,0.043
-0.028,0.042
-0.028,0.043
-0.027,0.044
-0.027,0.043
-0.026,0.043
-0.026,0.043
-0.026,0.043
-0.025,0.042
-0.026,0.045
-0.027,0.047
-0.026,0.047
-0.026,0.050
-0.026,0.049
-0.026,0.049
-0.026,0.049
-0.027,0.047
-0.026,0.045
-0.027,0.045
-0.027,0.044
-0.026,0.043
-0.026,0.044
-0.027,0.043
-0.026,0.043
-0.027,0.045
-0.028,0.045
-0.026,0.045
-0.026,0.045
-0.026,0.045
-0.026,0.044
-0.026,0.045
-0.025,0.044
-0.026,0.043
-0.026,0.045
-0.026,0.044
-0.025,0.045
-0.026,0.044
-0.026,0.043
-0.025,0.043
-0.025,0.043
-0.024,0.041
-0.025,0.040
-0.024,0.041
-0.025,0.039
-0.025,0.039
-0.026,0.039
-0.025,0.038
-0.025,0.039
-0.026,0.039
-0.024,0.039
-0.023,0.041
-0.023,0.042
-0.022,0.041
-0.021,0.042
-0.021,0.042
-0.021,0.042
-0.021,0.043
-0.022,0.043
-0.021,0.042
-0.023,0.043
-0.023,0.043
-0.023,0.041
-0.024,0.041
-0.024,0.040
-0.023,0.040
-0.023,0.040
-0.022,0.038
-0.020,0.038
-0.022,0.037
-0.021,0.035
-0.020,0.034
-0.022,0.036
-0.020,0.035
-0.020,0.036
-0.022,0.037
-0.020,0.035
-0.019,0.036
-0.021,0.036
-0.020,0.035
-0.020,0.035
-0.022,0.035
-0.020,0.033
-0.020,0.033
-0.022,0.032
-0.020,0.028
-0.020,0.029
-0.023,0.030
-0.022,0.029
-0.022,0.030
-0.024,0.030
-0.022,0.030
-0.022,0.030
-0.024,0.030
-0.022,0.028
-0.022,0.028
-0.023,0.027
-0.023,0.028
-0.023,0.027
-0.024,0.026
-0.022,0.027
-0.022,0.025
-0.022,0.026
-0.022,0.026
-0.023,0.026
-0.023,0.025
-0.024,0.025
-0.025,0.025
-0.025,0.024
-0.025,0.025
-0.027,0.025
-0.027,0.026
-0.027,0.026
-0.028,0.025
-0.027,0.027
-0.028,0.028
-0.029,0.027
-0.029,0.029
-0.029,0.029
-0.030,0.027
-0.031,0.026
-0.032,0.025
-0.033,0.023
-0.033,0.024
-0.034,0.022
-0.035,0.021
-0.036,0.021
-0.036,0.021
-0.037,0.021
-0.038,0.023
-0.038,0.023
-0.040,0.024
-0.039,0.024
-0.040,0.023
-0.041,0.022
-0.041,0.021
-0.040,0.020
-0.041,0.019
-0.042,0.019
-0.040,0.019
-0.042,0.018
-0.042,0.018
-0.042,0.018
-0.043,0.019
-0.042,0.018
-0.042,0.018
-0.042,0.017
-0.042,0.017
-0.041,0.017
-0.042,0.017
-0.042,0.018
-0.040,0.017
-0.042,0.018
-0.042,0.019
-0.041,0.020
-0.042,0.022
-0.042,0.023
-0.042,0.024
-0.043,0.025
-0.044,0.026
-0.043,0.024
-0.044,0.024
-0.043,0.024
-0.044,0.023
-0.044,0.023
-0.044,0.023
-0.043,0.023
-0.044,0.023
-0.043,0.023
-0.042,0.023
-0.042,0.022
-0.041,0.022
-0.039,0.022
-0.040,0.024
-0.038,0.024
-0.037,0.024
-0.038,0.025
-0.037,0.024
-0.035,0.023
-0.037,0.023
-0.035,0.022
-0.034,0.021
-0.036,0.020
-0.034,0.019
-0.034,0.018
-0.035,0.019
-0.033,0.019
-0.032,0.021
-0.035,0.022
-0.031,0.023
-0.031,0.024
-0.032,0.023
-0.029,0.021
-0.029,0.021
-0.029,0.019
-0.026,0.017
-0.027,0.018
-0.027,0.018
-0.024,0.018
-0.025,0.020
-0.025,0.020
-0.021,0.020
-0.023,0.019
-0.022,0.017
-0.019,0.018
-0.021,0.019
-0.020,0.015
-0.018,0.016
-0.020,0.015
-0.020,0.014
-0.018,0.015
-0.019,0.014
-0.018,0.014
-0.016,0.016
-0.018,0.016
-0.017,0.016
-0.015,0.016
-0.018,0.015
-0.017,0.014
-0.017,0.014
-0.018,0.014
-0.018,0.015
-0.016,0.014
-0.018,0.013
-0.017,0.015
-0.016,0.015
-0.017,0.013
-0.017,0.012
-0.016,0.011
-0.016,0.010
-0.016,0.010
-0.015,0.010
-0.015,0.010
-0.014,0.011
-0.013,0.011
-0.015,0.012
-0.014,0.014
-0.015,0.014
-0.016,0.014
-0.017,0.013
-0.016,0.012
-0.018,0.010
-0.018,0.011
-0.017,0.010
-0.019,0.010
-0.019,0.010
-0.018,0.010
-0.019,0.010
-0.019,0.010
-0.018,0.010
-0.019,0.010
-0.019,0.011
-0.018,0.011
-0.020,0.012
-0.019,0.012
-0.019,0.011
-0.019,0.010
-0.019,0.010
-0.019,0.009
-0.021,0.008
-0.022,0.009
-0.022,0.008
-0.024,0.008
-0.024,0.009
-0.025,0.010
-0.025,0.010
-0.026,0.012
-0.027,0.013
-0.027,0.012
-0.028,0.012
-0.029,0.012
-0.029,0.009
-0.029,0.008
-0.029,0.006
-0.030,0.004
-0.029,0.004
-0.031,0.004
-0.033,0.003
-0.033,0.004
-0.033,0.005
-0.036,0.005
-0.035,0.006
-0.035,0.007
-0.037,0.008
-0.036,0.008
-0.037,0.009
-0.038,0.010
-0.037,0.009
-0.037,0.009
-0.038,0.008
-0.037,0.007
-0.037,0.007
-0.039,0.008
-0.036,0.007
-0.037,0.009
-0.038,0.010
-0.036,0.011
-0.036,0.013
-0.036,0.012
-0.035,0.011
-0.035,0.011
-0.036,0.009
-0.034,0.009
-0.034,0.008
-0.033,0.009
-0.032,0.009
-0.033,0.010
-0.032,0.010
-0.030,0.010
-0.031,0.010
-0.030,0.011
-0.028,0.012
-0.029,0.012
-0.029,0.011
-0.027,0.011
-0.029,0.010
-0.029,0.008
-0.027,0.008
-0.027,0.007
-0.027,0.004
-0.025,0.004
-0.025,0.004
-0.024,0.004
-0.022,0.005
-0.024,0.006
-0.023,0.005
-0.023,0.005
-0.024,0.004
-0.024,0.000
-0.022,0.001
-0.023,0.000
-0.022,-0.001
-0.020,0.001
-0.022,0.002
-0.020,0.001
-0.020,0.003
-0.021,0.002
-0.019,0.002
-0.019,0.002
-0.020,0.001
-0.019,0.001
-0.018,0.002
-0.020,0.001
-0.017,0.002
-0.016,0.004
-0.016,0.003
-0.014,0.002
-0.014,0.003
-0.013,0.000
-0.012,-0.001
-0.011,-0.000
-0.011,-0.003
-0.010,-0.002
-0.010,-0.002
-0.009,-0.003
-0.008,-0.001
-0.009,0.001
-0.008,0.000
-0.007,0.002
-0.009,0.002
-0.008,0.000
-0.007,0.003
-0.007,0.003
-0.006,0.003
-0.005,0.005
-0.006,0.007
-0.004,0.005
-0.004,0.006
-0.004,0.005
-0.003,0.004
-0.003,0.005
-0.003,0.004
-0.002,0.003
-0.000,0.003
-0.001,0.002
0.001,0.002
0.000,0.004
0.001,0.004
0.001,0.005
0.000,0.006
0.001,0.005
0.001,0.004
0.002,0.006
0.002,0.004
0.003,0.005
0.004,0.006
0.006,0.004
0.005,0.004
0.005,0.004
0.007,0.003
0.006,0.003
0.006,0.002
0.006,0.001
0.006,0.002
0.006,0.002
0.006,0.002
0.005,0.002
0.005,0.002
0.006,0.001
0.004,0.001
0.005,0.000
0.006,0.000
0.005,0.000
0.006,-0.000
0.005,-0.001
0.005,-0.001
0.006,0.000
0.006,0.002
0.005,0.003
0.007,0.005
0.007,0.005
0.006,0.005
0.007,0.005
0.007,0.005
0.008,0.004
0.009,0.003
0.009,0.003
0.009,0.000
0.010,0.000
0.010,0.000
0.009,-0.002
0.011,-0.001
0.010,-0.001
0.011,-0.002
0.013,-0.002
0.013,-0.001
0.014,-0.002
0.016,-0.002
0.016,-0.003
0.015,-0.003
0.016,-0.002
0.014,-0.003
0.015,-0.003
0.015,-0.002
0.015,-0.002
0.016,-0.003
0.015,-0.002
0.015,-0.003
0.016,-0.003
0.016,-0.002
0.014,-0.005
0.015,-0.004
0.015,-0.004
0.015,-0.005
0.016,-0.004
0.015,-0.002
0.016,-0.002
0.017,-0.002
0.016,-0.001
0.017,-0.003
0.019,-0.004
0.019,-0.005
0.018,-0.006
0.019,-0.006
0.018,-0.005
0.018,-0.005
0.018,-0.005
0.018,-0.003
0.017,-0.003
0.017,-0.002
0.017,-0.002
0.016,-0.003
0.017,-0.003
0.019,-0.003
0.019,-0.004
0.019,-0.004
0.021,-0.003
0.021,-0.004
0.021,-0.003
0.021,-0.002
0.022,-0.002
0.023,-0.002
0.023,-0.003
0.024,-0.003
0.025,-0.003
0.025,-0.003
0.026,-0.003
0.027,-0.001
0.026,-0.001
0.028,-0.002
0.028,-0.001
0.028,-0.000
0.029,-0.002
0.029,-0.002
0.029,-0.001
0.029,-0.003
0.029,-0.003
0.029,-0.003
0.028,-0.004
0.028,-0.002
0.028,-0.003
0.028,-0.004
0.028,-0.003
0.027,-0.004
0.029,-0.005
0.029,-0.003
0.028,-0.003
0.029,-0.004
0.029,-0.003
0.030,-0.004
0.030,-0.007
0.031,-0.005
0.031,-0.007
0.033,-0.009
0.032,-0.009
0.033,-0.009
0.034,-0.009
0.034,-0.008
0.035,-0.008
0.036,-0.007
0.034,-0.006
0.036,-0.007
0.037,-0.006
0.037,-0.005
0.037,-0.006
0.038,-0.006
0.036,-0.004
0.039,-0.005
0.040,-0.004
0.037,-0.003
0.040,-0.005
0.041,-0.003
0.039,-0.002
0.041,-0.002
0.042,-0.001
0.041,-0.001
0.043,-0.002
0.043,-0.001
0.042,0.001
0.043,0.000
0.043,0.001
0.043,0.001
0.044,0.001
0.044,0.000
0.044,0.000
0.045,0.000
0.045,-0.000
0.046,-0.000
0.047,-0.001
0.046,-0.002
0.047,-0.003
0.048,-0.004
0.047,-0.005
0.047,-0.005
0.047,-0.004
0.047,-0.004
0.047,-0.003
0.047,-0.003
0.046,-0.004
0.047,-0.004
0.047,-0.005
0.047,-0.005
0.048,-0.007
0.049,-0.006
0.048,-0.006
0.048,-0.003
0.048,-0.002
0.048,-0.002
0.048,-0.001
0.048,-0.002
0.048,-0.004
0.047,-0.005
0.047,-0.008
0.047,-0.009
0.046,-0.009
0.046,-0.009
0.045,-0.010
0.046,-0.009
0.046,-0.010
0.045,-0.010
0.046,-0.009
0.046,-0.009
0.047,-0.008
0.048,-0.008
0.049,-0.008
0.047,-0.009
0.049,-0.007
0.049,-0.008
0.047,-0.007
0.048,-0.006
0.049,-0.007
0.048,-0.007
0.049,-0.007
0.050,-0.008
0.050,-0.008
0.050,-0.007
0.051,-0.008
0.050,-0.007
0.051,-0.007
0.051,-0.008
0.051,-0.007
0.052,-0.006
0.051,-0.006
0.050,-0.005
0.051,-0.003
0.051,-0.004
0.051,-0.004
0.052,-0.002
0.053,-0.003
0.052,-0.003
0.053,-0.003
0.054,-0.004
0.054,-0.003
0.055,-0.004
0.056,-0.004
0.054,-0.004
0.056,-0.005
0.056,-0.005
0.053,-0.004
0.055,-0.006
0.055,-0.005
0.053,-0.005
0.055,-0.007
0.056,-0.005
0.054,-0.003
0.058,-0.003
0.058,-0.002
0.057,-0.002
0.060,-0.002
0.059,-0.002
0.058,-0.003
0.061,-0.002
0.059,-0.000
0.059,0.000
0.062,0.001
0.059,0.003
0.059,0.002
0.062,0.002
0.059,0.003
0.060,0.003
0.064,0.004
0.062,0.006
0.062,0.005
0.066,0.006
0.064,0.007
0.066,0.003
0.069,0.004
0.067,0.004
0.067,0.003
0.069,0.002
0.066,0.003
0.067,0.001
0.068,-0.001
0.066,-0.002
0.067,-0.002
0.069,-0.002
0.067,-0.002
0.069,-0.000
0.072,0.001
0.070,0.001
0.072,-0.001
0.073,-0.000
0.073,-0.001
0.073,-0.002
0.074,-0.001
0.073,-0.001
0.075,-0.001
0.075,-0.000
0.075,-0.002
0.077,-0.002
0.078,-0.002
0.078,-0.004
0.079,-0.005
0.080,-0.004
0.080,-0.005
0.081,-0.005
0.083,-0.005
0.083,-0.006
0.083,-0.004
0.084,-0.004
0.084,-0.006
0.086,-0.004
0.086,-0.004
0.088,-0.005
0.089,-0.003
0.089,-0.003
0.091,-0.006
0.091,-0.004
0.092,-0.005
0.093,-0.005
0.094,-0.003
0.094,-0.003
0.095,-0.003
0.097,-0.000
0.097,-0.001
0.100,0.001
0.100,0.003
0.101,0.002
0.101,0.001
0.101,-0.002
0.102,-0.003
0.105,-0.003
0.103,-0.005
0.104,-0.006
0.104,-0.004
0.104,-0.003
0.106,-0.004
0.105,-0.003
0.105,-0.002
0.106,-0.002
0.105,-0.002
0.106,-0.003
0.107,-0.003
0.107,-0.004
0.108,-0.004
0.108,-0.006
0.107,-0.006
0.108,-0.005
0.109,-0.006
0.109,-0.006
0.110,-0.007
0.108,-0.007
0.108,-0.007
0.110,-0.007
0.110,-0.006
0.108,-0.007
0.111,-0.005
0.111,-0.003
0.111,-0.003
0.112,-0.004
0.110,-0.005
0.110,-0.006
0.111,-0.007
0.110,-0.006
0.108,-0.008
0.107,-0.007
0.107,-0.007
0.106,-0.006
0.104,-0.003
0.105,-0.003
0.106,-0.001
0.105,0.000
0.104,0.000
0.104,0.000
0.105,0.001
0.104,0.002
0.102,0.000
0.104,0.003
0.104,0.003
0.103,0.003
0.104,0.003
0.102,0.003
0.101,0.003
0.101,0.003
0.100,0.003
0.100,0.002
0.101,0.004
0.101,0.003
0.101,0.001
0.100,0.002
0.100,0.003
0.101,0.001
0.100,0.001
0.100,-0.001
0.098,-0.002
0.097,-0.000
0.098,-0.002
0.098,-0.002
0.097,0.000
0.098,-0.001
0.099,-0.001
0.098,0.000
0.098,-0.003
0.099,-0.003
0.098,-0.003
0.098,-0.004
0.097,-0.003
0.096,-0.003
0.097,-0.003
0.098,-0.003
0.098,-0.003
0.098,-0.004
0.100,-0.003
0.098,0.000
0.098,0.000
0.098,0.001
0.098,0.002
0.099,0.002
0.099,0.004
0.098,0.004
0.099,0.004
0.100,0.007
0.099,0.010
0.101,0.009
0.100,0.012
0.101,0.013
0.102,0.012
0.102,0.011
0.102,0.010
0.104,0.008
0.104,0.009
0.104,0.006
0.106,0.004
0.104,0.004
0.107,0.004
0.108,0.004
0.107,0.006
0.108,0.007
0.110,0.009
0.107,0.012
0.108,0.011
0.109,0.013
0.106,0.015
0.109,0.014
0.109,0.013
0.107,0.014
0.109,0.011
0.111,0.012
0.109,0.012
0.112,0.012
0.113,0.013
0.112,0.013
0.113,0.012
0.114,0.013
0.112,0.013
0.114,0.012
0.114,0.012
0.114,0.014
0.115,0.012
0.115,0.012
0.115,0.012
0.117,0.013
0.117,0.013
0.116,0.015
0.119,0.016
0.118,0.017
0.118,0.018
0.120,0.017
0.120,0.018
0.119,0.018
0.122,0.017
0.121,0.016
0.119,0.015
0.123,0.014
0.121,0.013
0.121,0.011
0.122,0.011
0.120,0.011
0.120,0.012
0.120,0.012
0.119,0.013
0.118,0.014
0.120,0.015
0.119,0.015
0.118,0.016
0.119,0.017
0.118,0.018
0.117,0.018
0.118,0.018
0.118,0.019
0.118,0.019
0.118,0.019
0.118,0.018
0.117,0.019
0.119,0.019
0.117,0.019
0.118,0.019
0.118,0.018
0.118,0.018
0.118,0.018
0.119,0.018
0.117,0.017
0.117,0.019
0.118,0.020
0.115,0.022
0.116,0.023
0.117,0.025
0.115,0.026
0.115,0.026
0.115,0.026
0.114,0.025
0.114,0.024
0.115,0.024
0.113,0.024
0.115,0.024
0.115,0.023
0.112,0.024
0.114,0.022
0.114,0.023
0.112,0.020
0.113,0.019
0.113,0.018
0.112,0.016
0.114,0.017
0.114,0.017
0.112,0.020
0.113,0.021
0.113,0.021
0.112,0.023
0.113,0.024
0.114,0.025
0.113,0.024
0.114,0.026
0.114,0.025
0.114,0.024
0.114,0.025
0.114,0.025
0.114,0.025
0.114,0.026
0.113,0.025
0.111,0.025
0.112,0.025
0.111,0.023
0.110,0.024
0.110,0.025
0.110,0.023
0.110,0.024
0.110,0.025
0.111,0.024
0.110,0.024
0.110,0.024
0.111,0.023
0.110,0.023
0.110,0.023
0.111,0.022
0.109,0.024
0.110,0.024
0.110,0.026
0.109,0.028
0.109,0.028
0.111,0.029
0.109,0.031
0.111,0.029
0.111,0.029
0.109,0.031
0.110,0.030
0.111,0.030
0.109,0.031
0.110,0.031
0.112,0.031
0.110,0.032
0.112,0.032
0.114,0.031
0.112,0.031
0.114,0.028
0.113,0.027
0.112,0.028
0.115,0.027
0.114,0.028
0.113,0.030
0.116,0.032
0.115,0.034
0.115,0.035
0.117,0.035
0.115,0.036
0.115,0.036
0.118,0.036
0.116,0.038
0.116,0.037
0.119,0.037
0.117,0.038
0.117,0.036
0.121,0.036
0.120,0.036
0.121,0.034
0.125,0.035
0.123,0.036
0.125,0.036
0.127,0.036
0.125,0.036
0.126,0.035
0.129,0.036
0.126,0.035
0.127,0.035
0.130,0.035
0.127,0.036
0.128,0.036
0.130,0.036
0.129,0.037
0.130,0.036
0.131,0.037
0.130,0.036
0.131,0.035
0.133,0.033
0.132,0.031
0.134,0.030
0.136,0.030
0.135,0.029
0.136,0.029
0.137,0.031
0.137,0.031
0.138,0.032
0.138,0.032
0.136,0.032
0.138,0.032
0.138,0.033
0.137,0.033
0.138,0.034
0.138,0.036
0.137,0.036
0.138,0.037
0.139,0.037
0.137,0.037
0.138,0.037
0.138,0.036
0.137,0.035
0.138,0.035
0.137,0.036
0.136,0.036
0.136,0.038
0.136,0.039
0.134,0.039
0.135,0.041
0.135,0.040
0.133,0.040
0.134,0.040
0.134,0.040
0.133,0.039
0.133,0.040
0.132,0.040
0.130,0.041
0.130,0.042
0.130,0.041
0.127,0.043
0.127,0.045
0.126,0.045
0.125,0.046
0.125,0.046
0.124,0.045
0.123,0.045
0.123,0.045
0.122,0.044
0.121,0.043
0.122,0.045
0.120,0.044
0.120,0.044
0.121,0.045
0.119,0.045
0.118,0.044
0.119,0.045
0.117,0.044
0.116,0.043
0.117,0.044
0.116,0.043
0.116,0.044
0.116,0.043
0.114,0.044
0.113,0.044
0.114,0.045
0.114,0.044
0.112,0.044
0.113,0.043
0.113,0.042
0.111,0.043
0.112,0.043
0.111,0.043
0.110,0.044
0.112,0.044
0.111,0.045
0.110,0.045
0.112,0.046
0.110,0.047
0.108,0.048
0.111,0.049
0.109,0.050
0.108,0.051
0.110,0.051
0.109,0.052
0.109,0.051
0.110,0.052
0.108,0.053
0.108,0.052
0.111,0.053
0.109,0.053
0.109,0.053
0.112,0.054
0.109,0.056
0.110,0.055
0.112,0.056
0.110,0.056
0.111,0.054
0.112,0.053
0.110,0.054
0.111,0.054
0.112,0.054
0.111,0.055
0.112,0.054
0.112,0.055
0.111,0.055
0.112,0.053
0.112,0.054
0.111,0.052
0.112,0.052
0.112,0.053
0.111,0.053
0.113,0.053
0.113,0.053
0.113,0.052
0.114,0.052
0.115,0.054
0.115,0.052
0.116,0.054
0.115,0.056
0.116,0.055
0.118,0.056
0.117,0.057
0.118,0.057
0.120,0.059
0.119,0.061
0.119,0.059
0.119,0.061
0.118,0.060
0.117,0.058
0.118,0.060
0.118,0.059
0.118,0.057
0.118,0.058
0.117,0.056
0.118,0.056
0.117,0.058
0.117,0.058
0.116,0.059
0.116,0.061
0.115,0.061
0.115,0.062
0.115,0.063
0.115,0.064
0.115,0.064
0.114,0.065
0.114,0.064
0.114,0.064
0.112,0.065
0.113,0.064
0.111,0.066
0.111,0.067
0.111,0.068
0.110,0.069
0.110,0.069
0.111,0.069
0.111,0.070
0.110,0.070
0.111,0.068
0.110,0.067
0.110,0.066
0.109,0.064
0.107,0.063
0.107,0.063
0.107,0.063
0.106,0.062
0.106,0.063
0.105,0.065
0.104,0.066
0.104,0.067
0.103,0.068
0.102,0.068
0.102,0.069
0.100,0.069
0.100,0.069
0.100,0.069
0.099,0.070
0.098,0.068
0.097,0.069
0.096,0.069
0.095,0.069
0.095,0.068
0.094,0.067
0.094,0.066
0.094,0.066
0.094,0.065
0.093,0.066
0.093,0.067
0.092,0.067
0.092,0.067
0.092,0.068
0.092,0.068
0.092,0.068
0.091,0.067
0.091,0.067
0.091,0.067
0.091,0.068
0.090,0.067
0.091,0.066
0.090,0.068
0.089,0.067
0.089,0.068
0.089,0.071
0.088,0.071
0.088,0.070
0.087,0.072
0.086,0.072
0.086,0.072
0.086,0.074
0.086,0.074
0.085,0.074
0.084,0.075
0.083,0.075
0.083,0.074
0.082,0.075
0.082,0.073
0.082,0.073
0.082,0.073
0.082,0.073
0.082,0.073
0.082,0.074
0.081,0.072
0.082,0.071
0.081,0.071
0.081,0.069
0.082,0.069
0.081,0.070
0.081,0.067
0.081,0.067
0.080,0.067
0.079,0.065
0.080,0.065
0.078,0.066
0.078,0.066
0.078,0.068
0.076,0.070
0.077,0.070
0.077,0.073
0.076,0.074
0.077,0.072
0.076,0.074
0.077,0.073
0.078,0.073
0.075,0.073
0.075,0.071
0.077,0.071
0.075,0.071
0.075,0.071
0.076,0.071
0.075,0.073
0.075,0.072
0.076,0.073
0.074,0.075
0.075,0.073
0.076,0.073
0.073,0.073
0.074,0.071
0.074,0.071
0.072,0.071
0.074,0.071
0.075,0.071
0.073,0.075
0.075,0.075
0.075,0.076
0.074,0.077
0.075,0.076
0.074,0.076
0.073,0.075
0.074,0.075
0.073,0.075
0.073,0.074
0.073,0.072
0.073,0.071
0.072,0.071
0.074,0.070
0.073,0.072
0.071,0.073
0.074,0.072
0.071,0.071
0.070,0.071
0.072,0.070
0.071,0.071
0.070,0.070
0.071,0.070
0.071,0.071
0.069,0.071
0.071,0.070
0.070,0.070
0.069,0.070
0.071,0.069
0.069,0.069
0.069,0.069
0.071,0.069
0.071,0.069
0.070,0.069
0.071,0.070
0.070,0.071
0.069,0.073
0.071,0.073
0.068,0.075
0.068,0.076
0.069,0.076
0.068,0.077
0.068,0.077
0.068,0.076
0.067,0.076
0.067,0.076
0.069,0.076
0.065,0.077
0.066,0.076
0.067,0.076
0.065,0.075
0.067,0.075
0.067,0.075
0.065,0.075
0.066,0.076
0.067,0.076
0.065,0.075
0.065,0.075
0.065,0.075
0.063,0.075
0.064,0.075
0.064,0.075
0.062,0.075
0.063,0.074
0.063,0.074
0.061,0.072
0.063,0.072
0.063,0.072
0.062,0.072
0.064,0.073
0.063,0.075
0.063,0.076
0.063,0.077
0.063,0.078
0.062,0.078
0.062,0.079
0.061,0.079
0.060,0.079
0.060,0.080
0.059,0.079
0.059,0.078
0.059,0.078
0.060,0.078
0.059,0.077
0.060,0.079
0.060,0.078
0.059,0.077
0.061,0.077
0.060,0.075
0.059,0.075
0.060,0.075
0.059,0.075
0.059,0.076
0.059,0.076
0.060,0.076
0.058,0.077
0.059,0.078
0.058,0.078
0.056,0.080
0.057,0.080
0.057,0.079
0.055,0.079
0.056,0.078
0.055,0.076
0.053,0.076
0.054,0.075
0.054,0.075
0.054,0.076
0.055,0.075
0.055,0.076
0.055,0.078
0.055,0.078
0.055,0.078
0.053,0.080
0.053,0.080
0.050,0.080
0.048,0.081
0.049,0.080
0.047,0.079
0.047,0.079
0.049,0.076
0.049,0.074
0.049,0.073
0.051,0.072
0.050,0.070
0.049,0.071
0.050,0.071
0.047,0.072
0.046,0.073
0.047,0.073
0.045,0.075
0.045,0.074
0.047,0.074
0.044,0.075
0.043,0.074
0.046,0.075
0.044,0.074
0.045,0.074
0.047,0.073
0.045,0.073
0.045,0.071
0.047,0.071
0.045,0.072
0.045,0.070
0.047,0.069
0.044,0.068
0.045,0.068
0.046,0.066
0.044,0.068
0.045,0.068
0.046,0.067
0.045,0.067
0.044,0.066
0.047,0.065
0.044,0.065
0.045,0.065
0.047,0.065
0.046,0.066
0.047,0.067
0.047,0.067
0.046,0.067
0.047,0.067
0.048,0.068
0.046,0.068
0.047,0.069
0.048,0.071
0.047,0.073
0.048,0.074
0.048,0.075
0.047,0.074
0.048,0.072
0.048,0.072
0.045,0.071
0.047,0.070
0.047,0.070
0.045,0.069
0.048,0.069
0.047,0.070
0.046,0.070
0.047,0.069
0.046,0.069
0.044,0.068
0.046,0.068
0.045,0.068
0.043,0.068
0.046,0.069
0.045,0.070
0.043,0.071
0.045,0.071
0.045,0.072
0.044,0.072
0.046,0.073
0.045,0.073
0.044,0.072
0.046,0.072
0.043,0.071
0.042,0.070
0.043,0.070
0.040,0.068
0.039,0.066
0.040,0.067
0.038,0.065
0.038,0.063
0.039,0.065
0.037,0.066
0.038,0.065
0.039,0.064
0.037,0.064
0.037,0.062
0.039,0.063
0.037,0.062
0.036,0.060
0.038,0.062
0.036,0.060
0.036,0.059
0.037,0.060
0.035,0.059
0.036,0.061
0.037,0.061
0.035,0.062
0.035,0.062
0.036,0.064
0.035,0.064
0.034,0.064
0.035,0.065
0.033,0.065
0.033,0.065
0.033,0.066
0.033,0.066
0.031,0.067
0.033,0.066
0.032,0.066
0.030,0.066
0.032,0.065
0.032,0.065
0.032,0.067
0.032,0.067
0.031,0.068
0.029,0.069
0.029,0.068
0.027,0.068
0.026,0.066
0.026,0.065
0.025,0.063
0.023,0.063
0.025,0.062
0.022,0.063
0.021,0.062
0.022,0.060
0.020,0.060
0.020,0.058
0.020,0.059
0.017,0.059
0.017,0.060
0.018,0.061
0.015,0.062
0.014,0.063
0.017,0.063
0.011,0.064
0.011,0.063
0.011,0.062
0.010,0.061
0.010,0.060
0.010,0.059
0.007,0.060
0.007,0.059
0.009,0.059
0.005,0.058
0.008,0.057
0.007,0.058
0.004,0.059
0.005,0.061
0.004,0.061
0.004,0.061
0.004,0.061
0.002,0.061
0.000,0.060
0.000,0.060
-0.002,0.060
-0.003,0.058
-0.003,0.058
-0.004,0.058
-0.006,0.058
-0.007,0.059
-0.007,0.058
-0.007,0.055
-0.005,0.053
-0.006,0.053
-0.006,0.051
-0.006,0.052
-0.007,0.051
-0.008,0.050
-0.007,0.051
-0.007,0.051
-0.011,0.050
-0.010,0.053
-0.012,0.053
-0.013,0.053
-0.013,0.055
-0.012,0.056
-0.012,0.057
-0.013,0.057
-0.014,0.055
-0.015,0.054
-0.013,0.053
-0.014,0.053
-0.015,0.054
-0.014,0.055
-0.016,0.054
-0.015,0.054
-0.015,0.054
-0.015,0.055
-0.013,0.055
-0.012,0.057
-0.013,0.057
-0.013,0.057
-0.011,0.058
-0.011,0.057
-0.011,0.057
-0.012,0.057
-0.013,0.056
-0.013,0.055
-0.013,0.055
-0.014,0.054
-0.014,0.055
-0.013,0.057
-0.015,0.057
-0.013,0.057
-0.013,0.058
-0.013,0.057
-0.012,0.057
-0.011,0.058
-0.011,0.058
-0.010,0.058
-0.009,0.058
-0.009,0.058
-0.008,0.057
-0.008,0.057
-0.008,0.058
-0.007,0.057
-0.007,0.057
-0.008,0.056
-0.007,0.056
-0.006,0.057
-0.007,0.057
-0.008,0.057
-0.008,0.058
-0.007,0.056
-0.007,0.056
-0.009,0.057
-0.007,0.056
-0.007,0.055
-0.007,0.057
-0.006,0.055
-0.006,0.056
-0.005,0.057
-0.005,0.056
-0.005,0.058
-0.006,0.057
-0.005,0.057
-0.004,0.058
-0.005,0.058
-0.006,0.056
-0.007,0.056
-0.005,0.056
-0.006,0.055
-0.005,0.053
-0.005,0.053
-0.006,0.055
-0.006,0.053
-0.006,0.053
-0.006,0.054
-0.006,0.054
-0.004,0.055
-0.006,0.053
-0.007,0.051
-0.007,0.052
-0.008,0.053
-0.007,0.052
-0.007,0.052
-0.009,0.052
-0.009,0.051
-0.008,0.051
-0.009,0.048
-0.010,0.046
-0.009,0.048
-0.010,0.046
-0.010,0.045
-0.013,0.047
-0.012,0.047
-0.012,0.048
-0.013,0.050
-0.014,0.049
-0.015,0.050
-0.015,0.050
-0.015,0.049
-0.016,0.049
-0.017,0.048
-0.016,0.047
-0.018,0.046
-0.018,0.046
-0.017,0.045
-0.019,0.046
-0.018,0.046
-0.018,0.045
-0.020,0.046
-0.019,0.045
-0.018,0.045
-0.020,0.046
-0.021,0.046
-0.020,0.046
-0.023,0.047
-0.022,0.046
-0.022,0.045
-0.024,0.046
-0.023,0.044
-0.023,0.045
-0.025,0.046
-0.025,0.045
-0.025,0.044
-0.028,0.046
-0.026,0.046
-0.026,0.046
-0.028,0.047
-0.026,0.047
-0.026,0.046
-0.028,0.046
-0.028,0.045
-0.026,0.045
-0.027,0.045
-0.026,0.045
-0.026,0.045
-0.028,0.046
-0.026,0.045
-0.028,0.045
-0.029,0.046
-0.028,0.045
-0.027,0.045
-0.029,0.046
-0.027,0.046
-0.026,0.047
-0.028,0.047
-0.025,0.047
-0.025,0.048
-0.027,0.048
-0.025,0.047
-0.025,0.048
-0.027,0.048
-0.025,0.047
-0.026,0.048
-0.028,0.049
-0.026,0.048
-0.026,0.050
-0.028,0.050
-0.026,0.048
-0.026,0.047
-0.027,0.046
-0.025,0.043
-0.026,0.042
-0.027,0.042
-0.024,0.040
-0.025,0.041
-0.026,0.041
-0.024,0.039
-0.026,0.038
-0.027,0.036
-0.026,0.035
-0.027,0.035
-0.026,0.034
-0.024,0.033
-0.026,0.035
-0.025,0.034
-0.022,0.035
-0.024,0.036
-0.024,0.035
-0.021,0.035
-0.024,0.035
-0.023,0.033
-0.021,0.034
-0.024,0.034
-0.023,0.033
-0.022,0.034
-0.025,0.034
-0.023,0.034
-0.022,0.034
-0.025,0.034
-0.023,0.032
-0.022,0.035
-0.026,0.034
-0.024,0.035
-0.023,0.037
-0.025,0.037
-0.023,0.038
-0.022,0.038
-0.024,0.038
-0.022,0.037
-0.022,0.036
-0.025,0.035
-0.023,0.034
-0.024,0.034
-0.026,0.033
-0.024,0.033
-0.024,0.033
-0.025,0.032
-0.023,0.033
-0.024,0.033
-0.025,0.032
-0.025,0.034
-0.024,0.034
-0.025,0.032
-0.025,0.033
-0.024,0.033
-0.024,0.032
-0.023,0.034
-0.022,0.034
-0.022,0.033
-0.020,0.034
-0.020,0.032
-0.021,0.030
-0.020,0.031
-0.020,0.029
-0.020,0.028
-0.020,0.029
-0.020,0.028
-0.020,0.028
-0.019,0.028
-0.020,0.028
-0.021,0.028
-0.020,0.029
-0.022,0.028
-0.023,0.028
-0.022,0.029
-0.022,0.028
-0.023,0.028
-0.023,0.028
-0.023,0.026
-0.024,0.028
-0.024,0.028
-0.024,0.027
-0.026,0.028
-0.024,0.025
-0.024,0.024
-0.027,0.024
-0.025,0.023
-0.025,0.023
-0.028,0.024
-0.026,0.024
-0.027,0.025
-0.029,0.027
-0.028,0.026
-0.029,0.024
-0.030,0.025
-0.030,0.022
-0.030,0.020
-0.033,0.020
-0.032,0.019
-0.032,0.018
-0.035,0.018
-0.033,0.017
-0.034,0.016
-0.036,0.019
-0.035,0.018
-0.036,0.018
-0.038,0.020
-0.036,0.020
-0.036,0.021
-0.038,0.021
-0.037,0.020
-0.038,0.020
-0.041,0.021
-0.040,0.020
-0.042,0.020
-0.044,0.020
-0.042,0.020
-0.043,0.022
-0.044,0.021
-0.041,0.023
-0.042,0.023
-0.043,0.022
-0.040,0.021
-0.043,0.021
-0.042,0.021
-0.040,0.020
-0.042,0.022
-0.042,0.021
-0.040,0.022
-0.043,0.023
-0.043,0.021
-0.041,0.022
-0.043,0.020
-0.042,0.019
-0.041,0.019
-0.043,0.019
-0.042,0.018
-0.042,0.017
-0.044,0.017
-0.043,0.016
-0.043,0.016
-0.045,0.015
-0.044,0.016
-0.043,0.016
-0.044,0.016
-0.042,0.015
-0.042,0.015
-0.043,0.015
-0.041,0.017
-0.040,0.019
-0.041,0.020
-0.039,0.019
-0.038,0.019
-0.040,0.018
-0.037,0.015
-0.036,0.014
-0.037,0.012
-0.035,0.011
-0.035,0.012
-0.035,0.013
-0.033,0.013
-0.035,0.015
-0.035,0.016
-0.031,0.018
-0.032,0.019
-0.032,0.018
-0.029,0.020
-0.029,0.019
-0.029,0.016
-0.026,0.015
-0.026,0.015
-0.026,0.013
-0.024,0.015
-0.025,0.015
-0.024,0.015
-0.022,0.016
-0.023,0.016
-0.021,0.015
-0.019,0.016
-0.020,0.016
-0.019,0.015
-0.018,0.016
-0.019,0.015
-0.020,0.014
-0.018,0.015
-0.021,0.014
-0.019,0.014
-0.018,0.015
-0.019,0.014
-0.018,0.013
-0.016,0.012
-0.017,0.011
-0.016,0.010
-0.015,0.009
-0.016,0.008
-0.015,0.007
-0.014,0.006
-0.015,0.007
-0.014,0.009
-0.014,0.010
-0.014,0.010
-0.015,0.011
-0.013,0.013
-0.013,0.012
-0.013,0.012
-0.012,0.012
-0.012,0.011
-0.013,0.011
-0.013,0.011
-0.013,0.010
-0.014,0.010
-0.012,0.010
-0.014,0.009
-0.014,0.009
-0.012,0.009
-0.015,0.008
-0.015,0.007
-0.013,0.007
-0.015,0.006
-0.015,0.006
-0.013,0.007
-0.015,0.008
-0.015,0.009
-0.014,0.010
-0.016,0.009
-0.016,0.010
-0.016,0.008
-0.017,0.008
-0.018,0.007
-0.018,0.006
-0.019,0.006
-0.019,0.006
-0.020,0.006
-0.022,0.005
-0.022,0.006
-0.024,0.005
-0.024,0.004
-0.024,0.004
-0.025,0.003
-0.026,0.000
-0.027,0.000
-0.027,0.000
-0.029,-0.000
-0.029,-0.000
-0.030,0.001
-0.031,0.001
-0.032,0.001
-0.034,0.002
-0.035,0.001
-0.035,0.000
-0.036,-0.001
-0.037,-0.002
-0.036,-0.001
-0.037,-0.001
-0.037,-0.001
-0.036,-0.000
-0.037,0.001
-0.039,-0.000
-0.038,-0.002
-0.038,-0.001
-0.040,-0.002
-0.039,-0.002
-0.039,-0.002
-0.040,-0.002
-0.038,-0.002
-0.038,-0.001
-0.039,-0.001
-0.038,-0.001
-0.037,-0.000
-0.038,0.000
-0.037,0.001
-0.037,0.001
-0.037,0.002
-0.036,0.004
-0.037,0.004
-0.036,0.005
-0.034,0.006
-0.036,0.007
-0.036,0.005
-0.035,0.006
-0.035,0.007
-0.035,0.005
-0.034,0.006
-0.034,0.007
-0.033,0.005
-0.032,0.005
-0.033,0.006
-0.031,0.005
-0.031,0.006
-0.031,0.006
-0.029,0.005
-0.028,0.007
-0.028,0.006
-0.027,0.005
-0.025,0.006
-0.026,0.006
-0.024,0.004
-0.024,0.006
-0.024,0.006
-0.022,0.004
-0.022,0.004
-0.023,0.003
-0.021,0.002
-0.022,0.003
-0.022,0.001
-0.021,0.001
-0.021,0.001
-0.020,-0.002
-0.019,-0.002
-0.019,-0.003
-0.018,-0.005
-0.016,-0.005
-0.017,-0.004
-0.016,-0.007
-0.015,-0.005
-0.016,-0.005
-0.015,-0.007
-0.015,-0.007
-0.016,-0.006
-0.014,-0.006
-0.014,-0.005
-0.015,-0.004
-0.014,-0.005
-0.013,-0.004
-0.013,-0.003
-0.012,-0.003
-0.011,-0.002
-0.011,-0.002
-0.010,-0.004
-0.009,-0.003
-0.009,-0.002
-0.009,-0.004
-0.010,-0.004
-0.009,-0.005
-0.009,-0.007
-0.009,-0.007
-0.009,-0.008
-0.007,-0.007
-0.007,-0.008
-0.006,-0.008
-0.005,-0.008
-0.005,-0.008
-0.004,-0.007
-0.004,-0.007
-0.003,-0.006
-0.002,-0.005
-0.002,-0.005
-0.002,-0.005
-0.002,-0.003
-0.001,-0.002
-0.002,-0.002
-0.002,-0.002
-0.003,-0.003
-0.003,-0.004
-0.002,-0.003
-0.003,-0.004
-0.001,-0.005
-0.001,-0.003
0.000,-0.004
0.002,-0.004
0.002,-0.003
0.002,-0.003
0.002,-0.004
0.002,-0.004
0.002,-0.004
0.002,-0.005
0.002,-0.004
0.001,-0.005
0.000,-0.006
0.002,-0.006
0.002,-0.008
0.000,-0.009
0.002,-0.009
0.003,-0.010
0.003,-0.011
0.003,-0.011
0.006,-0.010
0.004,-0.009
0.005,-0.009
0.006,-0.011
0.003,-0.010
0.005,-0.011
0.006,-0.012
0.004,-0.012
0.007,-0.012
0.007,-0.012
0.005,-0.012
0.007,-0.012
0.007,-0.012
0.006,-0.011
0.006,-0.012
0.006,-0.011
0.007,-0.010
0.008,-0.009
0.008,-0.010
0.007,-0.008
0.008,-0.008
0.008,-0.009
0.007,-0.010
0.008,-0.011
0.007,-0.013
0.008,-0.012
0.008,-0.011
0.008,-0.013
0.008,-0.011
0.008,-0.013
0.010,-0.014
0.009,-0.014
0.009,-0.015
0.010,-0.016
0.009,-0.014
0.011,-0.014
0.011,-0.013
0.011,-0.011
0.012,-0.012
0.012,-0.012
0.012,-0.010
0.012,-0.012
0.012,-0.012
0.011,-0.010
0.012,-0.012
0.012,-0.012
0.011,-0.012
0.013,-0.012
0.013,-0.011
0.013,-0.011
0.013,-0.011
0.013,-0.010
0.012,-0.009
0.014,-0.010
0.014,-0.009
0.014,-0.008
0.016,-0.009
0.015,-0.007
0.015,-0.006
0.018,-0.005
0.018,-0.004
0.018,-0.003
0.020,-0.005
0.019,-0.006
0.018,-0.007
0.020,-0.009
0.019,-0.009
0.019,-0.009
0.021,-0.009
0.020,-0.008
0.020,-0.009
0.022,-0.008
0.020,-0.008
0.021,-0.007
0.023,-0.006
0.020,-0.004
0.022,-0.004
0.023,-0.005
0.021,-0.004
0.023,-0.005
0.025,-0.004
0.023,-0.004
0.024,-0.004
0.026,-0.003
0.023,-0.003
0.026,-0.003
0.026,-0.003
0.024,-0.003
0.026,-0.005
0.026,-0.004
0.024,-0.005
0.027,-0.005
0.027,-0.005
0.026,-0.006
0.029,-0.008
0.029,-0.009
0.028,-0.010
0.029,-0.010
0.030,-0.009
0.028,-0.008
0.030,-0.007
0.029,-0.007
0.028,-0.008
0.030,-0.007
0.029,-0.009
0.028,-0.009
0.029,-0.009
0.029,-0.009
0.028,-0.009
0.030,-0.008
0.030,-0.007
0.029,-0.007
0.031,-0.005
0.031,-0.005
0.031,-0.006
0.033,-0.005
0.032,-0.006
0.033,-0.008
0.034,-0.009
0.034,-0.009
0.035,-0.008
0.036,-0.007
0.036,-0.007
0.036,-0.006
0.038,-0.005
0.037,-0.006
0.036,-0.005
0.037,-0.005
0.038,-0.005
0.037,-0.003
0.037,-0.003
0.038,-0.004
0.037,-0.004
0.038,-0.004
0.038,-0.006
0.037,-0.006
0.039,-0.006
0.038,-0.007
0.038,-0.007
0.040,-0.007
0.039,-0.008
0.038,-0.008
0.040,-0.008
0.038,-0.009
0.038,-0.010
0.039,-0.009
0.037,-0.009
0.038,-0.009
0.039,-0.007
0.039,-0.007
0.038,-0.006
0.040,-0.004
0.039,-0.005
0.039,-0.004
0.040,-0.005
0.038,-0.004
0.039,-0.005
0.040,-0.006
0.039,-0.007
0.039,-0.006
0.041,-0.006
0.040,-0.007
0.039,-0.006
0.041,-0.007
0.041,-0.007
0.040,-0.007
0.041,-0.009
0.040,-0.009
0.040,-0.008
0.041,-0.009
0.040,-0.009
0.039,-0.007
0.041,-0.008
0.040,-0.007
0.040,-0.006
0.042,-0.007
0.041,-0.006
0.041,-0.005
0.042,-0.005
0.041,-0.004
0.041,-0.003
0.043,-0.003
0.041,-0.003
0.041,-0.004
0.044,-0.005
0.043,-0.004
0.044,-0.004
0.047,-0.004
0.046,-0.003
0.048,-0.004
0.050,-0.005
0.048,-0.006
0.050,-0.007
0.051,-0.008
0.049,-0.005
0.050,-0.006
0.051,-0.005
0.050,-0.003
0.051,-0.003
0.054,-0.002
0.052,-0.002
0.053,-0.003
0.054,-0.003
0.053,-0.003
0.055,-0.003
0.054,-0.003
0.053,-0.002
0.054,-0.001
0.053,-0.000
0.052,-0.001
0.053,0.000
0.053,0.000
0.052,-0.001
0.055,-0.002
0.055,-0.001
0.055,-0.003
0.057,-0.002
0.056,-0.001
0.056,-0.002
0.057,0.000
0.057,0.001
0.056,0.000
0.058,0.002
0.057,0.003
0.056,0.003
0.058,0.003
0.056,0.003
0.057,0.002
0.059,0.003
0.058,0.002
0.058,0.002
0.060,0.003
0.060,0.004
0.061,0.003
0.062,0.004
0.062,0.004
0.062,0.002
0.063,0.002
0.062,0.002
0.062,0.001
0.061,0.004
0.062,0.005
0.061,0.008
0.062,0.009
0.061,0.010
0.062,0.010
0.064,0.010
0.064,0.008
0.065,0.006
0.067,0.006
0.067,0.003
0.068,0.001
0.069,0.002
0.068,0.001
0.069,0.000
0.069,0.001
0.069,0.001
0.070,0.001
0.071,0.003
0.071,0.003
0.071,0.002
0.073,0.003
0.073,0.004
0.074,0.002
0.076,0.003
0.076,0.003
0.078,0.003
0.080,0.003
0.080,0.003
0.080,0.002
0.084,0.003
0.084,0.001
0.084,0.001
0.085,0.002
0.085,0.004
0.086,0.003
0.087,0.003
0.088,0.004
0.088,0.004
0.088,0.003
0.089,0.001
0.089,-0.001
0.091,-0.003
0.091,-0.005
0.092,-0.007
0.092,-0.007
0.093,-0.008
0.094,-0.008
0.094,-0.007
0.095,-0.008
0.095,-0.007
0.096,-0.004
0.098,-0.003
0.099,-0.003
0.099,-0.002
0.100,-0.003
0.101,-0.002
0.101,-0.001
0.102,-0.002
0.102,-0.001
0.105,-0.000
0.104,-0.001
0.105,-0.001
0.105,-0.000
0.105,0.000
0.106,-0.001
0.106,-0.003
0.105,-0.003
0.106,-0.004
0.107,-0.003
0.106,-0.004
0.105,-0.006
0.105,-0.004
0.105,-0.003
0.106,-0.005
0.105,-0.005
0.104,-0.006
0.105,-0.007
0.105,-0.007
0.104,-0.009
0.105,-0.008
0.104,-0.005
0.104,-0.007
0.103,-0.006
0.101,-0.007
0.102,-0.007
0.101,-0.007
0.100,-0.004
0.098,-0.005
0.098,-0.006
0.097,-0.005
0.098,-0.008
0.099,-0.008
0.097,-0.009
0.099,-0.010
0.100,-0.009
0.099,-0.009
0.099,-0.013
0.100,-0.011
0.100,-0.010
0.098,-0.011
0.097,-0.006
0.096,-0.006
0.098,-0.004
0.096,-0.002
0.095,-0.003
0.097,-0.002
0.094,-0.001
0.096,-0.002
0.098,-0.004
0.094,-0.001
0.097,-0.003
0.098,-0.002
0.094,-0.002
0.095,-0.003
0.097,-0.002
0.096,-0.002
0.096,-0.003
0.096,-0.003
0.093,-0.000
0.095,-0.001
0.096,-0.002
0.094,-0.001
0.097,-0.002
0.097,-0.001
0.095,-0.001
0.097,-0.001
0.096,-0.000
0.095,0.001
0.096,0.002
0.096,0.003
0.093,0.004
0.095,0.003
0.095,0.004
0.094,0.001
0.097,0.000
0.095,0.000
0.094,0.001
0.097,0.000
0.097,0.000
0.097,0.000
0.100,0.000
0.100,0.002
0.099,0.003
0.101,0.003
0.099,0.003
0.100,0.003
0.102,0.005
0.100,0.006
0.101,0.006
0.104,0.008
0.102,0.008
0.104,0.004
0.105,0.006
0.103,0.007
0.105,0.007
0.106,0.009
0.104,0.010
0.105,0.010
0.107,0.010
0.104,0.011
0.106,0.010
0.107,0.011
0.106,0.010
0.109,0.009
0.110,0.010
0.110,0.010
0.110,0.010
0.111,0.010
0.111,0.010
0.112,0.010
0.112,0.009
0.111,0.009
0.112,0.009
0.112,0.009
0.112,0.007
0.113,0.008
0.114,0.007
0.114,0.005
0.114,0.007
0.115,0.007
0.114,0.008
0.116,0.008
0.116,0.008
0.117,0.008
0.117,0.009
0.118,0.011
0.118,0.010
0.118,0.013
0.119,0.013
0.117,0.015
0.118,0.015
0.118,0.014
0.117,0.015
0.118,0.014
0.118,0.013
0.116,0.012
0.118,0.012
0.118,0.010
0.116,0.009
0.116,0.008
0.116,0.006
0.115,0.005
0.116,0.006
0.115,0.007
0.114,0.007
0.116,0.008
0.114,0.007
0.114,0.007
0.115,0.009
0.114,0.009
0.113,0.010
0.115,0.010
0.113,0.012
0.112,0.012
0.113,0.013
0.112,0.012
0.112,0.012
0.114,0.013
0.113,0.012
0.112,0.012
0.114,0.011
0.113,0.010
0.113,0.009
0.115,0.010
0.115,0.011
0.114,0.011
0.115,0.012
0.113,0.013
0.112,0.013
0.114,0.013
0.111,0.014
0.111,0.013
0.112,0.013
0.110,0.012
0.109,0.011
0.112,0.011
0.110,0.011
0.110,0.011
0.112,0.010
0.108,0.011
0.109,0.010
0.112,0.010
0.110,0.011
0.110,0.011
0.112,0.011
0.111,0.011
0.111,0.011
0.113,0.010
0.111,0.011
0.112,0.010
0.113,0.010
0.112,0.012
0.112,0.013
0.114,0.013
0.112,0.013
0.112,0.012
0.114,0.012
0.112,0.012
0.111,0.011
0.112,0.011
0.109,0.012
0.109,0.011
0.109,0.012
0.107,0.013
0.108,0.013
0.109,0.015
0.106,0.016
0.108,0.016
0.109,0.017
0.106,0.018
0.107,0.017
0.108,0.017
0.105,0.017
0.107,0.017
0.107,0.019
0.104,0.020
0.107,0.020
0.106,0.021
0.104,0.021
0.107,0.021
0.106,0.021
0.105,0.022
0.107,0.023
0.106,0.026
0.105,0.025
0.106,0.025
0.105,0.026
0.104,0.024
0.107,0.024
0.105,0.023
0.106,0.022
0.108,0.023
0.107,0.023
0.108,0.023
0.111,0.024
0.111,0.026
0.111,0.024
0.114,0.025
0.112,0.024
0.112,0.023
0.114,0.023
0.111,0.023
0.113,0.022
0.114,0.023
0.113,0.024
0.113,0.024
0.114,0.027
0.113,0.029
0.114,0.028
0.115,0.030
0.114,0.030
0.116,0.031
0.118,0.033
0.117,0.033
0.119,0.033
0.121,0.035
0.120,0.034
0.121,0.033
0.123,0.035
0.122,0.035
0.123,0.035
0.125,0.036
0.125,0.037
0.127,0.038
0.128,0.040
0.128,0.040
0.128,0.041
0.130,0.041
0.130,0.041
0.131,0.042
0.132,0.041
0.132,0.040
0.132,0.041
0.133,0.042
0.132,0.042
0.132,0.045
0.133,0.045
0.132,0.046
0.132,0.047
0.133,0.046
0.132,0.045
0.132,0.044
0.134,0.041
0.133,0.040
0.133,0.039
0.135,0.039
0.134,0.039
0.134,0.041
0.136,0.041
0.133,0.042
0.133,0.043
0.134,0.042
0.133,0.042
0.134,0.040
0.135,0.039
0.134,0.038
0.134,0.037
0.136,0.035
0.134,0.035
0.135,0.035
0.135,0.034
0.133,0.035
0.133,0.035
0.133,0.035
0.130,0.036
0.130,0.038
0.131,0.037
0.128,0.037
0.128,0.037
0.127,0.037
0.127,0.036
0.127,0.037
0.125,0.037
0.125,0.038
0.125,0.038
0.125,0.039
0.123,0.038
0.124,0.039
0.122,0.041
0.121,0.041
0.121,0.042
0.119,0.043
0.118,0.042
0.118,0.041
0.117,0.040
0.116,0.038
0.118,0.037
0.116,0.037
0.115,0.035
0.116,0.037
0.115,0.039
0.114,0.039
0.115,0.040
0.114,0.043
0.113,0.044
0.114,0.046
0.113,0.047
0.112,0.048
0.113,0.048
0.111,0.048
0.108,0.048
0.110,0.048
0.109,0.048
0.108,0.046
0.108,0.047
0.108,0.047
0.107,0.046
0.109,0.046
0.106,0.048
0.107,0.048
0.108,0.049
0.107,0.051
0.107,0.049
0.109,0.050
0.107,0.050
0.109,0.047
0.110,0.049
0.108,0.049
0.109,0.048
0.110,0.050
0.107,0.052
0.107,0.051
0.107,0.053
0.106,0.054
0.106,0.052
0.107,0.054
0.105,0.053
0.107,0.054
0.106,0.056
0.105,0.055
0.107,0.056
0.105,0.057
0.105,0.055
0.107,0.054
0.107,0.056
0.107,0.054
0.108,0.054
0.108,0.056
0.108,0.055
0.111,0.057
0.110,0.059
0.111,0.058
0.113,0.059
0.111,0.059
0.112,0.058
0.113,0.059
0.112,0.060
0.112,0.058
0.114,0.058
0.113,0.058
0.113,0.056
0.113,0.057
0.113,0.058
0.115,0.055
0.114,0.056
0.116,0.055
0.117,0.055
0.116,0.056
0.116,0.056
0.116,0.057
0.115,0.058
0.115,0.058
0.114,0.058
0.114,0.058
0.114,0.057
0.115,0.057
0.113,0.059
0.114,0.059
0.113,0.060
0.112,0.061
0.112,0.060
0.112,0.060
0.112,0.059
0.111,0.059
0.111,0.057
0.110,0.059
0.110,0.059
0.110,0.059
0.110,0.059
0.110,0.058
0.110,0.057
0.109,0.056
0.109,0.055
0.108,0.054
0.108,0.054
0.108,0.055
0.107,0.055
0.107,0.055
0.107,0.056
0.107,0.056
0.106,0.057
0.105,0.058
0.104,0.057
0.103,0.058
0.103,0.058
0.103,0.057
0.102,0.057
0.102,0.057
0.102,0.058
0.102,0.059
0.101,0.060
0.101,0.060
0.099,0.062
0.100,0.061
0.099,0.060
0.097,0.060
0.098,0.059
0.097,0.060
0.096,0.061
0.097,0.060
0.096,0.061
0.094,0.061
0.095,0.061
0.095,0.062
0.093,0.062
0.094,0.062
0.094,0.063
0.093,0.063
0.093,0.063
0.093,0.063
0.092,0.063
0.091,0.063
0.092,0.062
0.091,0.063
0.091,0.062
0.091,0.060
0.091,0.062
0.092,0.062
0.091,0.062
0.090,0.062
0.089,0.063
0.089,0.063
0.089,0.064
0.088,0.065
0.088,0.065
0.087,0.068
0.086,0.068
0.086,0.070
0.085,0.073
0.085,0.072
0.085,0.072
0.083,0.073
0.084,0.072
0.084,0.070
0.083,0.071
0.083,0.069
0.083,0.070
0.082,0.071
0.083,0.069
0.083,0.070
0.082,0.072
0.083,0.072
0.083,0.072
0.081,0.074
0.082,0.072
0.082,0.073
0.080,0.074
0.081,0.073
0.081,0.074
0.080,0.074
0.080,0.072
0.079,0.072
0.077,0.071
0.080,0.069
0.077,0.069
0.078,0.069
0.078,0.069
0.075,0.070
0.076,0.068
0.077,0.069
0.075,0.069
0.076,0.067
0.077,0.068
0.075,0.068
0.077,0.068
0.078,0.070
0.075,0.071
0.078,0.071
0.078,0.072
0.075,0.073
0.076,0.072
0.078,0.073
0.076,0.072
0.077,0.072
0.077,0.072
0.075,0.072
0.077,0.073
0.076,0.074
0.075,0.073
0.076,0.074
0.075,0.075
0.074,0.075
0.074,0.076
0.074,0.076
0.073,0.077
0.074,0.078
0.074,0.079
0.073,0.079
0.075,0.080
0.073,0.081
0.073,0.081
0.074,0.082
0.074,0.083
0.073,0.083
0.075,0.083
0.074,0.083
0.072,0.082
0.073,0.080
0.072,0.080
0.072,0.079
0.073,0.077
0.073,0.078
0.071,0.078
0.074,0.079
0.073,0.079
0.071,0.080
0.072,0.082
0.071,0.081
0.070,0.081
0.071,0.079
0.070,0.078
0.069,0.076
0.071,0.076
0.071,0.075
0.069,0.075
0.071,0.075
0.070,0.075
0.071,0.075
0.072,0.075
0.071,0.075
0.069,0.075
0.070,0.075
0.069,0.076
0.069,0.075
0.070,0.075
0.068,0.075
0.069,0.075
0.069,0.075
0.067,0.074
0.067,0.074
0.069,0.074
0.067,0.074
0.066,0.073
0.068,0.074
0.065,0.074
0.065,0.074
0.067,0.074
0.065,0.074
0.064,0.074
0.065,0.073
0.063,0.073
0.062,0.072
0.064,0.073
0.062,0.072
0.062,0.072
0.064,0.073
0.062,0.074
0.062,0.075
0.063,0.076
0.062,0.075
0.062,0.075
0.063,0.074
0.061,0.074
0.060,0.075
0.062,0.074
0.061,0.075
0.059,0.074
0.061,0.073
0.060,0.073
0.060,0.073
0.060,0.072
0.059,0.074
0.059,0.075
0.061,0.075
0.058,0.075
0.059,0.076
0.060,0.075
0.058,0.077
0.058,0.077
0.058,0.078
0.056,0.077
0.056,0.076
0.057,0.076
0.056,0.077
0.057,0.076
0.059,0.075
0.056,0.075
0.058,0.073
0.058,0.073
0.054,0.073
0.056,0.071
0.056,0.072
0.054,0.072
0.055,0.072
0.054,0.072
0.052,0.073
0.054,0.072
0.052,0.073
0.051,0.072
0.053,0.072
0.051,0.073
0.050,0.072
0.052,0.072
0.050,0.073
0.050,0.073
0.052,0.075
0.049,0.075
0.049,0.074
0.051,0.075
0.049,0.075
0.049,0.072
0.050,0.074
0.048,0.075
0.047,0.071
0.050,0.072
0.047,0.072
0.047,0.071
0.049,0.071
0.046,0.071
0.047,0.069
0.048,0.070
0.045,0.069
0.046,0.067
0.047,0.068
0.044,0.067
0.045,0.066
0.046,0.067
0.044,0.067
0.045,0.066
0.046,0.068
0.045,0.068
0.045,0.068
0.046,0.069
0.045,0.068
0.045,0.070
0.047,0.070
0.045,0.069
0.045,0.068
0.046,0.068
0.044,0.066
0.044,0.065
0.045,0.066
0.045,0.066
0.045,0.068
0.044,0.069
0.044,0.070
0.044,0.072
0.046,0.073
0.045,0.072
0.045,0.073
0.046,0.072
0.045,0.071
0.046,0.071
0.046,0.069
0.046,0.068
0.047,0.070
0.047,0.069
0.045,0.070
0.045,0.072
0.046,0.072
0.044,0.072
0.044,0.072
0.045,0.072
0.044,0.071
0.045,0.070
0.046,0.067
0.046,0.066
0.046,0.065
0.047,0.063
0.045,0.062
0.045,0.062
0.046,0.062
0.045,0.063
0.044,0.064
0.045,0.065
0.044,0.065
0.043,0.064
0.044,0.063
0.042,0.063
0.042,0.062
0.041,0.062
0.040,0.062
0.041,0.063
0.041,0.062
0.039,0.062
0.040,0.064
0.039,0.063
0.039,0.063
0.040,0.064
0.040,0.065
0.039,0.066
0.040,0.067
0.039,0.069
0.038,0.068
0.039,0.068
0.037,0.068
0.037,0.066
0.039,0.065
0.037,0.063
0.037,0.062
0.038,0.061
0.037,0.059
0.037,0.058
0.038,0.058
0.037,0.058
0.037,0.059
0.037,0.061
0.036,0.062
0.034,0.062
0.035,0.062
0.034,0.063
0.034,0.061
0.035,0.060
0.033,0.059
0.033,0.059
0.035,0.060
0.033,0.060
0.032,0.060
0.034,0.061
0.032,0.061
0.030,0.061
0.032,0.061
0.030,0.060
0.028,0.059
0.031,0.059
0.029,0.060
0.028,0.061
0.029,0.060
0.028,0.062
0.026,0.061
0.027,0.060
0.026,0.059
0.024,0.058
0.026,0.059
0.024,0.059
0.024,0.060
0.025,0.060
0.024,0.062
0.023,0.063
0.023,0.064
0.022,0.065
0.021,0.066
0.022,0.067
0.019,0.068
0.018,0.068
0.019,0.068
0.017,0.068
0.017,0.065
0.018,0.063
0.014,0.063
0.014,0.061
0.016,0.062
0.012,0.062
0.013,0.062
0.015,0.063
0.011,0.065
0.011,0.063
0.010,0.064
0.008,0.063
0.009,0.061
0.008,0.062
0.006,0.062
0.007,0.062
0.005,0.064
0.003,0.062
0.005,0.062
0.004,0.063
0.003,0.062
0.002,0.063
-0.000,0.065
-0.002,0.063
-0.001,0.063
-0.003,0.064
-0.004,0.061
-0.004,0.062
-0.006,0.062
-0.005,0.060
-0.005,0.060
-0.007,0.060
-0.006,0.057
-0.006,0.061
-0.008,0.062
-0.007,0.061
-0.006,0.062
-0.008,0.062
-0.009,0.061
-0.008,0.061
-0.012,0.061
-0.012,0.059
-0.012,0.060
-0.013,0.059
-0.013,0.058
-0.015,0.059
-0.016,0.060
-0.015,0.060
-0.016,0.062
-0.017,0.061
-0.016,0.062
-0.016,0.063
-0.017,0.062
-0.018,0.061
-0.020,0.062
-0.018,0.061
-0.017,0.062
-0.018,0.063
-0.019,0.062
-0.018,0.062
-0.017,0.061
-0.018,0.057
-0.018,0.055
-0.017,0.055
-0.016,0.053
-0.017,0.053
-0.018,0.052
-0.017,0.052
-0.015,0.054
-0.016,0.056
-0.016,0.056
-0.016,0.058
-0.015,0.060
-0.015,0.061
-0.014,0.062
-0.014,0.063
-0.013,0.064
-0.014,0.065
-0.013,0.065
-0.011,0.064
-0.011,0.064
-0.011,0.064
-0.008,0.062
-0.010,0.062
-0.011,0.062
-0.008,0.060
-0.009,0.060
-0.009,0.060
-0.009,0.058
-0.008,0.060
-0.008,0.059
-0.007,0.058
-0.008,0.058
-0.007,0.059
-0.007,0.059
-0.007,0.060
-0.008,0.060
-0.007,0.060
-0.005,0.060
-0.006,0.060
-0.006,0.061
-0.007,0.061
-0.006,0.062
-0.006,0.062
-0.007,0.060
-0.006,0.059
-0.005,0.060
-0.005,0.058
-0.006,0.058
-0.008,0.058
-0.007,0.057
-0.007,0.057
-0.009,0.056
-0.010,0.054
-0.009,0.055
-0.010,0.054
-0.010,0.052
-0.009,0.052
-0.011,0.051
-0.010,0.049
-0.011,0.050
-0.011,0.047
-0.011,0.046
-0.011,0.048
-0.010,0.048
-0.010,0.048
-0.011,0.048
-0.012,0.048
-0.011,0.049
-0.012,0.049
-0.012,0.049
-0.013,0.050
-0.014,0.053
-0.013,0.051
-0.013,0.051
-0.015,0.053
-0.013,0.051
-0.012,0.051
-0.014,0.050
-0.013,0.049
-0.013,0.049
-0.014,0.051
-0.012,0.050
-0.014,0.052
-0.014,0.053
-0.014,0.052
-0.016,0.052
-0.016,0.050
-0.017,0.049
-0.019,0.050
-0.019,0.049
-0.018,0.049
-0.020,0.049
-0.019,0.047
-0.018,0.046
-0.021,0.047
-0.020,0.046
-0.019,0.046
-0.023,0.046
-0.022,0.044
-0.019,0.044
-0.023,0.044
-0.022,0.043
-0.022,0.044
-0.026,0.045
-0.025,0.043
-0.026,0.042
-0.029,0.042
-0.027,0.040
-0.026,0.041
-0.030,0.042
-0.028,0.041
-0.027,0.041
-0.029,0.042
-0.027,0.041
-0.027,0.042
-0.030,0.041
-0.028,0.039
-0.029,0.040
-0.031,0.040
-0.029,0.040
-0.029,0.042
-0.031,0.044
-0.029,0.045
-0.029,0.047
-0.030,0.047
-0.028,0.046
-0.028,0.046
-0.029,0.045
-0.027,0.043
-0.028,0.043
-0.028,0.042
-0.026,0.041
-0.027,0.040
-0.027,0.040
-0.026,0.041
-0.026,0.041
-0.027,0.041
-0.025,0.043
-0.025,0.044
-0.025,0.044
-0.025,0.045
-0.026,0.043
-0.026,0.043
-0.026,0.042
-0.027,0.042
-0.026,0.042
-0.026,0.040
-0.027,0.039
-0.027,0.039
-0.026,0.040
-0.027,0.039
-0.027,0.039
-0.026,0.040
-0.026,0.039
-0.027,0.039
-0.026,0.038
-0.025,0.036
-0.026,0.036
-0.025,0.033
-0.024,0.032
-0.026,0.033
-0.024,0.032
-0.025,0.031
-0.026,0.033
-0.025,0.032
-0.026,0.032
-0.027,0.034
-0.026,0.034
-0.027,0.035
-0.028,0.036
-0.027,0.035
-0.028,0.034
-0.028,0.034
-0.025,0.033
-0.028,0.032
-0.027,0.031
-0.026,0.031
-0.027,0.031
-0.026,0.030
-0.025,0.028
-0.027,0.028
-0.027,0.027
-0.024,0.025
-0.027,0.026
-0.026,0.026
-0.025,0.026
-0.027,0.026
-0.027,0.026
-0.025,0.026
-0.027,0.027
-0.027,0.028
-0.024,0.028
-0.025,0.028
-0.025,0.028
-0.023,0.026
-0.025,0.028
-0.024,0.028
-0.023,0.029
-0.025,0.030
-0.023,0.031
-0.021,0.032
-0.022,0.032
-0.021,0.032
-0.019,0.032
-0.020,0.033
-0.020,0.033
-0.019,0.033
-0.021,0.033
-0.020,0.032
-0.020,0.033
-0.022,0.032
-0.021,0.032
-0.020,0.032
-0.023,0.032
-0.022,0.032
-0.022,0.032
-0.024,0.032
-0.023,0.030
-0.023,0.029
-0.026,0.029
-0.024,0.028
-0.024,0.028
-0.027,0.028
-0.025,0.027
-0.025,0.028
-0.027,0.027
-0.026,0.027
-0.025,0.028
-0.028,0.027
-0.027,0.026
-0.028,0.026
-0.029,0.025
-0.027,0.025
-0.030,0.024
-0.032,0.024
-0.030,0.024
-0.033,0.025
-0.034,0.023
-0.033,0.024
-0.035,0.024
-0.037,0.023
-0.034,0.024
-0.037,0.025
-0.037,0.024
-0.036,0.024
-0.040,0.023
-0.039,0.020
-0.039,0.021
-0.042,0.020
-0.041,0.019
-0.040,0.020
-0.042,0.020
-0.043,0.019
-0.041,0.018
-0.044,0.017
-0.044,0.015
-0.043,0.015
-0.045,0.015
-0.045,0.014
-0.045,0.015
-0.047,0.013
-0.048,0.013
-0.047,0.013
-0.048,0.012
-0.048,0.012
-0.048,0.014
-0.048,0.014
-0.049,0.015
-0.049,0.017
-0.050,0.017
-0.051,0.019
-0.049,0.019
-0.051,0.016
-0.049,0.015
-0.049,0.013
-0.049,0.012
-0.049,0.012
-0.048,0.013
-0.048,0.014
-0.049,0.016
-0.049,0.016
-0.049,0.016
-0.048,0.017
-0.047,0.016
-0.048,0.016
-0.047,0.016
-0.046,0.016
-0.046,0.016
-0.045,0.017
-0.043,0.016
-0.044,0.015
-0.042,0.015
-0.041,0.014
-0.041,0.014
-0.040,0.016
-0.039,0.017
-0.038,0.019
-0.038,0.021
-0.036,0.022
-0.036,0.022
-0.035,0.023
-0.033,0.022
-0.034,0.020
-0.033,0.020
-0.032,0.017
-0.032,0.016
-0.032,0.015
-0.030,0.015
-0.032,0.015
-0.031,0.016
-0.029,0.016
-0.029,0.019
-0.028,0.019
-0.027,0.019
-0.027,0.020
-0.025,0.019
-0.024,0.018
-0.024,0.017
-0.023,0.017
-0.021,0.016
-0.023,0.016
-0.021,0.016
-0.019,0.016
-0.020,0.018
-0.019,0.018
-0.019,0.019
-0.019,0.020
-0.018,0.019
-0.016,0.020
-0.017,0.021
-0.015,0.020
-0.015,0.020
-0.017,0.020
-0.015,0.018
-0.017,0.019
-0.018,0.018
-0.017,0.019
-0.017,0.019
-0.018,0.018
-0.015,0.020
-0.016,0.019
-0.017,0.019
-0.015,0.018
-0.016,0.018
-0.016,0.016
-0.014,0.015
-0.016,0.014
-0.015,0.012
-0.013,0.013
-0.014,0.013
-0.014,0.013
-0.011,0.014
-0.013,0.015
-0.013,0.015
-0.011,0.015
-0.012,0.016
-0.013,0.014
-0.011,0.014
-0.014,0.014
-0.014,0.013
-0.013,0.012
-0.015,0.010
-0.017,0.008
-0.015,0.005
-0.017,0.004
-0.018,0.003
-0.016,0.003
-0.018,0.004
-0.019,0.004
-0.018,0.005
-0.020,0.006
-0.021,0.006
-0.020,0.006
-0.022,0.005
-0.023,0.003
-0.022,0.003
-0.024,0.003
-0.024,0.003
-0.023,0.004
-0.024,0.003
-0.024,0.002
-0.024,0.000
-0.027,0.000
-0.026,0.001
-0.026,0.001
-0.029,0.001
-0.030,0.002
-0.029,0.002
-0.032,0.001
-0.031,0.000
-0.031,0.000
-0.034,0.001
-0.033,0.001
-0.033,0.002
-0.035,0.003
-0.034,0.002
-0.034,0.003
-0.035,0.003
-0.033,0.003
-0.034,0.004
-0.037,0.004
-0.035,0.004
-0.036,0.004
-0.039,0.003
-0.038,0.001
-0.040,0.001
-0.040,-0.001
-0.038,0.000
-0.039,0.001
-0.039,0.001
-0.036,0.003
-0.036,0.004
-0.036,0.002
-0.034,0.002
-0.035,0.003
-0.034,0.002
-0.033,0.003
-0.035,0.003
-0.035,0.003
-0.032,0.005
-0.034,0.004
-0.033,0.004
-0.029,0.006
-0.031,0.007
-0.029,0.007
-0.028,0.008
-0.029,0.009
-0.028,0.007
-0.028,0.008
-0.029,0.007
-0.028,0.005
-0.027,0.006
-0.028,0.003
-0.028,0.002
-0.025,0.002
-0.026,0.001
-0.026,-0.000
-0.024,0.003
-0.025,0.003
-0.024,0.004
-0.023,0.007
-0.024,0.006
-0.024,0.006
-0.023,0.005
-0.023,0.002
-0.022,0.001
-0.022,0.000
-0.022,-0.002
-0.023,-0.003
-0.021,-0.003
-0.021,-0.004
-0.021,-0.003
-0.019,-0.002
-0.019,-0.002
-0.019,0.000
-0.018,0.001
-0.018,0.002
-0.018,0.002
-0.016,0.003
-0.016,0.001
-0.017,0.001
-0.015,-0.001
-0.015,-0.002
-0.015,-0.003
-0.014,-0.005
-0.014,-0.004
-0.014,-0.004
-0.011,-0.005
-0.012,-0.005
-0.012,-0.005
-0.010,-0.004
-0.011,-0.003
-0.009,-0.002
-0.007,-0.002
-0.007,-0.001
-0.007,-0.002
-0.005,-0.003
-0.005,-0.002
-0.005,-0.003
-0.003,-0.003
-0.005,-0.001
-0.004,-0.001
-0.002,-0.001
-0.004,0.001
-0.004,0.000
-0.002,0.001
-0.004,0.000
-0.003,-0.002
-0.003,-0.003
-0.004,-0.004
-0.003,-0.005
-0.002,-0.004
-0.003,-0.004
-0.001,-0.003
0.000,-0.003
-0.002,-0.004
0.001,-0.004
0.001,-0.003
0.000,-0.006
0.002,-0.005
-0.000,-0.004
-0.001,-0.005
0.001,-0.006
-0.001,-0.006
-0.000,-0.008
0.002,-0.009
0.001,-0.008
0.000,-0.011
0.002,-0.009
0.001,-0.008
0.002,-0.009
0.003,-0.007
0.003,-0.007
0.003,-0.008
0.004,-0.008
0.004,-0.007
0.003,-0.009
0.004,-0.009
0.004,-0.010
0.004,-0.011
0.005,-0.011
0.004,-0.013
0.005,-0.014
0.005,-0.014
0.005,-0.014
0.006,-0.015
0.006,-0.013
0.006,-0.012
0.006,-0.012
0.007,-0.008
0.006,-0.008
0.006,-0.008
0.007,-0.005
0.006,-0.005
0.007,-0.005
0.007,-0.004
0.007,-0.003
0.008,-0.005
0.009,-0.003
0.009,-0.004
0.010,-0.004
0.010,-0.002
0.010,-0.002
0.011,-0.002
0.010,0.001
0.011,-0.000
0.012,-0.000
0.011,0.001
0.012,-0.001
0.013,-0.001
0.012,0.000
0.013,-0.002
0.014,-0.002
0.013,-0.003
0.013,-0.005
0.014,-0.005
0.013,-0.005
0.014,-0.008
0.014,-0.007
0.014,-0.007
0.016,-0.009
0.016,-0.008
0.015,-0.008
0.017,-0.009
0.016,-0.010
0.017,-0.010
0.019,-0.011
0.018,-0.012
0.018,-0.012
0.019,-0.013
0.019,-0.013
0.019,-0.013
0.020,-0.012
0.019,-0.011
0.020,-0.010
0.021,-0.010
0.020,-0.012
0.022,-0.012
0.022,-0.011
0.022,-0.012
0.024,-0.011
0.023,-0.010
0.023,-0.009
0.024,-0.007
0.024,-0.007
0.023,-0.007
0.024,-0.006
0.024,-0.006
0.024,-0.006
0.025,-0.005
0.026,-0.005
0.027,-0.004
0.026,-0.004
0.026,-0.005
0.026,-0.006
0.025,-0.006
0.025,-0.008
0.025,-0.009
0.025,-0.009
0.025,-0.010
0.026,-0.009
0.026,-0.006
0.026,-0.006
0.026,-0.005
0.027,-0.003
0.028,-0.003
0.028,-0.004
0.029,-0.003
0.030,-0.005
0.029,-0.005
0.029,-0.006
0.029,-0.007
0.029,-0.008
0.028,-0.009
0.029,-0.010
0.028,-0.010
0.029,-0.009
0.031,-0.010
0.029,-0.009
0.030,-0.010
0.031,-0.011
0.031,-0.010
0.032,-0.011
0.032,-0.011
0.031,-0.011
0.032,-0.011
0.032,-0.012
0.031,-0.012
0.032,-0.012
0.033,-0.012
0.032,-0.010
0.034,-0.010
0.035,-0.008
0.034,-0.006
0.035,-0.008
0.036,-0.008
0.035,-0.007
0.036,-0.007
0.037,-0.009
0.037,-0.007
0.038,-0.008
0.039,-0.008
0.037,-0.008
0.038,-0.009
0.039,-0.009
0.037,-0.009
0.039,-0.009
0.039,-0.010
0.039,-0.009
0.041,-0.010
0.040,-0.011
0.039,-0.010
0.040,-0.010
0.041,-0.009
0.039,-0.008
0.041,-0.007
0.040,-0.007
0.040,-0.006
0.041,-0.006
0.041,-0.006
0.039,-0.004
0.042,-0.005
0.042,-0.004
0.040,-0.005
0.041,-0.007
0.041,-0.007
0.039,-0.008
0.042,-0.011
0.041,-0.011
0.040,-0.012
0.042,-0.014
0.042,-0.015
0.040,-0.014
0.043,-0.015
0.041,-0.015
0.039,-0.015
0.042,-0.015
0.040,-0.014
0.040,-0.013
0.042,-0.012
0.041,-0.011
0.041,-0.011
0.043,-0.011
0.041,-0.012
0.041,-0.014
0.044,-0.013
0.041,-0.013
0.042,-0.016
0.044,-0.016
0.041,-0.015
0.043,-0.016
0.043,-0.013
0.041,-0.012
0.042,-0.010
0.045,-0.007
0.043,-0.006
0.044,-0.006
0.047,-0.006
0.044,-0.007
0.046,-0.009
0.046,-0.008
0.045,-0.009
0.047,-0.009
0.047,-0.008
0.047,-0.008
0.049,-0.007
0.050,-0.006
0.049,-0.006
0.050,-0.005
0.051,-0.006
0.050,-0.007
0.051,-0.007
0.052,-0.007
0.052,-0.008
0.053,-0.008
0.054,-0.007
0.054,-0.008
0.056,-0.007
0.056,-0.006
0.056,-0.007
0.056,-0.005
0.056,-0.004
0.056,-0.004
0.057,-0.003
0.057,-0.003
0.057,-0.004
0.059,-0.004
0.058,-0.005
0.057,-0.007
0.059,-0.006
0.059,-0.007
0.059,-0.007
0.060,-0.007
0.059,-0.008
0.059,-0.007
0.060,-0.005
0.060,-0.004
0.059,-0.003
0.060,-0.002
0.060,-0.003
0.060,-0.001
0.061,-0.001
0.061,-0.003
0.060,-0.003
0.062,-0.005
0.062,-0.006
0.061,-0.007
0.062,-0.007
0.062,-0.008
0.063,-0.008
0.064,-0.007
0.064,-0.007
0.065,-0.006
0.066,-0.005
0.066,-0.005
0.065,-0.006
0.068,-0.006
0.067,-0.007
0.066,-0.008
0.069,-0.007
0.068,-0.007
0.068,-0.007
0.070,-0.005
0.069,-0.003
0.071,-0.002
0.073,-0.001
0.072,0.000
0.072,0.000
0.075,-0.000
0.073,0.000
0.072,-0.001
0.075,0.001
0.073,0.001
0.073,0.001
0.075,0.001
0.075,0.001
0.076,0.001
0.078,0.001
0.077,0.001
0.077,0.002
0.081,0.002
0.081,0.003
0.081,0.001
0.082,0.001
0.082,0.000
0.082,0.000
0.084,-0.004
0.083,-0.004
0.084,-0.004
0.087,-0.005
0.086,-0.003
0.086,-0.004
0.090,-0.001
0.091,-0.001
0.091,0.001
0.094,0.002
0.092,0.003
0.093,0.004
0.096,0.004
0.095,0.004
0.096,0.003
0.097,0.004
0.096,0.005
0.096,0.004
0.099,0.006
0.098,0.006
0.099,0.006
0.102,0.005
0.099,0.004
0.101,0.003
0.103,0.003
0.103,0.002
0.105,0.000
0.106,0.001
0.105,0.001
0.106,0.000
0.108,-0.001
0.104,-0.002
0.108,-0.003
0.108,-0.002
0.106,-0.000
0.106,0.001
0.106,0.002
0.107,0.004
0.107,0.004
0.106,0.005
0.104,0.006
0.106,0.005
0.106,0.005
0.106,0.000
0.107,-0.000
0.107,-0.001
0.107,-0.002
0.107,-0.001
0.106,-0.001
0.106,-0.001
0.108,0.001
0.106,0.002
0.106,0.001
0.106,0.003
0.103,0.003
0.104,0.000
0.104,0.002
0.103,0.001
0.104,0.000
0.104,0.001
0.102,-0.001
0.101,-0.003
0.103,-0.004
0.101,-0.005
0.101,-0.008
0.100,-0.008
0.098,-0.009
0.098,-0.009
0.100,-0.008
0.098,-0.010
0.097,-0.010
0.098,-0.010
0.096,-0.009
0.097,-0.009
0.095,-0.009
0.096,-0.008
0.096,-0.007
0.096,-0.005
0.096,-0.005
0.095,-0.006
0.097,-0.003
0.096,-0.004
0.095,-0.004
0.095,-0.002
0.095,-0.001
0.096,-0.000
0.096,-0.001
0.096,0.000
0.096,0.001
0.098,0.002
0.095,0.001
0.096,0.002
0.096,0.003
0.097,0.003
0.096,0.004
0.096,0.005
0.097,0.007
0.095,0.006
0.098,0.006
0.097,0.007
0.098,0.007
0.098,0.008
0.097,0.008
0.097,0.008
0.097,0.007
0.097,0.007
0.097,0.008
0.099,0.007
0.096,0.007
0.096,0.007
0.098,0.008
0.097,0.008
0.097,0.008
0.099,0.008
0.098,0.010
0.098,0.009
0.100,0.009
0.098,0.008
0.099,0.010
0.100,0.010
0.099,0.010
0.099,0.011
0.100,0.011
0.101,0.011
0.102,0.010
0.102,0.011
0.102,0.012
0.104,0.013
0.105,0.015
0.103,0.015
0.104,0.015
0.105,0.016
0.104,0.015
0.105,0.014
0.105,0.014
0.106,0.013
0.106,0.011
0.106,0.012
0.106,0.010
0.108,0.010
0.108,0.010
0.107,0.009
0.110,0.009
0.109,0.008
0.109,0.008
0.111,0.008
0.111,0.009
0.110,0.009
0.112,0.010
0.112,0.012
0.112,0.012
0.113,0.013
0.113,0.014
0.114,0.012
0.115,0.010
0.117,0.008
0.116,0.006
0.117,0.005
0.117,0.006
0.116,0.004
0.117,0.006
0.116,0.006
0.116,0.006
0.116,0.008
0.115,0.008
0.117,0.009
0.117,0.010
0.117,0.010
0.118,0.010
0.119,0.011
0.119,0.010
0.118,0.009
0.118,0.008
0.116,0.008
0.118,0.006
0.117,0.007
0.116,0.006
0.117,0.006
0.117,0.009
0.116,0.009
0.116,0.010
0.116,0.013
0.115,0.013
0.116,0.014
0.116,0.016
0.116,0.016
0.117,0.016
0.115,0.018
0.115,0.016
0.116,0.016
0.115,0.017
0.115,0.014
0.117,0.015
0.115,0.015
0.116,0.014
0.116,0.014
0.114,0.015
0.115,0.014
0.115,0.015
0.114,0.016
0.114,0.013
0.115,0.015
0.113,0.015
0.114,0.014
0.114,0.016
0.113,0.018
0.114,0.018
0.114,0.018
0.114,0.019
0.114,0.018
0.114,0.017
0.113,0.017
0.113,0.017
0.113,0.018
0.112,0.019
0.114,0.021
0.114,0.022
0.115,0.023
0.115,0.023
0.115,0.024
0.116,0.023
0.115,0.023
0.114,0.024
0.114,0.025
0.114,0.027
0.114,0.027
0.114,0.028
0.113,0.027
0.112,0.026
0.113,0.026
0.112,0.025
0.111,0.024
0.112,0.023
0.112,0.024
0.113,0.023
0.112,0.024
0.112,0.025
0.112,0.025
0.112,0.027
0.112,0.028
0.112,0.028
0.112,0.031
0.112,0.030
0.112,0.029
0.110,0.031
0.111,0.029
0.110,0.027
0.110,0.027
0.109,0.025
0.110,0.025
0.109,0.026
0.109,0.026
0.109,0.026
0.109,0.027
0.110,0.026
0.110,0.026
0.111,0.026
0.112,0.024
0.112,0.023
0.112,0.024
0.113,0.023
0.113,0.023
0.113,0.024
0.115,0.025
0.114,0.028
0.114,0.031
0.115,0.031
0.113,0.034
0.114,0.034
0.114,0.034
0.114,0.035
0.115,0.034
0.115,0.033
0.115,0.032
0.117,0.030
0.118,0.029
0.116,0.030
0.118,0.028
0.119,0.027
0.118,0.029
0.120,0.028
0.122,0.029
0.119,0.030
0.122,0.029
0.123,0.030
0.122,0.029
0.124,0.029
0.125,0.029
0.125,0.031
0.127,0.032
0.128,0.033
0.128,0.035
0.130,0.035
0.130,0.035
0.130,0.037
0.132,0.036
0.133,0.036
0.132,0.036
0.134,0.034
0.135,0.034
0.134,0.034
0.137,0.034
0.137,0.035
0.137,0.036
0.137,0.036
0.138,0.037
0.136,0.037
0.139,0.036
0.138,0.036
0.137,0.036
0.139,0.035
0.138,0.036
0.138,0.035
0.140,0.033
0.140,0.032
0.139,0.032
0.142,0.033
0.141,0.034
0.140,0.036
0.142,0.036
0.141,0.036
0.140,0.036
0.141,0.035
0.141,0.035
0.141,0.035
0.143,0.036
0.141,0.036
0.141,0.036
0.142,0.037
0.139,0.037
0.140,0.037
0.141,0.039
0.138,0.039
0.139,0.037
0.140,0.038
0.138,0.037
0.138,0.037
0.138,0.037
0.133,0.038
0.134,0.038
0.134,0.038
0.130,0.037
0.132,0.036
0.131,0.035
0.128,0.033
0.128,0.034
0.129,0.035
0.127,0.034
0.128,0.036
0.127,0.036
0.127,0.036
0.126,0.037
0.125,0.037
0.123,0.036
0.124,0.037
0.123,0.036
0.122,0.036
0.123,0.038
0.122,0.038
0.121,0.039
0.121,0.040
0.121,0.040
0.121,0.041
0.121,0.042
0.122,0.043
0.120,0.042
0.121,0.043
0.120,0.042
0.117,0.041
0.117,0.041
0.117,0.040
0.115,0.039
0.115,0.039
0.115,0.040
0.113,0.041
0.114,0.041
0.114,0.042
0.112,0.043
0.113,0.043
0.112,0.045
0.110,0.046
0.110,0.048
0.111,0.049
0.108,0.050
0.109,0.052
0.111,0.051
0.109,0.051
0.110,0.050
0.110,0.049
0.109,0.051
0.112,0.050
0.111,0.052
0.110,0.053
0.112,0.055
0.111,0.054
0.110,0.055
0.112,0.055
0.110,0.055
0.110,0.056
0.111,0.057
0.109,0.058
0.108,0.058
0.110,0.059
0.110,0.059
0.110,0.058
0.113,0.058
0.111,0.057
0.110,0.056
0.112,0.056
0.110,0.057
0.110,0.057
0.112,0.057
0.110,0.058
0.110,0.058
0.112,0.058
0.111,0.058
0.111,0.059
0.114,0.058
0.114,0.058
0.113,0.056
0.115,0.056
0.114,0.056
0.114,0.057
0.116,0.059
0.114,0.061
0.114,0.064
0.116,0.065
0.114,0.065
0.114,0.067
0.116,0.066
0.115,0.065
0.114,0.064
0.116,0.061
0.114,0.060
0.114,0.059
0.116,0.058
0.115,0.058
0.115,0.057
0.117,0.056
0.115,0.055
0.115,0.054
0.116,0.054
0.115,0.055
0.114,0.055
0.115,0.056
0.113,0.056
0.113,0.057
0.114,0.056
0.112,0.057
0.112,0.056
0.112,0.055
0.110,0.056
0.110,0.055
0.111,0.056
0.108,0.055
0.108,0.056
0.107,0.057
0.106,0.058
0.106,0.058
0.106,0.058
0.104,0.058
0.105,0.057
0.106,0.058
0.104,0.059
0.105,0.059
0.105,0.060
0.102,0.059
0.104,0.058
0.103,0.059
0.101,0.058
0.103,0.058
0.101,0.059
0.100,0.058
0.101,0.059
0.100,0.059
0.099,0.058
0.101,0.058
0.099,0.059
0.097,0.059
0.099,0.059
0.097,0.060
0.096,0.058
0.097,0.059
0.094,0.058
0.094,0.056
0.096,0.058
0.093,0.058
0.093,0.057
0.093,0.059
0.091,0.061
0.091,0.060
0.092,0.061
0.090,0.062
0.090,0.060
0.091,0.063
0.089,0.063
0.089,0.063
0.090,0.065
0.088,0.065
0.088,0.065
0.089,0.066
0.088,0.066
0.088,0.066
0.088,0.068
0.086,0.066
0.086,0.065
0.087,0.065
0.086,0.064
0.086,0.064
0.086,0.063
0.085,0.062
0.085,0.062
0.085,0.062
0.085,0.062
0.085,0.063
0.086,0.064
0.085,0.063
0.084,0.065
0.084,0.067
0.083,0.067
0.083,0.070
0.082,0.072
0.082,0.072
0.081,0.074
0.082,0.074
0.081,0.073
0.080,0.073
0.081,0.072
0.079,0.072
0.080,0.072
0.080,0.072
0.080,0.072
0.079,0.073
0.081,0.073
0.080,0.073
0.080,0.075
0.082,0.074
0.080,0.075
0.079,0.075
0.080,0.076
0.079,0.076
0.078,0.075
0.079,0.074
0.078,0.074
0.078,0.073
0.079,0.073
0.077,0.073
0.078,0.073
0.079,0.074
0.076,0.075
0.077,0.074
0.076,0.073
0.075,0.073
0.075,0.072
0.077,0.072
0.076,0.072
0.077,0.072
0.078,0.072
0.078,0.072
0.079,0.071
0.078,0.072
0.078,0.072
0.079,0.072
0.078,0.071
0.077,0.069
0.078,0.068
0.077,0.068
0.075,0.068
0.077,0.070
0.075,0.072
0.075,0.072
0.076,0.072
0.076,0.073
0.075,0.070
0.076,0.069
0.075,0.069
0.074,0.069
0.075,0.070
0.073,0.071
0.072,0.072
0.073,0.072
0.072,0.072
0.071,0.071
0.073,0.070
0.072,0.069
0.071,0.068
0.074,0.069
0.073,0.068
0.073,0.067
0.073,0.068
0.072,0.069
0.072,0.071
0.072,0.073
0.071,0.074
0.071,0.073
0.072,0.075
0.071,0.075
0.071,0.074
0.071,0.075
0.070,0.074
0.070,0.073
0.070,0.074
0.068,0.074
0.067,0.073
0.068,0.075
0.065,0.074
0.065,0.072
0.066,0.074
0.065,0.073
0.066,0.072
0.066,0.074
0.066,0.074
0.067,0.072
0.067,0.074
0.066,0.074
0.066,0.074
0.066,0.075
0.065,0.076
0.065,0.076
0.064,0.079
0.062,0.078
0.063,0.078
0.062,0.079
0.062,0.077
0.062,0.077
0.062,0.078
0.062,0.076
0.063,0.076
0.062,0.076
0.062,0.075
0.063,0.076
0.061,0.078
0.062,0.076
0.062,0.077
0.060,0.077
0.060,0.075
0.060,0.076
0.059,0.075
0.058,0.075
0.058,0.076
0.057,0.076
0.057,0.075
0.057,0.077
0.057,0.077
0.056,0.076
0.056,0.077
0.057,0.077
0.057,0.076
0.057,0.075
0.058,0.074
0.059,0.073
0.058,0.073
0.058,0.072
0.056,0.073
0.055,0.073
0.055,0.073
0.054,0.072
0.053,0.072
0.053,0.071
0.052,0.071
0.052,0.071
0.053,0.071
0.052,0.071
0.052,0.070
0.052,0.071
0.051,0.071
0.051,0.070
0.051,0.071
0.051,0.071
0.051,0.070
0.051,0.069
0.051,0.067
0.051,0.065
0.051,0.066
0.051,0.065
0.051,0.066
0.051,0.068
0.049,0.068
0.050,0.069
0.049,0.070
0.048,0.069
0.049,0.070
0.048,0.072
0.048,0.071
0.048,0.072
0.048,0.072
0.048,0.071
0.048,0.071
0.047,0.070
0.046,0.070
0.046,0.071
0.045,0.071
0.046,0.071
0.044,0.072
0.045,0.071
0.046,0.070
0.045,0.072
0.045,0.070
0.046,0.070
0.044,0.070
0.044,0.070
0.046,0.070
0.043,0.071
0.045,0.071
0.045,0.071
0.044,0.073
0.045,0.071
0.046,0.071
0.045,0.073
0.046,0.072
0.046,0.073
0.044,0.075
0.045,0.075
0.045,0.075
0.044,0.074
0.045,0.072
0.045,0.071
0.044,0.071
0.045,0.070
0.047,0.071
0.046,0.072
0.046,0.071
0.046,0.073
0.045,0.075
0.046,0.075
0.045,0.075
0.045,0.075
0.046,0.075
0.047,0.074
0.047,0.073
0.049,0.072
0.049,0.073
0.048,0.073
0.049,0.073
0.047,0.075
0.046,0.075
0.047,0.075
0.045,0.075
0.044,0.075
0.045,0.073
0.045,0.074
0.043,0.074
0.045,0.071
0.046,0.071
0.045,0.070
0.046,0.069
0.045,0.070
0.045,0.070
0.045,0.069
0.043,0.067
0.042,0.066
0.043,0.065
0.040,0.064
0.041,0.066
0.043,0.066
0.041,0.067
0.042,0.067
0.043,0.066
0.041,0.068
0.041,0.066
0.042,0.067
0.039,0.066
0.040,0.065
0.040,0.065
0.037,0.066
0.039,0.064
0.038,0.064
0.036,0.063
0.038,0.061
0.038,0.062
0.035,0.062
0.036,0.062
0.037,0.064
0.033,0.064
0.036,0.064
0.035,0.065
0.032,0.065
0.033,0.065
0.033,0.067
0.031,0.066
0.033,0.065
0.033,0.065
0.033,0.063
0.035,0.062
0.034,0.059
0.033,0.058
0.033,0.058
0.031,0.057
0.030,0.056
0.030,0.057
0.031,0.058
0.028,0.058
0.030,0.059
0.029,0.058
0.029,0.058
0.030,0.058
0.027,0.058
0.027,0.059
0.026,0.059
0.025,0.059
0.024,0.058
0.025,0.059
0.024,0.059
0.023,0.060
0.024,0.061
0.023,0.061
0.024,0.063
0.024,0.064
0.023,0.064
0.022,0.065
0.023,0.066
0.023,0.066
0.021,0.066
0.022,0.067
0.021,0.067
0.020,0.068
0.020,0.067
0.019,0.066
0.017,0.067
0.018,0.066
0.017,0.065
0.015,0.067
0.016,0.067
0.016,0.067
0.015,0.069
0.015,0.068
0.014,0.067
0.012,0.069
0.012,0.067
0.011,0.067
0.009,0.067
0.010,0.065
0.009,0.064
0.008,0.064
0.006,0.063
0.004,0.062
0.003,0.064
0.004,0.063
0.002,0.064
-0.001,0.063
0.002,0.064
-0.000,0.063
-0.000,0.062
-0.002,0.060
-0.003,0.061
-0.003,0.060
-0.003,0.058
-0.006,0.059
-0.006,0.057
-0.004,0.057
-0.007,0.057
-0.008,0.056
-0.008,0.057
-0.011,0.057
-0.010,0.057
-0.011,0.055
-0.013,0.057
-0.013,0.058
-0.011,0.058
-0.015,0.059
-0.016,0.058
-0.015,0.058
-0.017,0.057
-0.017,0.057
-0.016,0.055
-0.018,0.057
-0.018,0.056
-0.017,0.055
-0.019,0.056
-0.018,0.055
-0.017,0.056
-0.019,0.056
-0.018,0.056
-0.018,0.056
-0.018,0.057
-0.017,0.057
-0.016,0.056
-0.020,0.056
-0.018,0.057
-0.017,0.058
-0.018,0.058
-0.016,0.061
-0.017,0.062
-0.018,0.065
-0.016,0.066
-0.016,0.066
-0.017,0.065
-0.014,0.064
-0.014,0.064
-0.016,0.062
-0.015,0.063
-0.015,0.062
-0.015,0.063
-0.012,0.062
-0.013,0.062
-0.015,0.064
-0.013,0.063
-0.013,0.064
-0.014,0.062
-0.012,0.061
-0.012,0.061
-0.013,0.062
-0.011,0.060
-0.012,0.059
-0.013,0.057
-0.009,0.056
-0.010,0.056
-0.013,0.056
-0.011,0.057
-0.012,0.057
-0.013,0.056
-0.010,0.057
-0.010,0.057
-0.011,0.060
-0.008,0.061
-0.010,0.061
-0.011,0.060
-0.009,0.060
-0.010,0.059
-0.010,0.056
-0.009,0.056
-0.012,0.055
-0.012,0.055
-0.009,0.054
-0.012,0.055
-0.012,0.055
-0.010,0.055
-0.014,0.056
-0.013,0.055
-0.012,0.054
-0.013,0.054
-0.013,0.053
-0.013,0.053
-0.015,0.053
-0.014,0.052
-0.012,0.051
-0.013,0.050
-0.012,0.050
-0.011,0.049
-0.012,0.049
-0.012,0.050
-0.010,0.049
-0.012,0.049
-0.010,0.051
-0.009,0.052
-0.011,0.052
-0.009,0.052
-0.009,0.051
-0.009,0.051
-0.010,0.051
-0.009,0.050
-0.012,0.049
-0.012,0.049
-0.011,0.049
-0.012,0.048
-0.013,0.048
-0.013,0.048
-0.014,0.047
-0.015,0.048
-0.014,0.048
-0.016,0.049
-0.016,0.050
-0.016,0.050
-0.018,0.050
-0.018,0.050
-0.017,0.050
-0.018,0.049
-0.018,0.049
-0.018,0.049
-0.020,0.050
-0.020,0.050
-0.019,0.049
-0.022,0.049
-0.021,0.048
-0.022,0.047
-0.024,0.047
-0.024,0.047
-0.024,0.047
-0.026,0.047
-0.026,0.048
-0.026,0.048
-0.028,0.049
-0.027,0.049
-0.027,0.048
-0.028,0.049
-0.028,0.048
-0.029,0.047
-0.031,0.046
-0.030,0.046
-0.030,0.045
-0.033,0.044
-0.032,0.045
-0.032,0.045
-0.033,0.046
-0.032,0.047
-0.033,0.047
-0.034,0.047
-0.031,0.046
-0.033,0.046
-0.034,0.045
-0.032,0.046
-0.033,0.046
-0.034,0.045
-0.031,0.045
-0.033,0.046
-0.033,0.045
-0.030,0.045
-0.030,0.046
-0.031,0.044
-0.029,0.045
-0.030,0.045
-0.031,0.044
-0.029,0.044
-0.030,0.044
-0.031,0.043
-0.029,0.042
-0.030,0.043
-0.029,0.041
-0.028,0.040
-0.029,0.040
-0.029,0.038
-0.028,0.038
-0.029,0.038
-0.029,0.037
-0.028,0.039
-0.029,0.039
-0.029,0.039
-0.028,0.039
-0.028,0.039
-0.029,0.037
-0.027,0.038
-0.028,0.039
-0.028,0.039
-0.026,0.040
-0.028,0.041
-0.027,0.041
-0.025,0.044
-0.025,0.043
-0.026,0.043
-0.024,0.045
-0.025,0.044
-0.025,0.043
-0.024,0.044
-0.024,0.043
-0.024,0.042
-0.023,0.042
-0.024,0.041
-0.023,0.039
-0.024,0.039
-0.025,0.037
-0.026,0.036
-0.026,0.037
-0.027,0.036
-0.025,0.036
-0.024,0.037
-0.026,0.037
-0.024,0.036
-0.024,0.037
-0.025,0.036
-0.025,0.035
-0.023,0.034
-0.025,0.032
-0.024,0.031
-0.024,0.030
-0.024,0.030
-0.024,0.029
-0.023,0.030
-0.023,0.031
-0.023,0.030
-0.023,0.031
-0.025,0.031
-0.024,0.032
-0.025,0.032
-0.026,0.033
-0.025,0.034
-0.025,0.034
-0.025,0.033
-0.025,0.033
-0.025,0.033
-0.024,0.032
-0.024,0.033
-0.024,0.034
-0.024,0.033
-0.024,0.034
-0.025,0.033
-0.024,0.032
-0.024,0.033
-0.025,0.032
-0.025,0.031
-0.026,0.030
-0.025,0.029
-0.025,0.028
-0.024,0.028
-0.025,0.027
-0.024,0.028
-0.024,0.028
-0.026,0.029
-0.025,0.029
-0.026,0.029
-0.025,0.029
-0.027,0.028
-0.026,0.028
-0.026,0.028
-0.026,0.028
-0.027,0.029
-0.026,0.030
-0.027,0.031
-0.027,0.031
-0.027,0.031
-0.028,0.032
-0.029,0.032
-0.029,0.032
-0.031,0.032
-0.031,0.031
-0.031,0.031
-0.032,0.030
-0.032,0.029
-0.032,0.030
-0.034,0.029
-0.035,0.029
-0.036,0.030
-0.037,0.029
-0.037,0.028
-0.038,0.028
-0.039,0.026
-0.040,0.025
-0.041,0.024
-0.042,0.023
-0.042,0.024
-0.043,0.026
-0.042,0.024
-0.042,0.025
-0.043,0.025
-0.042,0.024
-0.043,0.025
-0.045,0.024
-0.045,0.022
-0.046,0.022
-0.048,0.021
-0.048,0.018
-0.048,0.018
-0.050,0.017
-0.050,0.015
-0.051,0.016
-0.051,0.017
-0.050,0.017
-0.052,0.018
-0.052,0.019
-0.051,0.019
-0.051,0.022
-0.052,0.021
-0.052,0.022
-0.052,0.023
-0.053,0.022
-0.051,0.021
-0.053,0.022
-0.052,0.022
-0.050,0.022
-0.052,0.023
-0.050,0.023
-0.049,0.023
-0.050,0.024
-0.049,0.024
-0.047,0.025
-0.048,0.026
-0.047,0.024
-0.046,0.024
-0.048,0.025
-0.045,0.023
-0.045,0.023
-0.046,0.023
-0.043,0.021
-0.042,0.022
-0.044,0.023
-0.042,0.022
-0.042,0.023
-0.043,0.023
-0.041,0.021
-0.042,0.021
-0.042,0.022
-0.040,0.021
-0.040,0.023
-0.040,0.023
-0.038,0.023
-0.037,0.024
-0.037,0.023
-0.034,0.023
-0.034,0.022
-0.033,0.022
-0.032,0.021
-0.032,0.021
-0.031,0.021
-0.029,0.022
-0.030,0.021
-0.029,0.021
-0.027,0.022
-0.028,0.020
-0.027,0.021
-0.026,0.020
-0.026,0.020
-0.025,0.019
-0.023,0.018
-0.022,0.019
-0.021,0.019
-0.020,0.018
-0.020,0.018
-0.020,0.019
-0.020,0.019
-0.022,0.020
-0.021,0.021
-0.022,0.020
-0.023,0.019
-0.023,0.018
-0.023,0.016
-0.023,0.014
-0.023,0.014
-0.022,0.013
-0.023,0.012
-0.021,0.012
-0.021,0.011
-0.022,0.011
-0.021,0.011
-0.020,0.011
-0.020,0.012
-0.019,0.011
-0.019,0.011
-0.020,0.010
-0.018,0.009
-0.019,0.008
-0.021,0.010
-0.020,0.011
-0.019,0.013
-0.021,0.014
-0.020,0.016
-0.019,0.017
-0.020,0.017
-0.019,0.017
-0.018,0.016
-0.019,0.016
-0.017,0.013
-0.017,0.011
-0.018,0.010
-0.018,0.010
-0.018,0.008
-0.019,0.009
-0.020,0.011
-0.019,0.010
-0.021,0.011
-0.021,0.011
-0.020,0.009
-0.021,0.009
-0.020,0.008
-0.020,0.006
-0.022,0.005
-0.023,0.006
-0.023,0.007
-0.024,0.009
-0.026,0.010
-0.027,0.009
-0.028,0.010
-0.027,0.009
-0.028,0.009
-0.029,0.009
-0.029,0.008
-0.029,0.007
-0.031,0.008
-0.031,0.007
-0.031,0.007
-0.033,0.008
-0.032,0.006
-0.033,0.007
-0.036,0.008
-0.035,0.005
-0.035,0.005
-0.037,0.005
-0.036,0.004
-0.037,0.003
-0.040,0.004
-0.038,0.001
-0.039,0.002
-0.041,0.002
-0.039,0.001
-0.041,0.003
-0.042,0.003
-0.041,0.003
-0.042,0.004
-0.042,0.004
-0.040,0.003
-0.041,0.004
-0.041,0.005
-0.039,0.004
-0.040,0.006
-0.040,0.004
-0.039,0.003
-0.042,0.004
-0.041,0.003
-0.039,0.004
-0.042,0.006
-0.040,0.005
-0.037,0.005
-0.039,0.006
-0.038,0.006
-0.037,0.006
-0.038,0.008
-0.037,0.007
-0.035,0.007
-0.036,0.008
-0.035,0.008
-0.034,0.007
-0.037,0.007
-0.034,0.006
-0.034,0.007
-0.035,0.008
-0.033,0.008
-0.032,0.009
-0.033,0.008
-0.032,0.007
-0.031,0.005
-0.033,0.005
-0.031,0.004
-0.030,0.005
-0.031,0.005
-0.030,0.005
-0.029,0.006
-0.029,0.006
-0.027,0.007
-0.027,0.007
-0.028,0.006
-0.024,0.005
-0.025,0.004
-0.025,0.003
-0.022,0.002
-0.023,-0.001
-0.024,-0.002
-0.023,-0.003
-0.023,-0.003
-0.024,-0.003
-0.021,-0.003
-0.021,-0.003
-0.021,-0.002
-0.018,-0.002
-0.019,-0.000
-0.019,0.001
-0.018,0.001
-0.018,0.002
-0.019,0.002
-0.016,0.002
-0.016,0.002
-0.016,0.004
-0.014,0.002
-0.014,0.003
-0.015,0.002
-0.012,0.000
-0.013,0.001
-0.014,0.001
-0.012,0.001
-0.012,0.001
-0.013,0.001
-0.011,0.000
-0.012,0.001
-0.011,0.000
-0.009,-0.001
-0.011,-0.002
-0.010,-0.003
-0.008,-0.004
-0.011,-0.005
-0.010,-0.006
-0.008,-0.006
-0.012,-0.007
-0.009,-0.009
-0.008,-0.008
-0.009,-0.009
-0.007,-0.010
-0.006,-0.008
-0.006,-0.007
-0.006,-0.006
-0.004,-0.005
-0.005,-0.005
-0.003,-0.003
-0.002,-0.002
-0.004,-0.003
-0.004,-0.003
-0.002,-0.003
-0.003,-0.004
-0.003,-0.005
-0.001,-0.006
-0.002,-0.006
-0.000,-0.006
0.001,-0.005
-0.002,-0.004
0.000,-0.003
0.000,-0.004
0.000,-0.006
-0.000,-0.008
0.002,-0.009
0.001,-0.011
0.002,-0.011
0.003,-0.011
0.001,-0.010
0.003,-0.008
0.002,-0.008
0.003,-0.008
0.003,-0.006
0.004,-0.006
0.004,-0.006
0.003,-0.005
0.003,-0.005
0.002,-0.004
0.002,-0.003
0.003,-0.004
0.003,-0.006
0.003,-0.006
0.004,-0.008
0.004,-0.008
0.004,-0.006
0.005,-0.006
0.004,-0.004
0.005,-0.003
0.006,-0.003
0.006,-0.002
0.006,-0.001
0.007,0.000
0.006,0.001
0.007,0.002
0.008,0.001
0.006,0.002
0.008,0.001
0.009,-0.001
0.007,-0.001
0.008,-0.002
0.010,-0.003
0.007,-0.003
0.009,-0.003
0.010,-0.003
0.009,-0.003
0.011,-0.003
0.011,-0.004
0.009,-0.002
0.012,-0.003
0.011,-0.005
0.010,-0.005
0.011,-0.006
0.012,-0.005
0.011,-0.005
0.012,-0.005
0.012,-0.004
0.012,-0.006
0.015,-0.007
0.013,-0.007
0.013,-0.009
0.016,-0.009
0.014,-0.007
0.013,-0.009
0.015,-0.007
0.013,-0.006
0.012,-0.007
0.015,-0.007
0.013,-0.007
0.013,-0.009
0.015,-0.009
0.013,-0.007
0.014,-0.007
0.016,-0.007
0.014,-0.007
0.014,-0.008
0.016,-0.008
0.014,-0.007
0.015,-0.007
0.018,-0.006
0.016,-0.004
0.018,-0.004
0.019,-0.002
0.018,-0.001
0.018,-0.001
0.021,-0.002
0.019,-0.003
0.020,-0.005
0.021,-0.006
0.018,-0.008
0.019,-0.009
0.021,-0.009
0.020,-0.010
0.021,-0.010
0.021,-0.009
0.021,-0.009
0.020,-0.010
0.021,-0.010
0.021,-0.012
0.022,-0.013
0.022,-0.012
0.021,-0.011
0.022,-0.010
0.024,-0.009
0.023,-0.008
0.024,-0.007
0.025,-0.006
0.023,-0.006
0.024,-0.005
0.025,-0.005
0.024,-0.004
0.025,-0.004
0.025,-0.003
0.024,-0.004
0.024,-0.004
0.026,-0.006
0.026,-0.007
0.027,-0.007
0.029,-0.006
0.028,-0.007
0.029,-0.006
0.029,-0.006
0.029,-0.005
0.029,-0.004
0.030,-0.005
0.028,-0.006
0.029,-0.005
0.029,-0.006
0.029,-0.007
0.030,-0.006
0.031,-0.007
0.032,-0.008
0.034,-0.007
0.033,-0.007
0.034,-0.007
0.036,-0.005
0.036,-0.004
0.036,-0.005
0.037,-0.003
0.037,-0.004
0.038,-0.005
0.039,-0.005
0.039,-0.006
0.039,-0.007
0.039,-0.007
0.040,-0.008
0.038,-0.009
0.039,-0.009
0.040,-0.009
0.039,-0.008
0.040,-0.008
0.041,-0.008
0.040,-0.008
0.040,-0.007
0.040,-0.007
0.039,-0.007
0.039,-0.005
0.040,-0.004
0.039,-0.003
0.040,-0.003
0.039,-0.003
0.038,-0.003
0.039,-0.004
0.039,-0.004
0.037,-0.005
0.040,-0.004
0.040,-0.005
0.038,-0.004
0.039,-0.005
0.039,-0.005
0.038,-0.004
0.039,-0.005
0.039,-0.004
0.039,-0.005
0.040,-0.005
0.038,-0.005
0.039,-0.006
0.040,-0.005
0.039,-0.005
0.040,-0.005
0.042,-0.004
0.041,-0.002
0.042,-0.003
0.044,-0.001
0.043,0.001
0.043,-0.001
0.045,0.000
0.043,0.001
0.044,-0.000
0.045,0.001
0.042,0.002
0.044,0.000
0.044,0.001
0.043,0.000
0.044,-0.002
0.044,-0.000
0.043,-0.000
0.045,-0.001
0.045,-0.000
0.045,-0.002
0.047,-0.002
0.047,-0.002
0.047,-0.003
0.049,-0.003
0.049,-0.001
0.049,-0.002
0.050,-0.002
0.049,-0.000
0.049,-0.003
0.051,-0.002
0.049,-0.003
0.050,-0.005
0.052,-0.005
0.051,-0.004
0.053,-0.006
0.053,-0.003
0.053,-0.000
0.055,-0.000
0.056,0.002
0.056,0.004
0.057,0.003
0.057,0.004
0.056,0.003
0.056,0.001
0.056,0.001
0.055,-0.000
0.056,-0.002
0.056,-0.001
0.056,-0.002
0.056,-0.001
0.055,-0.002
0.055,-0.003
0.056,-0.003
0.055,-0.003
0.055,-0.004
0.056,-0.005
0.056,-0.003
0.056,-0.004
0.057,-0.003
0.056,-0.002
0.057,-0.004
0.057,-0.005
0.056,-0.008
0.056,-0.008
0.057,-0.009
0.055,-0.008
0.056,-0.007
0.057,-0.006
0.058,-0.005
0.059,-0.003
0.060,-0.001
0.062,0.000
0.062,0.002
0.063,0.002
0.063,0.003
0.065,0.004
0.065,0.003
0.064,0.003
0.066,0.001
0.067,0.001
0.067,-0.001
0.068,-0.001
0.068,0.000
0.067,0.001
0.070,0.002
0.071,0.003
0.070,0.003
0.073,0.002
0.075,0.003
0.074,0.002
0.076,0.001
0.076,-0.000
0.077,-0.001
0.080,-0.002
0.080,-0.002
0.079,-0.002
0.082,0.000
0.080,0.001
0.082,-0.000
0.083,-0.000
0.084,-0.001
0.085,0.000
0.085,0.002
0.087,0.002
0.088,0.003
0.089,0.004
0.090,0.003
0.091,0.002
0.090,0.003
0.090,0.002
0.091,0.003
0.092,0.004
0.094,0.003
0.093,0.004
0.095,0.005
0.097,0.003
0.096,0.003
0.097,0.003
0.099,0.003
0.099,0.006
0.100,0.006
0.101,0.005
0.099,0.005
0.102,0.002
0.102,0.000
0.101,0.001
0.101,-0.002
0.102,-0.002
0.101,-0.001
0.101,-0.003
0.102,-0.002
0.102,0.000
0.104,-0.001
0.103,-0.001
0.102,-0.000
0.105,-0.002
0.106,-0.001
0.104,-0.002
0.105,-0.004
0.104,-0.003
0.104,-0.003
0.106,-0.004
0.104,-0.004
0.104,-0.002
0.106,-0.001
0.102,0.001
0.103,0.000
0.104,-0.001
0.103,-0.000
0.103,-0.001
0.105,-0.001
0.101,-0.001
0.101,-0.001
0.105,-0.001
0.103,-0.001
0.104,-0.002
0.105,-0.003
0.102,0.000
0.103,0.000
0.104,0.000
0.102,0.002
0.103,0.002
0.105,0.000
0.102,-0.000
0.102,-0.001
0.103,-0.001
0.101,-0.001
0.101,-0.000
0.101,-0.000
0.099,-0.001
0.100,-0.001
0.102,-0.001
0.098,-0.002
0.099,-0.001
0.101,0.001
0.098,0.002
0.099,0.004
0.098,0.003
0.098,0.004
0.099,0.006
0.099,0.006
0.096,0.006
0.098,0.007
0.099,0.007
0.097,0.007
0.099,0.006
0.099,0.005
0.097,0.005
0.098,0.004
0.098,0.004
0.097,0.004
0.097,0.004
0.096,0.005
0.095,0.005
0.095,0.005
0.095,0.006
0.094,0.007
0.096,0.006
0.097,0.007
0.094,0.007
0.096,0.007
0.096,0.006
0.095,0.006
0.096,0.006
0.097,0.007
0.096,0.008
0.097,0.007
0.096,0.007
0.095,0.007
0.098,0.006
0.098,0.008
0.097,0.007
0.100,0.008
0.099,0.008
0.101,0.008
0.103,0.008
0.101,0.009
0.103,0.010
0.105,0.010
0.103,0.012
0.103,0.010
0.107,0.012
0.104,0.011
0.105,0.008
0.107,0.009
0.104,0.008
0.107,0.007
0.109,0.006
0.107,0.007
0.107,0.006
0.109,0.008
0.106,0.010
0.108,0.010
0.110,0.013
0.108,0.013
0.111,0.012
0.112,0.012
0.111,0.010
0.112,0.010
0.113,0.010
0.112,0.010
0.113,0.011
0.114,0.011
0.112,0.010
0.113,0.011
0.114,0.012
0.113,0.011
0.114,0.013
0.115,0.013
0.115,0.012
0.115,0.013
0.117,0.013
0.116,0.012
0.115,0.015
0.117,0.015
0.115,0.015
0.115,0.017
0.115,0.017
0.115,0.017
0.115,0.018
0.117,0.018
0.117,0.017
0.117,0.017
0.117,0.015
0.116,0.014
0.117,0.014
0.116,0.013
0.115,0.013
0.115,0.012
0.116,0.011
0.115,0.010
0.115,0.009
0.116,0.008
0.115,0.009
0.115,0.009
0.115,0.010
0.113,0.012
0.114,0.012
0.114,0.012
0.113,0.013
0.114,0.014
0.114,0.015
0.113,0.017
0.114,0.019
0.114,0.020
0.114,0.021
0.115,0.021
0.114,0.020
0.113,0.019
0.114,0.017
0.114,0.017
0.112,0.015
0.114,0.014
0.112,0.015
0.111,0.013
0.112,0.014
0.112,0.015
0.111,0.015
0.113,0.017
0.113,0.019
0.112,0.020
0.114,0.021
0.112,0.023
0.111,0.022
0.113,0.022
0.111,0.021
0.109,0.019
0.111,0.019
0.109,0.020
0.108,0.019
0.109,0.021
0.108,0.022
0.107,0.022
0.109,0.023
0.107,0.023
0.108,0.022
0.110,0.022
0.108,0.023
0.108,0.021
0.111,0.021
0.110,0.021
0.109,0.020
0.113,0.021
0.111,0.023
0.111,0.023
0.113,0.023
0.111,0.024
0.112,0.025
0.113,0.025
0.111,0.025
0.109,0.024
0.111,0.023
0.109,0.021
0.109,0.020
0.110,0.020
0.108,0.020
0.108,0.021
0.109,0.022
0.107,0.023
0.107,0.024
0.108,0.026
0.106,0.026
0.107,0.028
0.108,0.030
0.107,0.031
0.107,0.032
0.107,0.033
0.105,0.033
0.105,0.032
0.105,0.033
0.104,0.030
0.106,0.029
0.107,0.027
0.106,0.025
0.109,0.025
0.110,0.025
0.109,0.025
0.109,0.026
0.111,0.028
0.111,0.027
0.111,0.026
0.111,0.026
0.110,0.025
0.111,0.026
0.111,0.026
0.111,0.027
0.111,0.028
0.111,0.028
0.111,0.028
0.112,0.028
0.113,0.028
0.113,0.028
0.114,0.029
0.114,0.028
0.114,0.028
0.115,0.030
0.115,0.032
0.115,0.034
0.117,0.037
0.117,0.037
0.118,0.037
0.118,0.038
0.120,0.037
0.121,0.036
0.123,0.037
0.123,0.036
0.124,0.036
0.126,0.037
0.125,0.036
0.126,0.037
0.126,0.039
0.127,0.039
0.127,0.039
0.129,0.038
0.129,0.038
0.130,0.038
0.132,0.039
0.132,0.038
0.132,0.039
0.134,0.040
0.134,0.041
0.133,0.041
0.134,0.041
0.135,0.041
0.134,0.041
0.135,0.041
0.135,0.041
0.134,0.041
0.135,0.041
0.136,0.041
0.136,0.040
0.137,0.040
0.137,0.039
0.136,0.039
0.138,0.039
0.138,0.039
0.136,0.038
0.138,0.038
0.137,0.038
0.137,0.037
0.138,0.036
0.136,0.035
0.136,0.034
0.137,0.034
0.135,0.033
0.135,0.032
0.136,0.032
0.135,0.034
0.135,0.034
0.136,0.037
0.134,0.040
0.134,0.041
0.135,0.044
0.132,0.045
0.132,0.045
0.132,0.047
0.130,0.048
0.130,0.047
0.129,0.048
0.129,0.046
0.129,0.044
0.128,0.044
0.127,0.041
0.127,0.040
0.125,0.041
0.124,0.041
0.125,0.041
0.123,0.042
0.123,0.041
0.123,0.041
0.121,0.043
0.121,0.041
0.122,0.041
0.119,0.042
0.119,0.041
0.120,0.041
0.117,0.043
0.118,0.042
0.117,0.043
0.114,0.045
0.114,0.044
0.113,0.045
0.113,0.046
0.112,0.044
0.113,0.043
0.112,0.043
0.112,0.042
0.112,0.044
0.111,0.045
0.112,0.046
0.111,0.048
0.111,0.050
0.111,0.050
0.111,0.050
0.109,0.050
0.109,0.050
0.109,0.050
0.108,0.050
0.108,0.050
0.107,0.051
0.107,0.052
0.107,0.051
0.106,0.053
0.106,0.053
0.107,0.053
0.106,0.054
0.106,0.053
0.107,0.053
0.106,0.055
0.106,0.055
0.106,0.055
0.104,0.058
0.106,0.057
0.107,0.057
0.106,0.057
0.107,0.056
0.109,0.056
0.107,0.056
0.108,0.056
0.108,0.058
0.106,0.059
0.107,0.058
0.106,0.058
0.105,0.058
0.107,0.055
0.108,0.055
0.106,0.055
0.109,0.054
0.109,0.056
0.107,0.056
0.110,0.057
0.110,0.058
0.109,0.060
0.111,0.060
0.110,0.061
0.110,0.062
0.111,0.062
0.112,0.062
0.112,0.062
0.114,0.062
0.114,0.060
0.114,0.060
0.114,0.060
0.114,0.059
0.115,0.058
0.115,0.058
0.115,0.058
0.115,0.059
0.115,0.061
0.114,0.060
0.114,0.060
0.115,0.059
0.114,0.057
0.114,0.056
0.114,0.055
0.114,0.054
0.114,0.053
0.114,0.053
0.114,0.054
0.114,0.056
0.115,0.057
0.114,0.058
0.114,0.060
0.114,0.061
0.113,0.061
0.112,0.062
0.112,0.062
0.112,0.060
0.112,0.062
0.111,0.061
0.111,0.060
0.110,0.062
0.110,0.062
0.110,0.063
0.110,0.066
0.111,0.066
0.111,0.067
0.109,0.069
0.110,0.069
0.109,0.069
0.109,0.069
0.108,0.067
0.108,0.067
0.107,0.067
0.107,0.066
0.107,0.066
0.106,0.066
0.106,0.066
0.104,0.066
0.103,0.066
0.104,0.065
0.101,0.065
0.101,0.064
0.102,0.066
0.101,0.067
0.101,0.066
0.101,0.066
0.098,0.066
0.099,0.065
0.098,0.064
0.096,0.064
0.096,0.064
0.097,0.065
0.094,0.067
0.095,0.067
0.095,0.068
0.094,0.068
0.094,0.068
0.095,0.068
0.094,0.070
0.095,0.071
0.095,0.071
0.092,0.072
0.093,0.073
0.093,0.073
0.091,0.074
0.092,0.073
0.092,0.071
0.090,0.071
0.090,0.069
0.089,0.068
0.087,0.068
0.088,0.067
0.088,0.067
0.086,0.068
0.088,0.069
0.088,0.070
0.086,0.071
0.088,0.071
0.088,0.072
0.085,0.073
0.087,0.073
0.087,0.075
0.084,0.079
0.086,0.078
0.086,0.080
0.083,0.080
0.085,0.079
0.083,0.079
0.081,0.078
0.083,0.076
0.081,0.075
0.079,0.074
0.081,0.073
0.079,0.074
0.077,0.074
0.080,0.075
0.078,0.076
0.077,0.076
0.080,0.077
0.079,0.079
0.078,0.080
0.080,0.080
0.078,0.081
0.079,0.079
0.080,0.078
0.077,0.078
0.078,0.076
0.080,0.076
0.077,0.075
0.078,0.075
0.080,0.076
0.077,0.076
0.077,0.075
0.079,0.076
0.076,0.077
0.077,0.077
0.077,0.079
0.075,0.079
0.076,0.078
0.077,0.079
0.074,0.078
0.077,0.076
0.077,0.076
0.074,0.075
0.076,0.074
0.076,0.073
0.075,0.072
0.075,0.072
0.076,0.073
0.075,0.075
0.077,0.076
0.077,0.077
0.076,0.077
0.078,0.078
0.077,0.078
0.076,0.076
0.076,0.076
0.076,0.075
0.075,0.074
0.076,0.074
0.075,0.072
0.075,0.073
0.076,0.075
0.075,0.075
0.075,0.076
0.075,0.078
0.074,0.078
0.074,0.076
0.074,0.078
0.074,0.078
0.072,0.077
0.073,0.077
0.073,0.077
0.073,0.078
0.074,0.078
0.073,0.078
0.073,0.078
0.073,0.078
0.073,0.077
0.071,0.078
0.072,0.078
0.072,0.076
0.070,0.078
0.072,0.078
0.072,0.077
0.071,0.078
0.071,0.077
0.071,0.075
0.069,0.076
0.071,0.075
0.071,0.075
0.069,0.076
0.070,0.076
0.070,0.076
0.067,0.078
0.068,0.077
0.067,0.077
0.065,0.078
0.066,0.075
0.065,0.073
0.063,0.073
0.065,0.072
0.063,0.072
0.061,0.073
0.062,0.072
0.062,0.074
0.060,0.075
0.062,0.074
0.062,0.072
0.061,0.072
0.064,0.070
0.062,0.069
0.062,0.068
0.063,0.068
0.062,0.069
0.060,0.069
0.060,0.070
0.058,0.071
0.058,0.071
0.060,0.070
0.058,0.070
0.058,0.069
0.060,0.068
0.057,0.070
0.057,0.071
0.058,0.071
0.056,0.073
0.057,0.072
0.059,0.073
0.055,0.074
0.057,0.074
0.058,0.074
0.056,0.075
0.056,0.076
0.057,0.076
0.055,0.076
0.055,0.075
0.057,0.074
0.055,0.073
0.055,0.070
0.057,0.067
0.055,0.068
0.055,0.066
0.055,0.066
0.052,0.066
0.052,0.066
0.053,0.067
0.050,0.067
0.051,0.068
0.052,0.069
0.050,0.070
0.052,0.070
0.053,0.070
0.051,0.069
0.053,0.069
0.053,0.069
0.051,0.068
0.053,0.069
0.053,0.068
0.050,0.068
0.052,0.068
0.051,0.068
0.049,0.067
0.051,0.067
0.050,0.067
0.049,0.066
0.050,0.067
0.049,0.068
0.048,0.068
0.050,0.068
0.050,0.066
0.048,0.065
0.049,0.066
0.049,0.066
0.046,0.066
0.048,0.067
0.047,0.068
0.045,0.067
0.047,0.068
0.046,0.069
0.045,0.070
0.047,0.070
0.046,0.069
0.045,0.068
0.046,0.067
0.047,0.067
0.046,0.067
0.046,0.068
0.046,0.069
0.045,0.069
0.046,0.069
0.044,0.069
0.044,0.069
0.045,0.069
0.044,0.067
0.044,0.068
0.046,0.069
0.047,0.070
0.046,0.070
0.048,0.070
0.047,0.070
0.047,0.069
0.048,0.068
0.046,0.068
0.045,0.067
0.045,0.068
0.044,0.067
0.043,0.067
0.045,0.068
0.045,0.067
0.044,0.068
0.046,0.067
0.045,0.068
0.045,0.068
0.045,0.069
0.045,0.069
0.044,0.069
0.046,0.069
0.044,0.068
0.044,0.067
0.045,0.066
0.044,0.066
0.044,0.066
0.046,0.067
0.045,0.068
0.044,0.068
0.045,0.069
0.043,0.070
0.042,0.071
0.044,0.069
0.041,0.068
0.041,0.068
0.043,0.065
0.042,0.063
0.040,0.061
0.043,0.060
0.041,0.059
0.039,0.059
0.040,0.060
0.038,0.062
0.038,0.063
0.039,0.064
0.037,0.065
0.037,0.065
0.039,0.064
0.036,0.064
0.036,0.062
0.037,0.061
0.035,0.060
0.034,0.060
0.036,0.059
0.033,0.061
0.033,0.061
0.035,0.060
0.032,0.062
0.032,0.061
0.034,0.062
0.032,0.062
0.033,0.062
0.033,0.064
0.031,0.064
0.032,0.063
0.030,0.064
0.030,0.063
0.031,0.063
0.030,0.064
0.029,0.062
0.031,0.062
0.031,0.062
0.030,0.059
0.032,0.060
0.031,0.062
0.031,0.062
0.031,0.063
0.030,0.067
0.030,0.066
0.030,0.067
0.028,0.068
0.028,0.067
0.029,0.068
0.029,0.069
0.029,0.069
0.029,0.070
0.030,0.071
0.030,0.070
0.030,0.070
0.029,0.069
0.029,0.067
0.029,0.068
0.028,0.067
0.027,0.067
0.026,0.068
0.026,0.069
0.026,0.069
0.025,0.069
0.024,0.068
0.024,0.065
0.024,0.066
0.023,0.064
0.023,0.063
0.021,0.064
0.021,0.063
0.021,0.062
0.020,0.062
0.018,0.062
0.018,0.061
0.019,0.063
0.017,0.062
0.017,0.062
0.017,0.064
0.017,0.062
0.017,0.061
0.015,0.059
0.016,0.058
0.015,0.056
0.012,0.055
0.011,0.055
0.010,0.055
0.008,0.057
0.007,0.056
0.005,0.056
0.002,0.057
0.003,0.057
0.003,0.057
0.000,0.057
0.000,0.054
-0.001,0.054
-0.002,0.055
-0.003,0.053
-0.005,0.054
-0.006,0.055
-0.004,0.054
-0.006,0.054
-0.008,0.053
-0.008,0.054
-0.008,0.054
-0.010,0.055
-0.009,0.053
-0.010,0.054
-0.011,0.054
-0.011,0.053
-0.012,0.053
-0.013,0.051
-0.014,0.052
-0.014,0.052
-0.013,0.053
-0.014,0.053
-0.016,0.055
-0.015,0.058
-0.015,0.058
-0.016,0.058
-0.016,0.058
-0.017,0.060
-0.016,0.057
-0.017,0.056
-0.018,0.056
-0.017,0.054
-0.017,0.055
-0.017,0.055
-0.020,0.054
-0.018,0.057
-0.019,0.059
-0.018,0.057
-0.018,0.058
-0.019,0.058
-0.019,0.058
-0.018,0.061
-0.019,0.059
-0.019,0.059
-0.018,0.059
-0.018,0.059
-0.018,0.059
-0.019,0.060
-0.019,0.060
-0.018,0.059
-0.018,0.060
-0.019,0.058
-0.018,0.058
-0.018,0.059
-0.018,0.058
-0.016,0.056
-0.018,0.057
-0.017,0.056
-0.015,0.056
-0.016,0.058
-0.015,0.056
-0.016,0.056
-0.015,0.056
-0.014,0.054
-0.014,0.052
-0.016,0.054
-0.014,0.053
-0.014,0.053
-0.015,0.054
-0.013,0.052
-0.014,0.055
-0.013,0.054
-0.012,0.054
-0.013,0.058
-0.011,0.059
-0.011,0.059
-0.012,0.061
-0.014,0.060
-0.011,0.060
-0.013,0.062
-0.012,0.059
-0.009,0.059
-0.012,0.060
-0.010,0.058
-0.009,0.057
-0.010,0.057
-0.010,0.055
-0.008,0.054
-0.011,0.056
-0.010,0.054
-0.010,0.054
-0.013,0.056
-0.010,0.055
-0.011,0.056
-0.013,0.056
-0.012,0.056
-0.012,0.055
-0.013,0.054
-0.012,0.052
-0.013,0.050
-0.014,0.050
-0.011,0.050
-0.013,0.050
-0.014,0.050
-0.013,0.051
-0.012,0.052
-0.013,0.053
-0.011,0.054
-0.012,0.054
-0.013,0.055
-0.011,0.054
-0.012,0.051
-0.012,0.050
-0.010,0.049
-0.010,0.050
-0.012,0.049
-0.012,0.049
-0.012,0.051
-0.015,0.051
-0.013,0.050
-0.016,0.051
-0.017,0.050
-0.016,0.049
-0.017,0.049
-0.018,0.049
-0.019,0.047
-0.019,0.047
-0.020,0.046
-0.018,0.046
-0.020,0.047
-0.021,0.048
-0.019,0.047
-0.022,0.047
-0.022,0.047
-0.021,0.047
-0.022,0.047
-0.024,0.046
-0.023,0.045
-0.026,0.046
-0.024,0.044
-0.024,0.045
-0.028,0.044
-0.026,0.043
-0.026,0.042
-0.029,0.042
-0.028,0.041
-0.027,0.044
-0.030,0.043
-0.029,0.044
-0.030,0.045
-0.033,0.045
-0.031,0.044
-0.032,0.044
-0.033,0.044
-0.031,0.043
-0.031,0.043
-0.033,0.042
-0.032,0.041
-0.032,0.040
-0.034,0.039
-0.032,0.039
-0.032,0.039
-0.033,0.039
-0.032,0.041
-0.033,0.041
-0.034,0.041
-0.034,0.041
-0.034,0.040
-0.036,0.038
-0.035,0.037
-0.034,0.037
-0.034,0.037
-0.032,0.038
-0.033,0.040
-0.032,0.040
-0.031,0.042
-0.031,0.042
-0.031,0.041
-0.029,0.042
-0.029,0.041
-0.029,0.041
-0.028,0.041
-0.029,0.040
-0.029,0.039
-0.029,0.039
-0.030,0.038
-0.030,0.037
-0.030,0.037
-0.029,0.037
-0.030,0.036
-0.029,0.037
-0.029,0.036
-0.029,0.037
-0.028,0.036
-0.028,0.037
-0.029,0.037
-0.029,0.038
-0.027,0.037
-0.029,0.039
-0.027,0.039
-0.028,0.037
-0.029,0.039
-0.028,0.039
-0.028,0.038
-0.028,0.039
-0.027,0.037
-0.026,0.036
-0.026,0.038
-0.025,0.036
-0.024,0.035
-0.025,0.036
-0.024,0.034
-0.025,0.034
-0.027,0.034
-0.024,0.033
-0.024,0.034
-0.026,0.035
-0.024,0.035
-0.023,0.036
-0.025,0.037
-0.023,0.037
-0.024,0.038
-0.025,0.040
-0.023,0.038
-0.023,0.038
-0.025,0.038
-0.023,0.037
-0.024,0.038
-0.025,0.039
-0.023,0.038
-0.025,0.038
-0.025,0.036
-0.024,0.036
-0.025,0.037
-0.025,0.037
-0.023,0.037
-0.026,0.039
-0.025,0.037
-0.022,0.037
-0.025,0.037
-0.025,0.036
-0.022,0.035
-0.025,0.035
-0.024,0.033
-0.022,0.034
-0.024,0.035
-0.024,0.033
-0.021,0.033
-0.024,0.032
-0.024,0.029
-0.022,0.030
-0.026,0.030
-0.025,0.029
-0.024,0.031
-0.026,0.031
-0.025,0.030
-0.023,0.030
-0.024,0.032
-0.024,0.031
-0.022,0.030
-0.025,0.030
-0.023,0.028
-0.023,0.028
-0.025,0.028
-0.025,0.028
-0.024,0.029
-0.027,0.029
-0.026,0.030
-0.026,0.031
-0.029,0.032
-0.028,0.033
-0.029,0.034
-0.030,0.034
-0.029,0.034
-0.030,0.035
-0.032,0.034
-0.032,0.034
-0.033,0.033
-0.034,0.032
-0.033,0.031
-0.034,0.030
-0.034,0.030
-0.034,0.029
-0.035,0.029
-0.036,0.028
-0.035,0.029
-0.037,0.030
-0.038,0.031
-0.038,0.033
-0.039,0.033
-0.041,0.032
-0.041,0.032
-0.042,0.032
-0.043,0.032
-0.043,0.032
-0.043,0.031
-0.045,0.031
-0.044,0.030
-0.045,0.029
-0.047,0.029
-0.046,0.030
-0.046,0.029
-0.048,0.029
-0.046,0.029
-0.047,0.028
-0.047,0.026
-0.047,0.027
-0.047,0.027
-0.048,0.028
-0.047,0.028
-0.048,0.029
-0.048,0.029
-0.047,0.029
-0.049,0.028
-0.048,0.026
-0.047,0.025
-0.048,0.023
-0.049,0.022
-0.046,0.021
-0.048,0.021
-0.048,0.021
-0.046,0.023
-0.048,0.026
-0.048,0.028
-0.046,0.029
-0.047,0.028
-0.047,0.028
-0.045,0.027
-0.044,0.026
-0.044,0.026
-0.042,0.025
-0.043,0.026
-0.043,0.027
-0.041,0.027
-0.041,0.026
-0.041,0.026
-0.039,0.024
-0.040,0.023
-0.040,0.023
-0.037,0.022
-0.036,0.022
-0.036,0.023
-0.033,0.022
-0.033,0.023
-0.034,0.024
-0.032,0.025
-0.033,0.026
-0.033,0.027
-0.030,0.026
-0.032,0.026
-0.031,0.027
-0.028,0.024
-0.029,0.024
-0.029,0.024
-0.026,0.023
-0.028,0.025
-0.027,0.024
-0.024,0.024
-0.027,0.025
-0.024,0.024
-0.023,0.023
-0.025,0.024
-0.023,0.024
-0.022,0.023
-0.024,0.023
-0.024,0.022
-0.022,0.022
-0.023,0.021
-0.022,0.021
-0.020,0.022
-0.022,0.023
-0.020,0.023
-0.020,0.024
-0.021,0.023
-0.018,0.023
-0.018,0.024
-0.019,0.022
-0.018,0.021
-0.018,0.021
-0.020,0.020
-0.018,0.019
-0.019,0.018
-0.020,0.017
-0.018,0.016
-0.019,0.016
-0.019,0.014
-0.018,0.013
-0.019,0.012
-0.020,0.011
-0.017,0.011
-0.020,0.011
-0.020,0.010
-0.018,0.012
-0.020,0.013
-0.019,0.012
-0.019,0.014
-0.021,0.015
-0.020,0.015
-0.019,0.017
-0.020,0.017
-0.020,0.018
-0.020,0.018
-0.021,0.016
-0.020,0.014
-0.020,0.013
-0.020,0.011
-0.020,0.010
-0.020,0.011
-0.021,0.011
-0.022,0.011
-0.023,0.011
-0.024,0.010
-0.025,0.008
-0.024,0.007
-0.025,0.006
-0.024,0.007
-0.025,0.008
-0.025,0.008
-0.026,0.008
-0.025,0.008
-0.026,0.007
-0.026,0.006
-0.026,0.007
-0.028,0.007
-0.029,0.007
-0.029,0.009
-0.031,0.007
-0.033,0.006
-0.033,0.006
-0.035,0.005
-0.036,0.004
-0.034,0.006
-0.036,0.006
-0.036,0.007
-0.036,0.007
-0.037,0.006
-0.037,0.005
-0.038,0.004
-0.039,0.003
-0.039,0.004
-0.038,0.003
-0.039,0.003
-0.039,0.003
-0.039,0.004
-0.039,0.003
-0.038,0.003
-0.039,0.003
-0.038,0.003
-0.038,0.003
-0.038,0.003
-0.038,0.003
-0.038,0.004
-0.037,0.004
-0.037,0.003
-0.037,0.004
-0.037,0.004
-0.037,0.004
-0.037,0.005
-0.036,0.006
-0.037,0.006
-0.036,0.008
-0.035,0.008
-0.035,0.009
-0.034,0.008
-0.033,0.008
-0.034,0.008
-0.034,0.007
-0.033,0.009
-0.033,0.009
-0.032,0.009
-0.032,0.009
-0.032,0.010
-0.032,0.009
-0.031,0.009
-0.032,0.009
-0.031,0.008
-0.031,0.009
-0.031,0.007
-0.030,0.007
-0.029,0.008
-0.029,0.007
-0.028,0.006
-0.028,0.006
-0.028,0.005
-0.026,0.004
-0.026,0.005
-0.027,0.004
-0.026,0.006
-0.026,0.006
-0.026,0.005
-0.024,0.004
-0.024,0.004
-0.022,0.003
-0.022,0.003
-0.022,0.004
-0.021,0.003
-0.020,0.003
-0.020,0.005
-0.021,0.004
-0.019,0.004
-0.020,0.005
-0.019,0.002
-0.019,0.003
-0.020,0.004
-0.018,0.003
-0.019,0.005
-0.019,0.005
-0.018,0.003
-0.016,0.005
-0.017,0.005
-0.016,0.004
-0.015,0.006
-0.016,0.007
-0.015,0.005
-0.014,0.007
-0.013,0.005
-0.012,0.004
-0.011,0.005
-0.012,0.004
-0.011,0.004
-0.012,0.004
-0.013,0.005
-0.012,0.005
-0.013,0.006
-0.012,0.003
-0.011,0.002
-0.011,0.004
-0.009,0.002
-0.009,0.004
-0.010,0.006
-0.010,0.006
-0.008,0.007
-0.009,0.008
-0.009,0.005
-0.007,0.004
-0.009,0.004
-0.007,0.002
-0.005,0.002
-0.007,0.002
-0.006,0.000
-0.005,0.002
-0.006,0.002
-0.004,0.001
-0.003,0.000
-0.004,0.000
-0.003,-0.002
-0.003,-0.003
-0.002,-0.003
-0.001,-0.006
-0.001,-0.004
-0.000,-0.002
0.001,-0.002
0.001,-0.001
0.000,-0.001
0.001,-0.001
0.001,-0.002
0.002,-0.002
0.002,-0.003
0.002,-0.003
0.003,-0.003
0.003,-0.003
0.003,-0.002
0.003,-0.002
0.004,-0.001
0.003,0.000
0.004,0.000
0.005,-0.001
0.004,-0.001
0.005,-0.002
0.005,-0.002
0.004,-0.003
0.004,-0.003
0.005,-0.003
0.003,-0.003
0.003,-0.003
0.004,-0.001
0.003,-0.001
0.004,-0.001
0.003,-0.002
0.003,-0.001
0.004,-0.000
0.005,0.000
0.004,0.001
0.004,0.001
0.005,0.002
0.004,0.002
0.005,0.003
0.005,0.002
0.007,0.003
0.006,0.003
0.007,0.003
0.008,0.004
0.009,0.005
0.009,0.005
0.009,0.004
0.010,0.004
0.010,0.003
0.010,0.002
0.011,0.002
0.012,0.002
0.012,0.001
0.012,0.001
0.013,0.001
0.012,0.001
0.015,0.000
0.015,0.000
0.013,0.001
0.015,0.000
0.015,0.001
0.014,0.001
0.014,0.000
0.015,0.000
0.013,0.000
0.015,-0.001
0.016,-0.000
0.016,0.001
0.018,0.001
0.017,0.002
0.016,0.003
0.017,0.004
0.017,0.004
0.016,0.005
0.017,0.005
0.017,0.003
0.017,0.003
0.018,0.003
0.019,0.002
0.019,0.004
0.019,0.003
0.020,0.003
0.020,0.003
0.021,0.002
0.022,0.000
0.022,0.001
0.022,0.001
0.022,0.001
0.022,0.003
0.022,0.003
0.022,0.002
0.020,0.002
0.020,0.000
0.021,-0.003
0.019,-0.004
0.020,-0.006
0.021,-0.007
0.021,-0.005
0.022,-0.006
0.023,-0.005
0.022,-0.003
0.024,-0.005
0.025,-0.005
0.024,-0.003
0.026,-0.005
0.027,-0.005
0.026,-0.004
0.028,-0.006
0.027,-0.007
0.025,-0.008
0.026,-0.010
0.027,-0.009
0.025,-0.009
0.027,-0.010
0.027,-0.009
0.026,-0.008
0.028,-0.009
0.027,-0.008
0.028,-0.008
0.030,-0.009
0.029,-0.008
0.029,-0.008
0.031,-0.008
0.030,-0.009
0.031,-0.010
0.033,-0.011
0.032,-0.009
0.033,-0.010
0.035,-0.011
0.033,-0.010
0.034,-0.010
0.036,-0.009
0.034,-0.008
0.035,-0.008
0.036,-0.007
0.035,-0.006
0.036,-0.007
0.037,-0.007
0.035,-0.006
0.037,-0.007
0.037,-0.008
0.036,-0.008
0.038,-0.009
0.038,-0.009
0.037,-0.009
0.038,-0.009
0.039,-0.009
0.037,-0.008
0.038,-0.007
0.038,-0.007
0.037,-0.006
0.038,-0.006
0.038,-0.005
0.036,-0.004
0.039,-0.004
0.038,-0.005
0.037,-0.006
0.040,-0.006
0.039,-0.005
0.038,-0.005
0.041,-0.005
0.040,-0.002
0.039,-0.002
0.041,-0.001
0.040,0.000
0.039,0.001
0.041,0.001
0.040,0.002
0.038,0.002
0.041,0.000
0.041,-0.000
0.039,-0.001
0.042,-0.001
0.041,-0.001
0.041,-0.001
0.043,-0.001
0.041,-0.001
0.041,-0.001
0.043,-0.002
0.041,-0.003
0.041,-0.004
0.043,-0.005
0.042,-0.007
0.042,-0.008
0.044,-0.008
0.042,-0.009
0.041,-0.009
0.042,-0.007
0.040,-0.006
0.042,-0.005
0.044,-0.003
0.042,-0.003
0.044,-0.003
0.046,-0.001
0.045,-0.001
0.047,-0.001
0.049,-0.000
0.046,-0.000
0.049,-0.002
0.049,-0.003
0.047,-0.004
0.049,-0.006
0.050,-0.006
0.048,-0.007
0.049,-0.007
0.050,-0.006
0.049,-0.005
0.050,-0.004
0.051,-0.003
0.050,-0.003
0.051,-0.002
0.052,-0.001
0.052,-0.002
0.053,-0.001
0.054,-0.002
0.054,-0.003
0.055,-0.002
0.055,-0.004
0.054,-0.004
0.054,-0.004
0.054,-0.005
0.053,-0.005
0.053,-0.005
0.054,-0.004
0.053,-0.005
0.054,-0.004
0.055,-0.005
0.054,-0.005
0.054,-0.003
0.055,-0.004
0.055,-0.003
0.055,-0.003
0.057,-0.003
0.055,-0.003
0.056,-0.003
0.056,-0.003
0.055,-0.001
0.057,-0.002
0.057,-0.002
0.056,0.000
0.059,-0.001
0.059,-0.001
0.058,-0.002
0.060,-0.002
0.062,-0.001
0.061,-0.001
0.062,0.002
0.062,0.003
0.060,0.004
0.062,0.006
0.060,0.007
0.061,0.008
0.062,0.008
0.062,0.007
0.062,0.003
0.064,0.003
0.064,0.001
0.063,-0.000
0.066,0.000
0.064,0.000
0.065,-0.001
0.067,-0.001
0.067,-0.000
0.067,-0.001
0.071,0.001
0.070,0.002
0.069,0.003
0.073,0.004
0.073,0.005
0.073,0.005
0.075,0.004
0.075,0.004
0.076,0.002
0.079,0.002
0.078,0.001
0.079,-0.001
0.081,0.000
0.081,-0.001
0.081,-0.001
0.084,-0.001
0.085,0.000
0.085,0.001
0.087,0.003
0.086,0.004
0.086,0.003
0.088,0.004
0.087,0.005
0.089,0.005
0.090,0.005
0.089,0.006
0.090,0.005
0.093,0.005
0.092,0.006
0.093,0.004
0.094,0.006
0.093,0.004
0.094,0.003
0.094,0.002
0.094,0.002
0.095,0.002
0.095,0.003
0.094,0.004
0.094,0.003
0.095,0.006
0.096,0.005
0.097,0.006
0.096,0.007
0.097,0.005
0.099,0.006
0.098,0.004
0.100,0.001
0.101,0.001
0.101,0.003
0.101,0.001
0.101,0.003
0.102,0.003
0.103,0.001
0.104,0.004
0.104,0.004
0.101,0.005
0.103,0.006
0.102,0.005
0.103,0.001
0.104,0.002
0.102,0.002
0.103,0.002
0.102,0.003
0.102,0.002
0.102,0.003
0.103,0.004
0.104,0.004
0.103,0.004
0.102,0.004
0.102,0.004
0.104,0.003
0.102,0.004
0.102,0.004
0.101,0.003
0.101,0.003
0.102,0.004
0.101,0.004
0.102,0.004
0.102,0.004
0.101,0.003
0.101,0.004
0.101,0.002
0.101,0.000
0.102,0.000
0.101,-0.001
0.100,-0.001
0.099,-0.001
0.099,0.000
0.098,-0.001
0.098,-0.001
0.099,-0.001
0.099,-0.002
0.097,-0.001
0.099,-0.002
0.098,-0.001
0.098,0.000
0.099,0.001
0.099,0.002
0.096,0.004
0.098,0.004
0.098,0.005
0.097,0.006
0.099,0.005
0.097,0.006
0.096,0.006
0.096,0.004
0.096,0.004
0.093,0.003
0.095,0.003
0.097,0.003
0.093,0.004
0.093,0.004
0.094,0.005
0.095,0.005
0.095,0.006
0.095,0.008
0.094,0.010
0.095,0.011
0.096,0.010
0.094,0.009
0.096,0.009
0.097,0.009
0.096,0.010
0.096,0.011
0.096,0.010
0.097,0.012
0.098,0.012
0.099,0.012
0.098,0.015
0.099,0.014
0.100,0.014
0.100,0.015
0.101,0.014
0.101,0.013
0.101,0.014
0.101,0.013
0.103,0.011
0.104,0.013
0.104,0.013
0.105,0.014
0.106,0.017
0.105,0.019
0.105,0.021
0.104,0.024
0.106,0.024
0.107,0.023
0.106,0.024
0.107,0.022
0.107,0.020
0.107,0.020
0.108,0.017
0.109,0.017
0.110,0.019
0.110,0.017
0.111,0.019
0.111,0.020
0.112,0.020
0.112,0.020
0.112,0.021
0.113,0.020
0.113,0.019
0.113,0.020
0.114,0.019
0.113,0.020
0.113,0.021
0.114,0.020
0.114,0.019
0.114,0.019
0.114,0.017
0.114,0.017
0.114,0.019
0.116,0.017
0.116,0.018
0.115,0.019
0.116,0.019
0.116,0.020
0.115,0.020
0.117,0.020
0.116,0.020
0.117,0.021
0.119,0.020
0.118,0.020
0.118,0.020
0.119,0.018
0.117,0.018
0.117,0.017
0.119,0.017
0.117,0.018
0.117,0.019
0.117,0.020
0.116,0.023
0.116,0.022
0.116,0.022
0.114,0.022
0.115,0.021
0.117,0.022
0.115,0.022
0.116,0.021
0.117,0.023
0.114,0.023
0.116,0.022
0.116,0.023
0.114,0.023
0.116,0.021
0.115,0.022
0.114,0.022
0.115,0.022
0.115,0.024
0.114,0.025
0.115,0.026
0.115,0.027
0.114,0.027
0.115,0.025
0.115,0.026
0.114,0.025
0.115,0.025
0.115,0.026
0.113,0.025
0.114,0.026
0.114,0.026
0.112,0.027
0.112,0.028
0.111,0.029
0.111,0.029
0.112,0.029
0.112,0.029
0.113,0.028
0.114,0.028
0.114,0.027
0.113,0.028
0.114,0.030
0.114,0.030
0.112,0.031
0.113,0.033
0.113,0.033
0.113,0.032
0.113,0.032
0.113,0.030
0.113,0.029
0.114,0.030
0.113,0.028
0.113,0.029
0.113,0.029
0.113,0.029
0.113,0.030
0.113,0.030
0.114,0.029
0.112,0.030
0.114,0.029
0.113,0.028
0.112,0.030
0.114,0.031
0.114,0.031
0.114,0.033
0.114,0.033
0.114,0.032
0.112,0.033
0.113,0.032
0.113,0.031
0.112,0.032
0.113,0.030
0.111,0.030
0.110,0.031
0.110,0.030
0.109,0.029
0.108,0.029
0.109,0.028
0.108,0.028
0.107,0.029
0.109,0.029
0.108,0.030
0.107,0.029
0.109,0.030
0.109,0.031
0.109,0.030
0.111,0.029
0.110,0.029
0.110,0.029
0.112,0.028
0.109,0.028
0.109,0.027
0.110,0.026
0.109,0.026
0.109,0.026
0.111,0.026
0.110,0.026
0.110,0.027
0.112,0.027
0.111,0.028
0.112,0.029
0.114,0.029
0.114,0.031
0.115,0.032
0.117,0.032
0.116,0.033
0.116,0.034
0.118,0.035
0.117,0.036
0.119,0.036
0.120,0.036
0.119,0.037
0.120,0.038
0.121,0.038
0.120,0.038
0.122,0.039
0.124,0.040
0.122,0.040
0.125,0.039
0.125,0.038
0.124,0.038
0.126,0.037
0.126,0.037
0.126,0.039
0.128,0.038
0.128,0.039
0.127,0.039
0.130,0.039
0.131,0.039
0.129,0.039
0.132,0.038
0.131,0.039
0.129,0.038
0.130,0.037
0.130,0.039
0.128,0.039
0.131,0.039
0.130,0.040
0.129,0.041
0.133,0.041
0.132,0.042
0.131,0.041
0.133,0.040
0.131,0.039
0.131,0.037
0.132,0.037
0.131,0.038
0.131,0.036
0.134,0.039
0.132,0.041
0.132,0.040
0.134,0.042
0.132,0.043
0.134,0.041
0.135,0.042
0.133,0.040
0.132,0.038
0.135,0.038
0.132,0.036
0.132,0.036
0.133,0.038
0.130,0.039
0.130,0.040
0.130,0.040
0.128,0.039
0.127,0.038
0.128,0.037
0.127,0.036
0.127,0.035
0.128,0.035
0.127,0.034
0.128,0.036
0.128,0.037
0.127,0.037
0.126,0.038
0.126,0.039
0.124,0.040
0.123,0.041
0.123,0.040
0.121,0.039
0.121,0.039
0.121,0.037
0.120,0.036
0.119,0.036
0.119,0.036
0.117,0.036
0.116,0.037
0.117,0.039
0.115,0.040
0.115,0.041
0.115,0.041
0.114,0.042
0.114,0.042
0.114,0.042
0.112,0.041
0.112,0.042
0.112,0.043
0.111,0.043
0.111,0.046
0.110,0.047
0.110,0.048
0.111,0.050
0.109,0.050
0.109,0.050
0.108,0.050
0.107,0.049
0.106,0.049
0.107,0.050
0.106,0.050
0.105,0.051
0.106,0.053
0.106,0.052
0.108,0.053
0.108,0.053
0.107,0.053
0.107,0.053
0.108,0.055
0.108,0.055
0.107,0.054
0.109,0.056
0.108,0.056
0.109,0.055
0.110,0.056
0.108,0.056
0.108,0.055
0.108,0.056
0.108,0.057
0.107,0.058
0.110,0.059
0.108,0.060
0.108,0.061
0.111,0.062
0.110,0.062
0.110,0.060
0.112,0.058
0.111,0.057
0.111,0.055
0.113,0.055
0.111,0.055
0.110,0.054
0.112,0.055
0.110,0.057
0.111,0.057
0.114,0.058
0.112,0.059
0.111,0.059
0.114,0.061
0.113,0.062
0.113,0.062
0.116,0.062
0.115,0.062
0.115,0.062
0.117,0.062
0.116,0.062
0.116,0.062
0.117,0.063
0.116,0.063
0.116,0.062
0.118,0.062
0.117,0.063
0.117,0.063
0.118,0.065
0.115,0.066
0.116,0.066
0.117,0.067
0.114,0.067
0.114,0.065
0.116,0.064
0.114,0.064
0.115,0.062
0.115,0.063
0.114,0.063
0.114,0.062
0.114,0.063
0.114,0.064
0.113,0.064
0.113,0.066
0.111,0.065
0.112,0.066
0.111,0.067
0.109,0.065
0.111,0.066
0.110,0.066
0.109,0.065
0.110,0.066
0.108,0.067
0.108,0.065
0.107,0.067
0.106,0.068
0.106,0.068
0.107,0.069
0.105,0.068
0.106,0.065
0.106,0.066
0.105,0.064
0.105,0.062
0.105,0.062
0.103,0.062
0.103,0.061
0.103,0.062
0.102,0.061
0.101,0.061
0.101,0.062
0.100,0.061
0.100,0.062
0.099,0.062
0.099,0.060
0.098,0.060
0.096,0.060
0.097,0.060
0.097,0.061
0.095,0.062
0.096,0.062
0.096,0.064
0.096,0.065
0.095,0.065
0.096,0.065
0.095,0.066
0.096,0.065
0.096,0.066
0.097,0.065
0.096,0.064
0.096,0.063
0.095,0.063
0.095,0.063
0.093,0.063
0.093,0.064
0.092,0.064
0.092,0.064
0.092,0.063
0.090,0.064
0.091,0.064
0.090,0.064
0.090,0.063
0.089,0.064
0.089,0.063
0.089,0.064
0.088,0.064
0.087,0.065
0.086,0.067
0.084,0.067
0.084,0.067
0.083,0.067
0.083,0.067
0.083,0.068
0.083,0.068
0.082,0.068
0.082,0.070
0.082,0.069
0.081,0.069
0.080,0.070
0.080,0.069
0.080,0.069
0.080,0.070
0.079,0.070
0.079,0.070
0.078,0.070
0.077,0.069
0.077,0.070
0.077,0.071
0.076,0.071
0.076,0.072
0.076,0.075
0.075,0.075
0.075,0.075
0.075,0.076
0.075,0.076
0.076,0.075
0.075,0.076
0.075,0.075
0.076,0.075
0.076,0.076
0.075,0.076
0.076,0.076
0.076,0.076
0.075,0.075
0.075,0.073
0.075,0.074
0.075,0.072
0.075,0.072
0.075,0.074
0.075,0.073
0.076,0.074
0.076,0.075
0.076,0.075
0.076,0.075
0.075,0.077
0.076,0.075
0.076,0.075
0.075,0.075
0.075,0.073
0.075,0.072
0.074,0.073
0.074,0.071
0.075,0.072
0.074,0.073
0.075,0.072
0.075,0.073
0.076,0.074
0.076,0.073
0.076,0.074
0.075,0.074
0.076,0.073
0.075,0.075
0.073,0.075
0.075,0.073
0.073,0.074
0.073,0.073
0.073,0.072
0.073,0.075
0.073,0.075
0.074,0.077
0.073,0.081
0.073,0.081
0.074,0.081
0.071,0.083
0.072,0.080
0.072,0.079
0.068,0.079
0.071,0.076
0.070,0.077
0.068,0.078
0.069,0.075
0.070,0.075
0.068,0.075
0.069,0.074
0.070,0.075
0.066,0.075
0.068,0.073
0.067,0.073
0.066,0.073
0.067,0.072
0.065,0.072
0.065,0.072
0.066,0.072
0.066,0.072
0.065,0.073
0.066,0.074
0.065,0.075
0.064,0.074
0.065,0.073
0.065,0.074
0.064,0.074
0.064,0.074
0.064,0.073
0.063,0.073
0.064,0.073
0.063,0.073
0.063,0.074
0.064,0.074
0.063,0.074
0.063,0.074
0.063,0.075
0.062,0.076
0.062,0.076
0.062,0.077
0.061,0.078
0.060,0.079
0.060,0.078
0.058,0.079
0.059,0.080
0.059,0.080
0.058,0.079
0.059,0.078
0.060,0.077
0.060,0.076
0.061,0.075
0.061,0.075
0.061,0.075
0.062,0.076
0.062,0.075
0.062,0.074
0.062,0.075
0.062,0.074
0.062,0.074
0.060,0.075
0.060,0.075
0.059,0.075
0.060,0.075
0.058,0.072
0.059,0.071
0.060,0.072
0.060,0.071
0.060,0.071
0.059,0.071
0.060,0.072
0.060,0.072
0.060,0.073
0.059,0.073
0.060,0.075
0.059,0.077
0.058,0.077
0.058,0.078
0.057,0.078
0.056,0.077
0.056,0.075
0.055,0.075
0.055,0.073
0.054,0.073
0.053,0.073
0.052,0.072
0.052,0.073
0.052,0.075
0.053,0.075
0.052,0.076
0.053,0.077
0.054,0.076
0.051,0.078
0.051,0.077
0.051,0.077
0.050,0.077
0.051,0.076
0.051,0.074
0.049,0.073
0.050,0.071
0.050,0.068
0.047,0.068
0.048,0.067
0.047,0.067
0.046,0.069
0.046,0.069
0.046,0.070
0.045,0.071
0.045,0.070
0.045,0.070
0.043,0.071
0.044,0.069
0.043,0.068
0.043,0.069
0.043,0.068
0.044,0.068
0.043,0.069
0.043,0.068
0.044,0.067
0.043,0.067
0.045,0.066
0.045,0.066
0.044,0.067
0.046,0.066
0.046,0.066
0.044,0.067
0.044,0.067
0.045,0.066
0.044,0.066
0.043,0.065
0.044,0.065
0.043,0.066
0.045,0.065
0.044,0.065
0.043,0.065
0.045,0.064
0.045,0.065
0.044,0.065
0.045,0.065
0.046,0.065
0.045,0.065
0.046,0.066
0.046,0.066
0.045,0.066
0.046,0.065
0.045,0.066
0.044,0.066
0.045,0.066
0.045,0.067
0.043,0.069
0.045,0.068
0.044,0.068
0.043,0.067
0.044,0.064
0.043,0.065
0.042,0.064
0.043,0.063
0.043,0.064
0.042,0.063
0.043,0.061
0.041,0.061
0.041,0.061
0.042,0.060
0.040,0.062
0.040,0.062
0.041,0.063
0.038,0.064
0.038,0.064
0.039,0.064
0.037,0.064
0.038,0.062
0.039,0.061
0.036,0.061
0.038,0.060
0.038,0.062
0.036,0.062
0.037,0.061
0.037,0.062
0.035,0.062
0.036,0.062
0.035,0.062
0.032,0.062
0.034,0.061
0.034,0.061
0.032,0.060
0.034,0.058
0.034,0.059
0.034,0.057
0.034,0.057
0.034,0.058
0.035,0.058
0.035,0.060
0.035,0.061
0.034,0.062
0.035,0.063
0.034,0.063
0.033,0.062
0.033,0.064
0.032,0.064
0.032,0.063
0.033,0.064
0.032,0.063
0.032,0.062
0.033,0.062
0.031,0.062
0.031,0.062
0.031,0.062
0.030,0.062
0.029,0.060
0.029,0.060
0.028,0.059
0.026,0.058
0.026,0.057
0.025,0.056
0.025,0.056
0.024,0.054
0.023,0.055
0.023,0.056
0.024,0.057
0.023,0.057
0.021,0.059
0.023,0.060
0.023,0.060
0.021,0.062
0.021,0.062
0.022,0.062
0.019,0.062
0.019,0.061
0.019,0.060
0.017,0.060
0.018,0.059
0.018,0.057
0.015,0.058
0.017,0.057
0.016,0.056
0.014,0.057
0.014,0.056
0.014,0.057
0.012,0.059
0.013,0.060
0.011,0.060
0.010,0.062
0.011,0.062
0.008,0.062
0.007,0.062
0.007,0.060
0.006,0.062
0.003,0.060
0.004,0.058
0.003,0.059
0.001,0.057
0.003,0.056
0.001,0.056
-0.001,0.057
0.000,0.056
-0.002,0.058
-0.003,0.058
0.000,0.058
-0.004,0.060
-0.005,0.060
-0.003,0.059
-0.006,0.059
-0.008,0.058
-0.003,0.057
-0.007,0.059
-0.007,0.057
-0.007,0.058
-0.010,0.059
-0.009,0.058
-0.008,0.058
-0.011,0.058
-0.011,0.056
-0.010,0.055
-0.012,0.055
-0.013,0.054
-0.012,0.054
-0.015,0.055
-0.015,0.055
-0.014,0.056
-0.017,0.054
-0.016,0.054
-0.016,0.055
-0.018,0.055
-0.017,0.055
-0.018,0.056
-0.019,0.056
-0.018,0.055
-0.018,0.055
-0.020,0.053
-0.019,0.054
-0.020,0.055
-0.021,0.055
-0.018,0.055
-0.019,0.054
-0.019,0.054
-0.017,0.053
-0.019,0.053
-0.019,0.052
-0.018,0.053
-0.017,0.053
-0.018,0.052
-0.017,0.051
-0.017,0.053
-0.017,0.052
-0.016,0.052
-0.017,0.051
-0.015,0.049
-0.013,0.049
-0.014,0.049
-0.015,0.049
-0.013,0.049
-0.012,0.049
-0.012,0.048
-0.011,0.049
-0.011,0.050
-0.012,0.051
-0.011,0.052
-0.013,0.052
-0.014,0.053
-0.011,0.055
-0.013,0.055
-0.013,0.057
-0.012,0.057
-0.013,0.055
-0.011,0.055
-0.010,0.054
-0.012,0.052
-0.011,0.052
-0.009,0.053
-0.010,0.052
-0.010,0.049
-0.010,0.048
-0.012,0.048
-0.012,0.047
-0.011,0.047
-0.012,0.047
-0.012,0.047
-0.011,0.049
-0.011,0.049
-0.014,0.049
-0.012,0.052
-0.013,0.051
-0.012,0.051
-0.011,0.050
-0.014,0.050
-0.013,0.051
-0.012,0.050
-0.014,0.050
-0.016,0.049
-0.012,0.051
-0.014,0.051
-0.015,0.050
-0.013,0.050
-0.015,0.050
-0.014,0.048
-0.012,0.047
-0.016,0.049
-0.016,0.049
-0.014,0.050
-0.016,0.051
-0.017,0.051
-0.015,0.051
-0.016,0.053
-0.016,0.052
-0.015,0.051
-0.017,0.051
-0.017,0.049
-0.016,0.050
-0.018,0.049
-0.020,0.047
-0.018,0.047
-0.020,0.047
-0.020,0.045
-0.018,0.044
-0.020,0.045
-0.020,0.045
-0.018,0.044
-0.022,0.043
-0.022,0.043
-0.021,0.042
-0.024,0.042
-0.024,0.042
-0.023,0.041
-0.025,0.042
-0.026,0.042
-0.025,0.042
-0.027,0.042
-0.026,0.042
-0.025,0.043
-0.027,0.042
-0.026,0.043
-0.026,0.044
-0.028,0.044
-0.027,0.043
-0.027,0.043
-0.029,0.043
-0.028,0.041
-0.027,0.040
-0.029,0.040
-0.028,0.039
-0.028,0.039
-0.030,0.039
-0.029,0.038
-0.029,0.039
-0.030,0.040
-0.029,0.040
-0.029,0.041
-0.029,0.041
-0.029,0.040
-0.028,0.039
-0.030,0.038
-0.028,0.039
-0.028,0.040
-0.029,0.042
-0.028,0.043
-0.028,0.045
-0.029,0.044
-0.029,0.044
-0.029,0.044
-0.029,0.044
-0.028,0.044
-0.028,0.044
-0.029,0.043
-0.027,0.044
-0.029,0.045
-0.028,0.043
-0.027,0.044
-0.028,0.044
-0.028,0.041
-0.027,0.042
-0.029,0.040
-0.029,0.037
-0.027,0.038
-0.029,0.036
-0.028,0.034
-0.027,0.035
-0.029,0.034
-0.029,0.031
-0.029,0.032
-0.029,0.030
-0.029,0.029
-0.027,0.030
-0.029,0.029
-0.028,0.030
-0.027,0.031
-0.028,0.030
-0.028,0.030
-0.026,0.031
-0.027,0.030
-0.027,0.030
-0.026,0.031
-0.027,0.030
-0.027,0.031
-0.026,0.031
-0.027,0.031
-0.027,0.031
-0.026,0.031
-0.025,0.030
-0.026,0.029
-0.026,0.029
-0.026,0.028
-0.026,0.028
-0.026,0.028
-0.027,0.029
-0.028,0.030
-0.026,0.030
-0.027,0.031
-0.028,0.032
-0.026,0.032
-0.028,0.031
-0.028,0.031
-0.026,0.030
-0.027,0.029
-0.028,0.028
-0.026,0.026
-0.027,0.027
-0.027,0.026
-0.025,0.026
-0.026,0.028
-0.026,0.029
-0.024,0.030
-0.027,0.031
-0.026,0.032
-0.024,0.032
-0.025,0.034
-0.025,0.034
-0.023,0.034
-0.025,0.035
-0.025,0.033
-0.023,0.031
-0.024,0.030
-0.023,0.029
-0.021,0.029
-0.022,0.029
-0.021,0.027
-0.020,0.028
-0.022,0.028
-0.021,0.028
-0.021,0.028
-0.023,0.028
-0.022,0.028
-0.023,0.028
-0.025,0.028
-0.024,0.028
-0.024,0.028
-0.025,0.027
-0.025,0.026
-0.024,0.028
-0.025,0.026
-0.024,0.028
-0.024,0.030
-0.024,0.029
-0.022,0.030
-0.024,0.031
-0.025,0.029
-0.024,0.029
-0.026,0.028
-0.027,0.025
-0.026,0.024
-0.028,0.022
-0.029,0.020
-0.027,0.020
-0.029,0.020
-0.030,0.019
-0.029,0.019
-0.031,0.020
-0.031,0.019
-0.031,0.020
-0.034,0.019
-0.035,0.018
-0.034,0.019
-0.036,0.019
-0.037,0.018
-0.037,0.018
-0.039,0.017
-0.040,0.016
-0.040,0.016
-0.042,0.016
-0.043,0.014
-0.043,0.015
-0.044,0.015
-0.045,0.016
-0.044,0.016
-0.046,0.017
-0.045,0.017
-0.045,0.018
-0.046,0.018
-0.046,0.018
-0.044,0.019
-0.046,0.018
-0.046,0.018
-0.046,0.019
-0.049,0.020
-0.048,0.019
-0.047,0.020
-0.049,0.020
-0.049,0.018
-0.048,0.020
-0.050,0.019
-0.049,0.018
-0.049,0.020
-0.051,0.020
-0.049,0.021
-0.049,0.021
-0.050,0.021
-0.049,0.020
-0.048,0.022
-0.049,0.021
-0.049,0.021
-0.050,0.022
-0.050,0.021
-0.049,0.021
-0.050,0.021
-0.051,0.021
-0.050,0.021
-0.050,0.023
-0.049,0.022
-0.049,0.024
-0.047,0.025
-0.046,0.024
-0.045,0.027
-0.045,0.027
-0.045,0.025
-0.044,0.025
-0.045,0.023
-0.045,0.020
-0.044,0.020
-0.044,0.019
-0.043,0.017
-0.042,0.018
-0.041,0.019
-0.040,0.019
-0.038,0.020
-0.039,0.019
-0.038,0.018
-0.036,0.019
-0.037,0.019
-0.036,0.018
-0.035,0.020
-0.034,0.020
-0.033,0.019
-0.032,0.019
-0.031,0.019
-0.029,0.017
-0.028,0.016
-0.029,0.015
-0.028,0.014
-0.028,0.015
-0.027,0.015
-0.027,0.016
-0.027,0.017
-0.025,0.017
-0.026,0.017
-0.025,0.018
-0.024,0.019
-0.025,0.019
-0.025,0.019
-0.024,0.019
-0.025,0.019
-0.024,0.019
-0.022,0.019
-0.023,0.020
-0.022,0.021
-0.020,0.022
-0.020,0.022
-0.019,0.022
-0.017,0.021
-0.017,0.019
-0.017,0.016
-0.016,0.015
-0.017,0.014
-0.016,0.012
-0.017,0.012
-0.018,0.013
-0.017,0.011
-0.017,0.012
-0.018,0.012
-0.016,0.012
-0.016,0.013
-0.017,0.012
-0.016,0.010
-0.016,0.010
-0.016,0.008
-0.015,0.007
-0.016,0.007
-0.016,0.005
-0.016,0.005
-0.017,0.006
-0.018,0.005
-0.016,0.007
-0.018,0.008
-0.018,0.008
-0.017,0.010
-0.018,0.011
-0.018,0.010
-0.018,0.010
-0.019,0.010
-0.020,0.009
-0.021,0.009
-0.021,0.007
-0.021,0.006
-0.021,0.007
-0.023,0.007
-0.022,0.006
-0.024,0.009
-0.024,0.008
-0.024,0.008
-0.026,0.009
-0.027,0.006
-0.027,0.005
-0.029,0.004
-0.029,0.001
-0.029,0.001
-0.030,0.002
-0.031,0.001
-0.031,0.001
-0.033,0.005
-0.033,0.004
-0.033,0.002
-0.034,0.002
-0.035,0.000
-0.034,-0.001
-0.036,-0.001
-0.037,-0.003
-0.037,-0.003
-0.039,-0.001
-0.038,-0.003
-0.039,-0.001
-0.039,-0.000
-0.040,-0.001
-0.041,-0.002
-0.041,-0.002
-0.041,-0.002
-0.042,-0.001
-0.043,-0.000
-0.042,-0.001
-0.042,-0.001
-0.042,0.001
-0.041,0.000
-0.041,0.002
-0.041,0.003
-0.038,0.004
-0.038,0.006
-0.039,0.006
-0.037,0.006
-0.038,0.006
-0.039,0.004
-0.039,0.002
-0.040,0.002
-0.040,0.002
-0.040,0.002
-0.041,0.003
-0.042,0.003
-0.040,0.002
-0.041,0.002
-0.040,0.001
-0.038,0.000
-0.038,0.001
-0.037,0.000
-0.037,0.001
-0.037,0.003
-0.036,0.002
-0.036,0.001
-0.036,0.001
-0.034,-0.001
-0.033,-0.002
-0.035,-0.001
-0.032,-0.000
-0.031,0.000
-0.031,0.001
-0.029,0.000
-0.029,0.000
-0.030,0.001
-0.030,-0.000
-0.029,0.001
-0.031,0.001
-0.029,-0.000
-0.028,-0.001
-0.029,-0.001
-0.026,-0.003
-0.026,-0.001
-0.026,-0.002
-0.024,-0.002
-0.024,-0.002
-0.024,-0.002
-0.022,-0.003
-0.022,-0.004
-0.024,-0.004
-0.021,-0.005
-0.021,-0.004
-0.022,-0.004
-0.021,-0.004
-0.020,-0.003
-0.021,-0.003
-0.019,-0.003
-0.018,-0.004
-0.019,-0.004
-0.018,-0.004
-0.017,-0.006
-0.017,-0.007
-0.016,-0.008
-0.015,-0.009
-0.015,-0.009
-0.013,-0.009
-0.013,-0.009
-0.012,-0.008
-0.012,-0.007
-0.011,-0.007
-0.011,-0.005
-0.012,-0.004
-0.011,-0.002
-0.012,-0.001
-0.012,0.001
-0.011,0.000
-0.012,0.001
-0.011,0.001
-0.011,-0.000
-0.010,0.002
-0.010,0.000
-0.009,0.000
-0.010,0.002
-0.008,0.001
-0.007,0.001
-0.008,0.002
-0.005,0.001
-0.005,-0.001
-0.005,0.001
-0.003,-0.001
-0.003,-0.000
-0.004,0.001
-0.004,-0.000
-0.002,-0.000
-0.003,0.000
-0.003,-0.002
-0.002,-0.001
-0.003,0.001
-0.001,-0.002
-0.002,-0.002
-0.002,-0.001
-0.000,-0.003
0.000,-0.002
-0.001,-0.001
0.001,-0.002
-0.000,-0.000
-0.001,0.001
0.001,0.001
0.000,0.000
0.000,-0.000
0.002,-0.003
0.001,-0.003
0.002,-0.005
0.004,-0.005
0.001,-0.004
0.002,-0.004
0.003,-0.004
0.000,-0.002
0.001,-0.004
0.002,-0.005
-0.000,-0.005
0.002,-0.007
0.003,-0.007
0.001,-0.007
0.003,-0.008
0.005,-0.008
0.003,-0.009
0.004,-0.010
0.006,-0.011
0.004,-0.011
0.007,-0.012
0.008,-0.011
0.006,-0.010
0.009,-0.010
0.008,-0.009
0.007,-0.010
0.008,-0.010
0.009,-0.011
0.007,-0.013
0.010,-0.014
0.010,-0.014
0.008,-0.015
0.008,-0.015
0.008,-0.013
0.008,-0.013
0.009,-0.011
0.009,-0.008
0.009,-0.008
0.011,-0.007
0.010,-0.008
0.010,-0.009
0.011,-0.008
0.010,-0.008
0.010,-0.008
0.011,-0.007
0.011,-0.008
0.010,-0.008
0.012,-0.007
0.011,-0.008
0.010,-0.008
0.013,-0.009
0.012,-0.009
0.012,-0.009
0.015,-0.009
0.016,-0.008
0.015,-0.008
0.016,-0.006
0.015,-0.006
0.015,-0.006
0.016,-0.006
0.014,-0.007
0.015,-0.007
0.017,-0.008
0.015,-0.009
0.016,-0.010
0.018,-0.008
0.017,-0.009
0.018,-0.011
0.020,-0.010
0.019,-0.010
0.020,-0.011
0.021,-0.010
0.019,-0.009
0.019,-0.010
0.020,-0.010
0.019,-0.010
0.019,-0.009
0.021,-0.008
0.019,-0.008
0.019,-0.007
0.021,-0.008
0.020,-0.007
0.020,-0.008
0.021,-0.009
0.021,-0.009
0.021,-0.010
0.023,-0.012
0.021,-0.012
0.022,-0.011
0.023,-0.011
0.022,-0.009
0.022,-0.010
0.024,-0.011
0.023,-0.012
0.022,-0.012
0.023,-0.014
0.022,-0.015
0.022,-0.013
0.023,-0.014
0.022,-0.013
0.022,-0.011
0.025,-0.012
0.024,-0.011
0.024,-0.009
0.026,-0.009
0.026,-0.008
0.026,-0.008
0.027,-0.009
0.026,-0.009
0.026,-0.010
0.027,-0.013
0.026,-0.012
0.028,-0.013
0.029,-0.013
0.028,-0.013
0.029,-0.013
0.031,-0.013
0.029,-0.013
0.030,-0.012
0.031,-0.011
0.031,-0.008
0.033,-0.008
0.032,-0.007
0.030,-0.007
0.032,-0.007
0.033,-0.007
0.032,-0.007
0.034,-0.007
0.035,-0.007
0.033,-0.006
0.036,-0.006
0.036,-0.005
0.035,-0.005
0.038,-0.005
0.038,-0.006
0.036,-0.006
0.038,-0.007
0.038,-0.007
0.037,-0.009
0.040,-0.009
0.038,-0.008
0.038,-0.008
0.040,-0.008
0.038,-0.005
0.038,-0.005
0.040,-0.004
0.038,-0.004
0.037,-0.005
0.040,-0.006
0.036,-0.006
0.036,-0.009
0.039,-0.009
0.037,-0.009
0.039,-0.011
0.041,-0.010
0.039,-0.010
0.040,-0.010
0.042,-0.009
0.041,-0.008
0.041,-0.008
0.043,-0.007
0.040,-0.007
0.040,-0.008
0.042,-0.007
0.040,-0.007
0.040,-0.007
0.042,-0.006
0.040,-0.006
0.039,-0.005
0.041,-0.006
0.039,-0.006
0.040,-0.004
0.042,-0.004
0.041,-0.004
0.041,-0.006
0.043,-0.006
0.042,-0.008
0.043,-0.008
0.044,-0.008
0.042,-0.007
0.044,-0.006
0.045,-0.006
0.044,-0.007
0.045,-0.007
0.046,-0.007
0.045,-0.009
0.044,-0.009
0.046,-0.009
0.045,-0.009
0.046,-0.008
0.046,-0.008
0.046,-0.007
0.047,-0.007
0.048,-0.006
0.047,-0.007
0.048,-0.008
0.048,-0.008
0.047,-0.010
0.049,-0.010
0.049,-0.009
0.049,-0.009
0.049,-0.009
0.050,-0.009
0.050,-0.008
0.050,-0.008
0.052,-0.008
0.050,-0.007
0.052,-0.007
0.052,-0.008
0.050,-0.009
0.051,-0.009
0.051,-0.009
0.051,-0.010
0.052,-0.010
0.053,-0.010
0.052,-0.012
0.053,-0.011
0.054,-0.012
0.053,-0.011
0.054,-0.011
0.055,-0.011
0.053,-0.011
0.055,-0.011
0.055,-0.010
0.054,-0.011
0.056,-0.009
0.055,-0.009
0.055,-0.009
0.056,-0.009
0.055,-0.010
0.056,-0.011
0.058,-0.011
0.057,-0.012
0.058,-0.013
0.059,-0.012
0.059,-0.012
0.059,-0.013
0.061,-0.011
0.061,-0.011
0.062,-0.011
0.064,-0.010
0.063,-0.010
0.062,-0.009
0.064,-0.007
0.065,-0.008
0.064,-0.006
0.066,-0.005
0.066,-0.006
0.066,-0.004
0.066,-0.003
0.068,-0.004
0.068,-0.005
0.069,-0.005
0.069,-0.004
0.070,-0.003
0.072,-0.003
0.072,-0.003
0.071,-0.002
0.073,-0.001
0.072,-0.001
0.072,-0.000
0.074,-0.001
0.074,0.001
0.075,0.000
0.076,-0.000
0.076,0.001
0.076,0.002
0.080,-0.000
0.078,0.001
0.079,-0.001
0.082,-0.000
0.081,-0.000
0.082,-0.002
0.084,-0.003
0.085,-0.003
0.085,-0.005
0.088,-0.005
0.086,-0.003
0.088,-0.004
0.092,-0.003
0.091,-0.002
0.091,-0.003
0.093,-0.001
0.091,-0.002
0.093,-0.002
0.095,-0.003
0.095,-0.003
0.097,-0.003
0.097,-0.002
0.095,-0.003
0.098,-0.004
0.097,-0.004
0.098,-0.006
0.100,-0.004
0.100,-0.003
0.098,-0.004
0.101,-0.003
0.101,-0.002
0.100,-0.003
0.102,-0.002
0.100,0.000
0.100,0.000
0.100,-0.001
0.099,-0.001
0.100,-0.003
0.101,-0.005
0.101,-0.005
0.099,-0.007
0.101,-0.006
0.099,-0.006
0.101,-0.008
0.100,-0.006
0.099,-0.005
0.099,-0.005
0.100,-0.003
0.100,-0.003
0.099,-0.005
0.102,-0.003
0.101,-0.004
0.101,-0.004
0.101,-0.002
0.100,-0.003
0.102,-0.003
0.102,-0.003
0.101,-0.003
0.101,-0.003
0.101,-0.002
0.101,-0.003
0.101,-0.005
0.100,-0.002
0.099,-0.003
0.100,-0.003
0.097,-0.002
0.098,-0.002
0.098,-0.002
0.100,0.000
0.099,0.000
0.099,-0.001
0.099,0.001
0.100,-0.001
0.101,-0.003
0.100,-0.003
0.101,-0.004
0.100,-0.003
0.100,-0.003
0.099,-0.003
0.098,-0.002
0.099,-0.002
0.097,-0.002
0.098,-0.002
0.096,-0.003
0.096,-0.003
0.096,-0.003
0.096,-0.003
0.097,-0.004
0.096,-0.004
0.097,-0.002
0.097,-0.001
0.097,-0.001
0.096,-0.000
0.099,-0.000
0.099,0.001
0.097,0.001
0.098,-0.001
0.097,0.001
0.097,0.001
0.097,0.000
0.096,0.002
0.095,0.004
0.096,0.004
0.095,0.005
0.094,0.004
0.095,0.003
0.096,0.004
0.096,0.003
0.095,0.002
0.094,0.000
0.095,0.002
0.096,0.002
0.095,0.002
0.095,0.002
0.095,0.004
0.094,0.003
0.095,0.004
0.095,0.003
0.096,0.002
0.097,0.003
0.095,0.003
0.096,0.003
0.097,0.004
0.096,0.004
0.097,0.002
0.098,0.003
0.097,0.003
0.098,0.001
0.100,0.003
0.101,0.003
0.101,0.001
0.101,0.002
0.101,0.002
0.102,0.002
0.102,0.005
0.102,0.005
0.104,0.006
0.104,0.009
0.105,0.008
0.106,0.009
0.105,0.011
0.106,0.011
0.108,0.011
0.107,0.013
0.107,0.012
0.109,0.014
0.108,0.016
0.109,0.014
0.109,0.014
0.109,0.015
0.111,0.013
0.111,0.014
0.111,0.014
0.113,0.012
0.113,0.012
0.113,0.012
0.115,0.012
0.114,0.014
0.115,0.014
0.116,0.016
0.114,0.018
0.116,0.016
0.116,0.015
0.114,0.015
0.114,0.014
0.116,0.014
0.113,0.015
0.115,0.013
0.116,0.014
0.113,0.015
0.114,0.014
0.114,0.016
0.113,0.018
0.114,0.018
0.115,0.019
0.113,0.021
0.115,0.020
0.115,0.019
0.114,0.021
0.115,0.020
0.115,0.020
0.113,0.021
0.114,0.020
0.114,0.020
0.112,0.019
0.113,0.019
0.112,0.019
0.111,0.020
0.113,0.020
0.113,0.020
0.112,0.021
0.113,0.020
0.112,0.021
0.111,0.020
0.111,0.020
0.110,0.019
0.109,0.019
0.111,0.019
0.109,0.019
0.109,0.019
0.110,0.019
0.110,0.019
0.110,0.019
0.111,0.019
0.111,0.020
0.109,0.019
0.112,0.019
0.111,0.018
0.110,0.017
0.112,0.016
0.111,0.017
0.112,0.018
0.112,0.018
0.112,0.020
0.112,0.022
0.113,0.023
0.113,0.022
0.112,0.023
0.114,0.022
0.113,0.021
0.113,0.020
0.113,0.019
0.112,0.020
0.112,0.021
0.111,0.022
0.110,0.023
0.110,0.024
0.112,0.024
0.110,0.025
0.111,0.025
0.112,0.026
0.110,0.026
0.111,0.027
0.111,0.026
0.111,0.027
0.111,0.029
0.112,0.029
0.110,0.030
0.111,0.031
0.111,0.032
0.109,0.031
0.109,0.028
0.109,0.026
0.107,0.025
0.106,0.024
0.107,0.025
0.105,0.025
0.106,0.026
0.106,0.026
0.104,0.028
0.105,0.029
0.106,0.030
0.105,0.032
0.105,0.032
0.105,0.032
0.103,0.032
0.104,0.032
0.105,0.032
0.105,0.030
0.105,0.030
0.106,0.029
0.106,0.030
0.106,0.030
0.107,0.029
0.106,0.029
0.106,0.030
0.107,0.029
0.106,0.029
0.107,0.029
0.108,0.028
0.108,0.029
0.108,0.029
0.109,0.030
0.109,0.031
0.109,0.032
0.111,0.032
0.110,0.034
0.111,0.034
0.112,0.034
0.111,0.036
0.112,0.037
0.112,0.037
0.112,0.037
0.114,0.037
0.115,0.038
0.115,0.039
0.118,0.038
0.119,0.038
0.118,0.039
0.121,0.039
0.122,0.038
0.120,0.038
0.123,0.037
0.124,0.039
0.123,0.039
0.125,0.039
0.126,0.040
0.125,0.041
0.127,0.041
0.127,0.042
0.126,0.043
0.129,0.043
0.128,0.044
0.128,0.044
0.130,0.045
0.128,0.045
0.128,0.044
0.130,0.044
0.129,0.044
0.130,0.042
0.132,0.041
0.132,0.042
0.132,0.041
0.135,0.042
0.132,0.041
0.133,0.040
0.136,0.039
0.134,0.039
0.136,0.038
0.138,0.038
0.135,0.039
0.136,0.038
0.138,0.039
0.136,0.041
0.136,0.040
0.138,0.042
0.135,0.041
0.135,0.039
0.136,0.039
0.133,0.039
0.134,0.037
0.134,0.038
0.133,0.038
0.133,0.038
0.134,0.039
0.132,0.040
0.133,0.042
0.134,0.043
0.131,0.045
0.132,0.046
0.131,0.045
0.129,0.045
0.129,0.044
0.129,0.043
0.127,0.041
0.127,0.041
0.127,0.042
0.125,0.042
0.125,0.044
0.124,0.043
0.122,0.043
0.122,0.043
0.122,0.044
0.120,0.043
0.120,0.043
0.120,0.044
0.117,0.045
0.118,0.048
0.117,0.049
0.115,0.049
0.116,0.049
0.114,0.051
0.114,0.051
0.114,0.052
0.114,0.052
0.113,0.051
0.114,0.051
0.113,0.050
0.112,0.050
0.114,0.049
0.112,0.049
0.111,0.048
0.112,0.048
0.111,0.048
0.109,0.047
0.109,0.047
0.107,0.047
0.106,0.047
0.106,0.049
0.105,0.049
0.106,0.049
0.107,0.051
0.105,0.050
0.104,0.050
0.105,0.052
0.103,0.050
0.104,0.049
0.105,0.051
0.103,0.051
0.104,0.051
0.105,0.052
0.103,0.054
0.105,0.054
0.105,0.056
0.103,0.055
0.104,0.054
0.105,0.054
0.105,0.052
0.105,0.052
0.105,0.051
0.103,0.051
0.103,0.051
0.104,0.051
0.102,0.051
0.102,0.052
0.103,0.052
0.102,0.051
0.101,0.053
0.104,0.052
0.104,0.051
0.104,0.051
0.106,0.050
0.106,0.051
0.106,0.051
0.108,0.051
0.108,0.051
0.108,0.052
0.110,0.052
0.109,0.053
0.108,0.054
0.110,0.053
0.108,0.054
0.108,0.053
0.110,0.051
0.109,0.051
0.108,0.052
0.110,0.053
0.110,0.054
0.110,0.056
0.113,0.057
0.112,0.059
0.112,0.060
0.114,0.060
0.112,0.062
0.113,0.061
0.114,0.061
0.112,0.061
0.113,0.060
0.113,0.057
0.110,0.058
0.112,0.057
0.113,0.057
0.111,0.057
0.112,0.056
0.113,0.058
0.111,0.058
0.112,0.059
0.113,0.061
0.110,0.062
0.113,0.062
0.112,0.062
0.110,0.061
0.112,0.061
0.110,0.061
0.108,0.060
0.109,0.060
0.106,0.060
0.104,0.058
0.106,0.058
0.103,0.057
0.103,0.056
0.106,0.056
0.104,0.057
0.104,0.056
0.106,0.057
0.105,0.059
0.105,0.058
0.106,0.060
0.104,0.062
0.103,0.062
0.104,0.064
0.100,0.067
0.101,0.065
0.101,0.067
0.099,0.068
0.099,0.067
0.101,0.067
0.099,0.066
0.098,0.065
0.101,0.065
0.098,0.064
0.097,0.062
0.098,0.062
0.095,0.061
0.095,0.059
0.096,0.061
0.094,0.061
0.093,0.062
0.094,0.065
0.092,0.065
0.093,0.066
0.094,0.067
0.093,0.067
0.093,0.065
0.095,0.066
0.093,0.065
0.093,0.064
0.094,0.064
0.092,0.063
0.093,0.064
0.092,0.065
0.092,0.066
0.091,0.066
0.092,0.067
0.091,0.065
0.091,0.065
0.090,0.065
0.089,0.064
0.088,0.064
0.088,0.064
0.087,0.064
0.087,0.065
0.086,0.066
0.086,0.067
0.085,0.067
0.086,0.068
0.085,0.067
0.085,0.068
0.086,0.068
0.084,0.068
0.083,0.067
0.083,0.067
0.082,0.067
0.082,0.067
0.081,0.067
0.080,0.068
0.079,0.070
0.080,0.070
0.078,0.070
0.078,0.071
0.079,0.072
0.079,0.072
0.078,0.073
0.077,0.073
0.077,0.071
0.076,0.071
0.075,0.070
0.075,0.068
0.076,0.068
0.076,0.069
0.075,0.068
0.075,0.069
0.074,0.070
0.073,0.071
0.073,0.071
0.075,0.072
0.073,0.071
0.073,0.071
0.074,0.069
0.073,0.070
0.074,0.070
0.073,0.070
0.073,0.071
0.073,0.072
0.074,0.075
0.072,0.078
0.073,0.080
0.074,0.082
0.073,0.084
0.073,0.084
0.073,0.084
0.074,0.084
0.074,0.082
0.074,0.082
0.073,0.081
0.074,0.080
0.073,0.080
0.071,0.078
0.073,0.078
0.071,0.078
0.072,0.076
0.072,0.077
0.072,0.078
0.073,0.078
0.073,0.080
0.073,0.081
0.073,0.080
0.073,0.081
0.072,0.081
0.072,0.079
0.072,0.078
0.070,0.077
0.071,0.075
0.070,0.075
0.068,0.075
0.068,0.072
0.067,0.075
0.067,0.076
0.067,0.076
0.067,0.078
0.067,0.079
0.068,0.078
0.069,0.080
0.069,0.078
0.069,0.076
0.069,0.076
0.068,0.075
0.069,0.074
0.067,0.074
0.068,0.072
0.069,0.071
0.067,0.072
0.067,0.071
0.067,0.073
0.065,0.076
0.066,0.075
0.065,0.076
0.063,0.078
0.065,0.076
0.066,0.077
0.063,0.077
0.065,0.075
0.064,0.075
0.063,0.074
0.064,0.071
0.064,0.072
0.062,0.073
0.062,0.072
0.063,0.073
0.061,0.073
0.061,0.072
0.061,0.071
0.061,0.071
0.062,0.070
0.061,0.068
0.062,0.070
0.062,0.069
0.062,0.070
0.062,0.071
0.061,0.071
0.061,0.071
0.060,0.072
0.060,0.072
0.059,0.072
0.058,0.071
0.059,0.071
0.058,0.071
0.057,0.071
0.058,0.073
0.058,0.073
0.058,0.073
0.058,0.074
0.057,0.074
0.057,0.075
0.057,0.075
0.056,0.075
0.056,0.075
0.057,0.074
0.056,0.073
0.056,0.073
0.056,0.072
0.056,0.071
0.054,0.071
0.054,0.071
0.054,0.071
0.054,0.074
0.053,0.075
0.053,0.077
0.052,0.078
0.052,0.079
0.050,0.079
0.051,0.080
0.052,0.079
0.050,0.076
0.051,0.076
0.052,0.075
0.051,0.074
0.052,0.074
0.052,0.074
0.052,0.074
0.054,0.073
0.054,0.074
0.052,0.074
0.053,0.075
0.052,0.075
0.050,0.075
0.050,0.075
0.050,0.074
0.048,0.075
0.048,0.074
0.048,0.073
0.047,0.074
0.048,0.075
0.048,0.075
0.046,0.074
0.048,0.073
0.048,0.071
0.047,0.069
0.048,0.068
0.047,0.066
0.047,0.066
0.046,0.065
0.046,0.064
0.045,0.065
0.045,0.065
0.045,0.064
0.044,0.065
0.045,0.066
0.045,0.066
0.044,0.067
0.044,0.068
0.044,0.068
0.042,0.070
0.043,0.070
0.043,0.070
0.042,0.071
0.043,0.071
0.043,0.072
0.042,0.073
0.042,0.072
0.044,0.071
0.042,0.072
0.044,0.070
0.044,0.069
0.042,0.071
0.044,0.069
0.045,0.069
0.044,0.069
0.046,0.067
0.047,0.068
0.046,0.069
0.048,0.068
0.047,0.068
0.045,0.070
0.047,0.069
0.046,0.070
0.044,0.071
0.046,0.070
0.045,0.072
0.044,0.072
0.045,0.072
0.044,0.072
0.043,0.072
0.047,0.071
0.045,0.070
0.045,0.069
0.047,0.067
0.046,0.067
0.045,0.064
0.047,0.064
0.044,0.064
0.044,0.063
0.046,0.063
0.043,0.064
0.044,0.063
0.046,0.063
0.043,0.063
0.043,0.062
0.045,0.062
0.042,0.063
0.043,0.063
0.045,0.064
0.042,0.066
0.042,0.066
0.042,0.066
0.039,0.067
0.039,0.065
0.040,0.064
0.038,0.062
0.038,0.060
0.040,0.060
0.037,0.060
0.038,0.059
0.039,0.060
0.036,0.059
0.037,0.060
0.037,0.060
0.035,0.061
0.035,0.061
0.035,0.062
0.033,0.063
0.034,0.063
0.033,0.065
0.032,0.064
0.034,0.065
0.033,0.065
0.031,0.066
0.032,0.067
0.031,0.068
0.028,0.067
0.029,0.067
0.029,0.067
0.028,0.065
0.030,0.064
0.030,0.063
0.029,0.061
0.031,0.060
0.030,0.060
0.030,0.059
0.031,0.060
0.030,0.060
0.030,0.060
0.031,0.062
0.031,0.062
0.031,0.062
0.032,0.062
0.030,0.062
0.030,0.061
0.030,0.061
0.029,0.059
0.028,0.059
0.028,0.060
0.028,0.060
0.026,0.062
0.028,0.063
0.027,0.064
0.028,0.065
0.027,0.065
0.026,0.064
0.025,0.064
0.026,0.063
0.025,0.061
0.023,0.062
0.024,0.060
0.023,0.059
0.022,0.058
0.023,0.058
0.021,0.057
0.020,0.058
0.020,0.058
0.019,0.056
0.019,0.056
0.019,0.056
0.017,0.057
0.017,0.057
0.017,0.057
0.015,0.058
0.015,0.057
0.016,0.057
0.013,0.056
0.011,0.056
0.012,0.056
0.010,0.055
0.009,0.055
0.009,0.054
0.007,0.056
0.007,0.056
0.006,0.056
0.004,0.056
0.003,0.055
0.004,0.054
0.002,0.053
-0.001,0.053
0.000,0.053
-0.002,0.054
-0.002,0.054
-0.002,0.052
-0.004,0.051
-0.004,0.053
-0.003,0.053
-0.004,0.052
-0.006,0.054
-0.005,0.055
-0.006,0.057
-0.007,0.057
-0.009,0.055
-0.010,0.056
-0.009,0.056
-0.009,0.054
-0.011,0.053
-0.011,0.055
-0.010,0.054
-0.012,0.056
-0.013,0.055
-0.013,0.056
-0.015,0.056
-0.014,0.056
-0.016,0.055
-0.017,0.053
-0.018,0.054
-0.016,0.054
-0.017,0.054
-0.017,0.054
-0.016,0.055
-0.018,0.056
-0.016,0.056
-0.017,0.056
-0.019,0.056
-0.018,0.058
-0.017,0.056
-0.020,0.056
-0.020,0.055
-0.018,0.055
-0.020,0.057
-0.017,0.056
-0.019,0.057
-0.020,0.058
-0.016,0.056
-0.015,0.055
-0.017,0.055
-0.016,0.054
-0.015,0.057
-0.017,0.059
-0.015,0.059
-0.016,0.060
-0.016,0.061
-0.013,0.060
-0.015,0.062
-0.016,0.060
-0.013,0.061
-0.013,0.060
-0.014,0.057
-0.012,0.055
-0.014,0.057
-0.013,0.056
-0.010,0.057
-0.013,0.056
-0.013,0.056
-0.011,0.057
-0.013,0.057
-0.014,0.055
-0.012,0.056
-0.016,0.056
-0.013,0.055
-0.012,0.055
-0.015,0.056
-0.014,0.057
-0.012,0.058
-0.013,0.059
-0.012,0.057
-0.010,0.058
-0.011,0.058
-0.010,0.056
-0.009,0.057
-0.012,0.054
-0.011,0.054
-0.011,0.054
-0.012,0.052
-0.013,0.052
-0.011,0.052
-0.012,0.051
-0.011,0.053
-0.009,0.052
-0.012,0.051
-0.010,0.053
-0.010,0.053
-0.011,0.052
-0.013,0.053
-0.011,0.054
-0.011,0.054
-0.012,0.055
-0.012,0.054
-0.014,0.056
-0.012,0.057
-0.010,0.055
-0.012,0.055
-0.011,0.054
-0.011,0.055
-0.012,0.053
-0.013,0.052
-0.012,0.052
-0.013,0.050
-0.013,0.050
-0.013,0.048
-0.014,0.047
-0.015,0.048
-0.014,0.048
-0.015,0.048
-0.015,0.049
-0.017,0.049
-0.018,0.048
-0.018,0.049
-0.019,0.047
-0.020,0.046
-0.020,0.046
-0.020,0.044
-0.021,0.044
-0.021,0.045
-0.022,0.045
-0.022,0.045
-0.022,0.046
-0.023,0.045
-0.023,0.043
-0.023,0.044
-0.023,0.043
-0.024,0.042
-0.024,0.042
-0.025,0.042
-0.024,0.042
-0.024,0.044
-0.025,0.044
-0.025,0.043
-0.024,0.043
-0.025,0.042
-0.027,0.042
-0.027,0.041
-0.028,0.040
-0.029,0.038
-0.030,0.036
-0.029,0.036
-0.030,0.035
-0.029,0.035
-0.029,0.035
-0.031,0.034
-0.030,0.035
-0.030,0.035
-0.032,0.035
-0.031,0.035
-0.031,0.036
-0.032,0.037
-0.031,0.038
-0.031,0.038
-0.033,0.039
-0.030,0.039
-0.032,0.040
-0.032,0.039
-0.031,0.039
-0.032,0.039
-0.032,0.037
-0.031,0.037
-0.032,0.036
-0.033,0.036
-0.031,0.037
-0.032,0.038
-0.031,0.038
-0.030,0.038
-0.032,0.039
-0.031,0.038
-0.029,0.039
-0.030,0.039
-0.029,0.037
-0.026,0.037
-0.028,0.037
-0.027,0.036
-0.026,0.038
-0.028,0.040
-0.028,0.038
-0.027,0.038
-0.029,0.037
-0.027,0.034
-0.028,0.035
-0.029,0.035
-0.029,0.035
-0.029,0.037
-0.030,0.037
-0.029,0.037
-0.029,0.039
-0.029,0.039
-0.028,0.038
-0.029,0.039
-0.029,0.037
-0.028,0.035
-0.029,0.036
-0.028,0.033
-0.026,0.035
-0.028,0.036
-0.026,0.035
-0.026,0.037
-0.028,0.038
-0.026,0.038
-0.027,0.040
-0.028,0.042
-0.027,0.040
-0.026,0.040
-0.027,0.038
-0.026,0.036
-0.026,0.036
-0.027,0.035
-0.027,0.034
-0.027,0.034
-0.027,0.033
-0.027,0.032
-0.027,0.034
-0.026,0.034
-0.027,0.035
-0.026,0.036
-0.026,0.037
-0.026,0.037
-0.027,0.037
-0.027,0.037
-0.027,0.036
-0.028,0.036
-0.027,0.035
-0.028,0.034
-0.028,0.033
-0.027,0.032
-0.026,0.031
-0.027,0.031
-0.026,0.031
-0.025,0.032
-0.025,0.033
-0.025,0.034
-0.024,0.034
-0.025,0.034
-0.023,0.034
-0.022,0.034
-0.022,0.034
-0.021,0.034
-0.021,0.033
-0.022,0.033
-0.022,0.033
-0.023,0.033
-0.024,0.033
-0.024,0.031
-0.024,0.032
-0.025,0.032
-0.024,0.032
-0.024,0.032
-0.026,0.031
-0.024,0.030
-0.025,0.028
-0.026,0.028
-0.025,0.028
-0.026,0.027
-0.027,0.028
-0.026,0.026
-0.027,0.026
-0.028,0.025
-0.027,0.024
-0.028,0.022
-0.029,0.022
-0.029,0.020
-0.029,0.020
-0.030,0.019
-0.030,0.018
-0.029,0.018
-0.030,0.018
-0.030,0.018
-0.030,0.018
-0.033,0.021
-0.033,0.021
-0.034,0.021
-0.036,0.023
-0.036,0.021
-0.037,0.021
-0.039,0.020
-0.039,0.019
-0.039,0.018
-0.041,0.018
-0.041,0.018
-0.041,0.018
-0.042,0.021
-0.042,0.021
-0.042,0.021
-0.044,0.023
-0.044,0.022
-0.044,0.020
-0.046,0.021
-0.046,0.020
-0.047,0.019
-0.047,0.021
-0.048,0.020
-0.048,0.020
-0.048,0.022
-0.049,0.021
-0.048,0.021
-0.049,0.021
-0.049,0.018
-0.050,0.017
-0.052,0.018
-0.050,0.017
-0.050,0.018
-0.050,0.021
-0.049,0.021
-0.049,0.022
-0.050,0.023
-0.050,0.022
-0.050,0.023
-0.051,0.024
-0.050,0.023
-0.051,0.023
-0.051,0.024
-0.050,0.022
-0.049,0.023
-0.050,0.022
-0.048,0.021
-0.048,0.021
-0.048,0.021
-0.045,0.021
-0.047,0.022
-0.047,0.023
-0.045,0.023
-0.045,0.025
-0.045,0.025
-0.043,0.025
-0.043,0.025
-0.043,0.025
-0.042,0.024
-0.042,0.024
-0.041,0.024
-0.040,0.024
-0.040,0.026
-0.039,0.024
-0.037,0.023
-0.038,0.023
-0.036,0.021
-0.033,0.021
-0.035,0.020
-0.033,0.020
-0.034,0.022
-0.036,0.023
-0.034,0.023
-0.032,0.024
-0.034,0.024
-0.032,0.022
-0.030,0.022
-0.031,0.021
-0.029,0.019
-0.028,0.019
-0.030,0.018
-0.027,0.016
-0.026,0.015
-0.026,0.015
-0.024,0.014
-0.023,0.015
-0.024,0.015
-0.022,0.016
-0.023,0.016
-0.025,0.016
-0.022,0.015
-0.023,0.015
-0.024,0.013
-0.023,0.013
-0.023,0.012
-0.023,0.013
-0.022,0.014
-0.022,0.015
-0.022,0.014
-0.018,0.013
-0.019,0.012
-0.019,0.010
-0.018,0.009
-0.019,0.008
-0.020,0.007
-0.019,0.007
-0.020,0.007
-0.022,0.006
-0.020,0.005
-0.020,0.004
-0.021,0.005
-0.020,0.004
-0.021,0.004
-0.022,0.004
-0.020,0.004
-0.021,0.005
-0.022,0.005
-0.021,0.006
-0.022,0.006
-0.023,0.007
-0.021,0.006
-0.021,0.006
-0.021,0.006
-0.020,0.007
-0.021,0.007
-0.022,0.008
-0.022,0.009
-0.023,0.008
-0.024,0.009
-0.023,0.008
-0.024,0.008
-0.024,0.010
-0.024,0.008
-0.024,0.008
-0.025,0.009
-0.024,0.008
-0.025,0.006
-0.027,0.007
-0.025,0.006
-0.026,0.003
-0.026,0.003
-0.026,0.002
-0.027,0.002
-0.028,0.003
-0.029,0.002
-0.030,0.004
-0.031,0.005
-0.031,0.005
-0.034,0.006
-0.033,0.006
-0.034,0.005
-0.036,0.004
-0.037,0.004
-0.037,0.003
-0.038,0.003
-0.039,0.003
-0.038,0.002
-0.038,0.003
-0.039,0.003
-0.038,0.002
-0.040,0.002
-0.040,0.003
-0.040,0.003
-0.041,0.004
-0.040,0.005
-0.040,0.006
-0.041,0.007
-0.040,0.009
-0.039,0.009
-0.039,0.009
-0.038,0.010
-0.037,0.009
-0.037,0.009
-0.036,0.009
-0.035,0.008
-0.036,0.008
-0.036,0.009
-0.035,0.009
-0.037,0.009
-0.037,0.009
-0.038,0.007
-0.038,0.008
-0.037,0.007
-0.037,0.006
-0.039,0.007
-0.037,0.006
-0.035,0.006
-0.037,0.007
-0.035,0.007
-0.034,0.009
-0.036,0.010
-0.035,0.011
-0.034,0.012
-0.035,0.011
-0.033,0.009
-0.033,0.009
-0.033,0.008
-0.031,0.007
-0.031,0.006
-0.033,0.008
-0.030,0.006
-0.030,0.006
-0.032,0.007
-0.029,0.005
-0.029,0.007
-0.030,0.007
-0.028,0.005
-0.028,0.005
-0.029,0.004
-0.026,0.001
-0.027,0.001
-0.027,0.002
-0.025,0.001
-0.025,0.003
-0.026,0.002
-0.023,0.001
-0.025,0.002
-0.024,0.001
-0.021,0.002
-0.024,0.000
-0.023,-0.001
-0.020,-0.001
-0.023,0.000
-0.023,-0.003
-0.020,-0.002
-0.023,-0.003
-0.022,-0.004
-0.019,-0.003
-0.020,-0.002
-0.020,-0.002
-0.016,0.000
-0.019,0.001
-0.017,0.001
-0.015,0.001
-0.017,0.001
-0.016,-0.001
-0.014,-0.002
-0.016,-0.003
-0.015,-0.004
-0.014,-0.005
-0.016,-0.005
-0.014,-0.005
-0.013,-0.005
-0.013,-0.004
-0.012,-0.003
-0.010,-0.003
-0.010,-0.003
-0.010,-0.003
-0.008,-0.003
-0.010,-0.003
-0.009,-0.004
-0.008,-0.005
-0.009,-0.006
-0.008,-0.005
-0.007,-0.005
-0.008,-0.004
-0.007,-0.003
-0.006,-0.003
-0.007,-0.003
-0.005,-0.003
-0.004,-0.005
-0.004,-0.006
-0.003,-0.006
-0.002,-0.006
-0.002,-0.006
-0.002,-0.006
-0.001,-0.007
-0.003,-0.008
-0.001,-0.007
-0.001,-0.008
-0.002,-0.009
-0.000,-0.009
-0.000,-0.010
-0.001,-0.011
-0.002,-0.010
-0.001,-0.007
-0.003,-0.006
-0.002,-0.005
-0.001,-0.006
-0.002,-0.005
0.000,-0.005
0.001,-0.008
0.001,-0.009
0.003,-0.010
0.004,-0.013
0.002,-0.015
0.003,-0.015
0.003,-0.016
0.003,-0.015
0.004,-0.014
0.003,-0.013
0.002,-0.011
0.004,-0.010
0.003,-0.011
0.003,-0.010
0.004,-0.010
0.004,-0.011
0.003,-0.012
0.004,-0.011
0.003,-0.011
0.003,-0.010
0.004,-0.010
0.003,-0.010
0.003,-0.011
0.004,-0.011
0.003,-0.011
0.002,-0.011
0.004,-0.008
0.003,-0.008
0.002,-0.007
0.004,-0.007
0.002,-0.006
0.003,-0.008
0.005,-0.008
0.003,-0.007
0.004,-0.007
0.006,-0.006
0.005,-0.005
0.005,-0.005
0.008,-0.006
0.006,-0.006
0.007,-0.006
0.009,-0.006
0.007,-0.005
0.006,-0.004
0.007,-0.005
0.005,-0.004
0.004,-0.003
0.007,-0.004
0.005,-0.004
0.005,-0.005
0.008,-0.005
0.006,-0.003
0.008,-0.004
0.010,-0.004
0.009,-0.004
0.009,-0.005
0.011,-0.006
0.010,-0.007
0.010,-0.006
0.013,-0.007
0.011,-0.006
0.013,-0.007
0.014,-0.006
0.013,-0.006
0.014,-0.007
0.017,-0.005
0.016,-0.005
0.016,-0.006
0.018,-0.007
0.016,-0.007
0.019,-0.007
0.020,-0.007
0.018,-0.007
0.019,-0.008
0.020,-0.008
0.017,-0.009
0.018,-0.008
0.019,-0.008
0.017,-0.008
0.018,-0.007
0.019,-0.007
0.018,-0.008
0.021,-0.009
0.020,-0.009
0.019,-0.010
0.020,-0.007
0.020,-0.005
0.020,-0.006
0.021,-0.005
0.019,-0.005
0.019,-0.007
0.021,-0.006
0.021,-0.007
0.022,-0.008
0.022,-0.006
0.021,-0.005
0.022,-0.006
0.024,-0.003
0.023,-0.003
0.024,-0.003
0.025,-0.002
0.024,-0.002
0.026,-0.003
0.025,-0.002
0.025,-0.003
0.026,-0.004
0.025,-0.004
0.026,-0.005
0.025,-0.005
0.025,-0.005
0.026,-0.006
0.027,-0.006
0.028,-0.005
0.029,-0.006
0.029,-0.006
0.029,-0.006
0.031,-0.007
0.031,-0.007
0.033,-0.007
0.033,-0.009
0.033,-0.008
0.034,-0.009
0.034,-0.008
0.033,-0.007
0.033,-0.007
0.035,-0.006
0.035,-0.005
0.036,-0.004
0.036,-0.004
0.036,-0.004
0.037,-0.005
0.038,-0.004
0.037,-0.005
0.039,-0.006
0.038,-0.006
0.037,-0.007
0.039,-0.006
0.038,-0.006
0.038,-0.004
0.039,-0.003
0.038,-0.003
0.038,-0.004
0.040,-0.004
0.039,-0.005
0.040,-0.006
0.040,-0.006
0.039,-0.006
0.039,-0.006
0.040,-0.005
0.039,-0.006
0.039,-0.006
0.039,-0.004
0.039,-0.004
0.040,-0.004
0.039,-0.003
0.040,-0.005
0.040,-0.005
0.041,-0.005
0.040,-0.007
0.041,-0.008
0.041,-0.008
0.040,-0.009
0.041,-0.011
0.040,-0.011
0.041,-0.011
0.039,-0.012
0.040,-0.011
0.039,-0.011
0.038,-0.011
0.039,-0.011
0.037,-0.012
0.038,-0.013
0.038,-0.012
0.038,-0.012
0.039,-0.012
0.040,-0.009
0.041,-0.009
0.041,-0.010
0.041,-0.008
0.041,-0.008
0.042,-0.008
0.041,-0.007
0.041,-0.008
0.042,-0.007
0.041,-0.005
0.042,-0.007
0.043,-0.007
0.042,-0.007
0.043,-0.010
0.044,-0.009
0.044,-0.009
0.045,-0.009
0.045,-0.008
0.044,-0.005
0.046,-0.006
0.045,-0.004
0.045,-0.004
0.047,-0.005
0.045,-0.005
0.046,-0.007
0.048,-0.009
0.046,-0.009
0.047,-0.012
0.049,-0.014
0.047,-0.015
0.049,-0.016
0.050,-0.016
0.048,-0.013
0.049,-0.012
0.050,-0.009
0.048,-0.005
0.049,-0.005
0.050,-0.005
0.048,-0.004
0.050,-0.006
0.051,-0.007
0.050,-0.007
0.052,-0.009
0.053,-0.009
0.051,-0.009
0.052,-0.009
0.053,-0.007
0.052,-0.005
0.053,-0.004
0.054,-0.004
0.052,-0.003
0.055,-0.003
0.055,-0.003
0.054,-0.003
0.056,-0.003
0.056,-0.003
0.055,-0.003
0.056,-0.003
0.058,-0.003
0.056,-0.002
0.060,-0.002
0.059,-0.001
0.059,0.000
0.060,0.000
0.061,0.000
0.060,-0.001
0.062,-0.001
0.062,-0.001
0.061,-0.002
0.063,-0.003
0.063,-0.003
0.063,-0.003
0.066,-0.004
0.065,-0.002
0.066,-0.002
0.069,-0.001
0.069,-0.000
0.069,0.000
0.071,0.000
0.072,0.001
0.071,0.001
0.073,-0.001
0.071,-0.002
0.071,-0.002
0.074,-0.002
0.073,-0.002
0.074,-0.003
0.076,-0.002
0.076,-0.002
0.076,-0.002
0.078,-0.003
0.077,-0.003
0.079,-0.003
0.080,-0.003
0.080,-0.004
0.081,-0.005
0.082,-0.004
0.083,-0.004
0.085,-0.003
0.086,-0.003
0.084,-0.004
0.086,-0.005
0.089,-0.005
0.088,-0.007
0.089,-0.007
0.091,-0.005
0.091,-0.004
0.092,-0.003
0.092,-0.002
0.093,-0.002
0.096,-0.001
0.097,-0.001
0.094,-0.002
0.096,-0.002
0.099,-0.001
0.098,-0.001
0.099,-0.001
0.099,0.001
0.100,0.004
0.102,0.005
0.103,0.004
0.102,0.002
0.105,0.001
0.105,-0.000
0.104,-0.003
0.104,-0.003
0.104,-0.002
0.104,-0.002
0.103,0.000
0.102,-0.001
0.101,0.000
0.102,-0.001
0.102,-0.002
0.102,-0.005
0.102,-0.004
0.103,-0.004
0.102,-0.004
0.101,-0.003
0.102,-0.004
0.102,-0.003
0.103,-0.002
0.104,-0.003
0.104,-0.003
0.104,-0.001
0.103,-0.003
0.103,-0.004
0.104,-0.004
0.104,-0.005
0.102,-0.003
0.104,-0.002
0.104,-0.002
0.101,0.000
0.103,0.001
0.103,0.002
0.101,0.002
0.100,0.000
0.101,-0.001
0.099,-0.001
0.100,-0.003
0.100,-0.004
0.097,-0.003
0.099,-0.003
0.099,-0.001
0.097,0.000
0.097,-0.000
0.100,0.000
0.098,0.002
0.100,0.002
0.099,0.002
0.096,0.004
0.100,0.003
0.098,0.002
0.095,0.002
0.097,0.001
0.096,0.001
0.095,-0.000
0.096,-0.003
0.094,-0.002
0.094,-0.001
0.096,0.001
0.092,0.002
0.093,0.002
0.095,0.002
0.094,0.002
0.093,-0.000
0.095,-0.001
0.093,-0.001
0.093,-0.003
0.095,-0.003
0.092,-0.003
0.092,-0.004
0.093,-0.003
0.091,-0.002
0.091,-0.003
0.093,-0.003
0.091,-0.003
0.092,-0.004
0.095,-0.002
0.091,0.000
0.091,0.002
0.094,0.005
0.091,0.005
0.091,0.006
0.092,0.007
0.090,0.008
0.091,0.008
0.093,0.009
0.090,0.008
0.091,0.006
0.093,0.007
0.091,0.006
0.093,0.006
0.092,0.004
0.093,0.004
0.094,0.003
0.096,0.002
0.095,0.001
0.096,0.002
0.098,0.001
0.097,0.000
0.098,0.001
0.098,0.002
0.099,0.002
0.100,0.002
0.101,0.003
0.101,0.002
0.102,0.003
0.103,0.005
0.101,0.004
0.103,0.005
0.103,0.006
0.103,0.007
0.105,0.007
0.105,0.007
0.105,0.006
0.106,0.007
0.108,0.006
0.107,0.006
0.108,0.005
0.109,0.004
0.108,0.004
0.109,0.004
0.109,0.004
0.110,0.003
0.110,0.003
0.112,0.004
0.111,0.004
0.112,0.006
0.113,0.007
0.112,0.009
0.114,0.009
0.113,0.008
0.113,0.008
0.114,0.007
0.114,0.007
0.113,0.006
0.114,0.008
0.114,0.007
0.114,0.006
0.114,0.007
0.114,0.005
0.115,0.005
0.115,0.004
0.115,0.003
0.116,0.003
0.115,0.006
0.115,0.006
0.114,0.005
0.115,0.008
0.114,0.009
0.114,0.009
0.114,0.009
0.112,0.008
0.112,0.006
0.113,0.004
0.113,0.003
0.112,0.002
0.114,0.002
0.112,0.001
0.111,0.001
0.111,0.001
0.110,0.002
0.109,0.003
0.109,0.002
0.110,0.003
0.109,0.004
0.112,0.005
0.110,0.006
0.109,0.007
0.112,0.008
0.110,0.010
0.109,0.010
0.111,0.010
0.111,0.011
0.109,0.010
0.111,0.009
0.110,0.009
0.110,0.008
0.112,0.009
0.110,0.011
0.110,0.011
0.111,0.011
0.108,0.013
0.109,0.011
0.110,0.012
0.107,0.011
0.108,0.010
0.110,0.010
0.108,0.010
0.109,0.009
0.111,0.009
0.109,0.011
0.110,0.011
0.110,0.013
0.108,0.014
0.109,0.014
0.111,0.017
0.108,0.019
0.109,0.020
0.109,0.022
0.108,0.022
0.109,0.022
0.109,0.024
0.109,0.024
0.110,0.025
0.109,0.027
0.108,0.025
0.109,0.025
0.108,0.025
0.108,0.023
0.109,0.024
0.108,0.024
0.108,0.023
0.108,0.023
0.107,0.024
0.107,0.022
0.107,0.022
0.106,0.021
0.106,0.020
0.108,0.020
0.107,0.019
0.107,0.019
0.107,0.019
0.105,0.019
0.106,0.019
0.105,0.020
0.105,0.020
0.105,0.020
0.105,0.022
0.105,0.022
0.106,0.021
0.108,0.021
0.108,0.020
0.109,0.020
0.110,0.021
0.110,0.020
0.110,0.019
0.109,0.020
0.109,0.020
0.109,0.021
0.109,0.022
0.108,0.022
0.109,0.023
0.108,0.023
0.108,0.023
0.109,0.023
0.109,0.026
0.109,0.024
0.110,0.023
0.110,0.023
0.111,0.024
0.112,0.025
0.112,0.026
0.113,0.028
0.114,0.029
0.114,0.031
0.115,0.032
0.116,0.033
0.116,0.034
0.118,0.033
0.119,0.034
0.118,0.034
0.120,0.031
0.121,0.031
0.120,0.030
0.123,0.028
0.123,0.029
0.123,0.029
0.125,0.028
0.125,0.029
0.124,0.029
0.125,0.027
0.125,0.029
0.126,0.028
0.127,0.026
0.127,0.025
0.127,0.024
0.128,0.024
0.128,0.024
0.128,0.026
0.128,0.027
0.129,0.028
0.130,0.028
0.130,0.029
0.130,0.030
0.132,0.032
0.132,0.033
0.132,0.034
0.132,0.035
0.133,0.036
0.132,0.035
0.132,0.035
0.133,0.034
0.134,0.032
0.134,0.031
0.135,0.030
0.136,0.029
0.136,0.030
0.136,0.030
0.136,0.030
0.135,0.033
0.134,0.033
0.134,0.032
0.133,0.035
0.132,0.033
0.132,0.030
0.131,0.032
0.132,0.029
0.132,0.030
0.131,0.032
0.130,0.032
0.131,0.033
0.130,0.035
0.129,0.034
0.129,0.034
0.127,0.036
0.127,0.035
0.126,0.036
0.124,0.037
0.124,0.036
0.123,0.037
0.122,0.037
0.121,0.037
0.120,0.037
0.119,0.038
0.120,0.038
0.118,0.038
0.118,0.038
0.119,0.037
0.117,0.039
0.117,0.039
0.118,0.039
0.117,0.040
0.117,0.039
0.117,0.038
0.114,0.039
0.115,0.039
0.115,0.039
0.112,0.040
0.113,0.039
0.113,0.039
0.110,0.040
0.111,0.039
0.113,0.039
0.109,0.039
0.111,0.038
0.111,0.039
0.109,0.041
0.109,0.040
0.108,0.041
0.106,0.045
0.106,0.046
0.106,0.047
0.103,0.049
0.105,0.049
0.106,0.048
0.104,0.049
0.106,0.049
0.106,0.048
0.105,0.047
0.106,0.045
0.106,0.044
0.105,0.044
0.106,0.044
0.105,0.043
0.103,0.044
0.105,0.043
0.103,0.045
0.102,0.046
0.104,0.046
0.104,0.049
0.103,0.049
0.106,0.049
0.107,0.050
0.106,0.049
0.109,0.047
0.109,0.047
0.107,0.046
0.110,0.046
0.108,0.049
0.108,0.049
0.110,0.051
0.109,0.053
0.109,0.053
0.112,0.054
0.110,0.055
0.111,0.055
0.114,0.057
0.110,0.058
0.112,0.056
0.113,0.057
0.112,0.056
0.112,0.054
0.114,0.055
0.112,0.056
0.113,0.056
0.114,0.057
0.112,0.057
0.114,0.055
0.115,0.055
0.114,0.055
0.115,0.054
0.117,0.056
0.114,0.056
0.115,0.057
0.116,0.058
0.114,0.058
0.115,0.059
0.115,0.060
0.114,0.060
0.114,0.059
0.114,0.060
0.114,0.060
0.114,0.060
0.114,0.060
0.113,0.058
0.114,0.057
0.113,0.056
0.112,0.055
0.114,0.056
0.113,0.056
0.112,0.055
0.113,0.056
0.112,0.055
0.110,0.054
0.111,0.055
0.111,0.055
0.109,0.056
0.111,0.057
0.109,0.058
0.109,0.059
0.110,0.061
0.110,0.060
0.109,0.061
0.111,0.061
0.110,0.061
0.108,0.061
0.109,0.062
0.109,0.063
0.108,0.064
0.108,0.065
0.107,0.066
0.105,0.068
0.105,0.071
0.104,0.071
0.102,0.073
0.104,0.073
0.103,0.071
0.102,0.067
0.103,0.065
0.102,0.062
0.101,0.061
0.101,0.060
0.101,0.060
0.098,0.062
0.100,0.062
0.098,0.063
0.097,0.064
0.098,0.064
0.097,0.065
0.097,0.065
0.098,0.065
0.097,0.064
0.097,0.064
0.098,0.063
0.096,0.061
0.095,0.060
0.096,0.060
0.094,0.061
0.093,0.061
0.094,0.062
0.093,0.063
0.091,0.062
0.093,0.063
0.091,0.062
0.090,0.062
0.091,0.061
0.089,0.061
0.088,0.062
0.088,0.061
0.088,0.062
0.087,0.062
0.088,0.063
0.088,0.063
0.087,0.065
0.088,0.065
0.088,0.066
0.087,0.067
0.088,0.066
0.087,0.067
0.086,0.067
0.087,0.067
0.084,0.068
0.083,0.069
0.085,0.069
0.082,0.069
0.081,0.069
0.082,0.067
0.080,0.065
0.081,0.062
0.082,0.061
0.080,0.062
0.080,0.062
0.082,0.063
0.078,0.063
0.078,0.063
0.079,0.063
0.077,0.063
0.077,0.062
0.078,0.062
0.076,0.063
0.076,0.064
0.078,0.066
0.075,0.068
0.076,0.069
0.075,0.070
0.073,0.071
0.074,0.071
0.074,0.072
0.073,0.071
0.074,0.071
0.075,0.071
0.074,0.070
0.075,0.070
0.074,0.071
0.073,0.071
0.074,0.071
0.074,0.074
0.072,0.074
0.073,0.075
0.072,0.077
0.072,0.076
0.073,0.077
0.073,0.077
0.072,0.075
0.075,0.075
0.074,0.075
0.074,0.075
0.076,0.076
0.073,0.078
0.073,0.077
0.074,0.080
0.073,0.081
0.073,0.079
0.074,0.080
0.073,0.080
0.073,0.078
0.073,0.079
0.071,0.079
0.072,0.078
0.073,0.078
0.071,0.077
0.072,0.076
0.073,0.077
0.071,0.075
0.071,0.075
0.071,0.075
0.071,0.075
0.070,0.074
0.071,0.074
0.070,0.074
0.070,0.073
0.071,0.074
0.070,0.072
0.070,0.071
0.070,0.072
0.069,0.070
0.069,0.070
0.069,0.070
0.068,0.071
0.067,0.071
0.067,0.073
0.066,0.073
0.066,0.074
0.066,0.075
0.065,0.074
0.066,0.076
0.066,0.076
0.065,0.076
0.064,0.075
0.064,0.075
0.064,0.075
0.063,0.075
0.064,0.074
0.064,0.073
0.064,0.072
0.064,0.071
0.064,0.071
0.064,0.071
0.065,0.072
0.064,0.073
0.064,0.074
0.064,0.074
0.062,0.075
0.061,0.076
0.063,0.076
0.061,0.078
0.061,0.079
0.062,0.080
0.061,0.083
0.061,0.082
0.063,0.083
0.062,0.082
0.062,0.082
0.063,0.080
0.061,0.079
0.061,0.078
0.062,0.077
0.060,0.077
0.060,0.077
0.061,0.077
0.060,0.078
0.060,0.078
0.061,0.079
0.058,0.079
0.059,0.077
0.060,0.076
0.058,0.076
0.057,0.074
0.058,0.074
0.057,0.073
0.057,0.073
0.057,0.073
0.056,0.071
0.057,0.072
0.057,0.072
0.056,0.071
0.058,0.071
0.056,0.072
0.056,0.071
0.057,0.070
0.056,0.072
0.055,0.070
0.056,0.070
0.055,0.071
0.055,0.069
0.056,0.068
0.055,0.068
0.054,0.067
0.054,0.068
0.053,0.070
0.052,0.070
0.052,0.071
0.053,0.071
0.051,0.069
0.053,0.069
0.052,0.068
0.052,0.068
0.052,0.067
0.052,0.067
0.051,0.066
0.051,0.066
0.050,0.066
0.050,0.065
0.049,0.067
0.048,0.068
0.047,0.069
0.047,0.071
0.046,0.071
0.047,0.071
0.047,0.072
0.045,0.071
0.046,0.070
0.045,0.071
0.044,0.069
0.044,0.070
0.044,0.071
0.042,0.071
0.043,0.071
0.042,0.072
0.043,0.071
0.044,0.068
0.043,0.068
0.044,0.066
0.045,0.065
0.043,0.067
0.044,0.066
0.045,0.067
0.044,0.069
0.045,0.069
0.045,0.069
0.044,0.069
0.044,0.067
0.044,0.067
0.043,0.067
0.044,0.065
0.045,0.065
0.043,0.065
0.045,0.064
0.046,0.066
0.044,0.066
0.046,0.065
0.046,0.066
0.045,0.067
0.045,0.067
0.045,0.069
0.043,0.069
0.043,0.069
0.044,0.069
0.043,0.068
0.045,0.066
0.045,0.066
0.045,0.066
0.045,0.066
0.045,0.067
0.045,0.067
0.044,0.066
0.044,0.065
0.044,0.064
0.044,0.066
0.043,0.066
0.042,0.066
0.042,0.067
0.041,0.066
0.042,0.065
0.040,0.064
0.040,0.063
0.040,0.063
0.039,0.063
0.038,0.063
0.039,0.065
0.038,0.066
0.037,0.067
0.038,0.070
0.037,0.072
0.037,0.072
0.037,0.074
0.036,0.075
0.037,0.075
0.037,0.076
0.036,0.075
0.037,0.073
0.037,0.073
0.037,0.070
0.036,0.068
0.036,0.067
0.036,0.065
0.037,0.064
0.036,0.064
0.036,0.063
0.036,0.062
0.036,0.064
0.035,0.063
0.036,0.064
0.035,0.066
0.035,0.065
0.035,0.067
0.033,0.067
0.034,0.066
0.033,0.065
0.032,0.065
0.032,0.063
0.032,0.064
0.031,0.066
0.031,0.065
0.031,0.066
0.031,0.066
0.032,0.065
0.030,0.067
0.030,0.068
0.031,0.069
0.028,0.069
0.029,0.069
0.031,0.068
0.030,0.070
0.029,0.068
0.031,0.068
0.029,0.070
0.029,0.069
0.029,0.069
0.025,0.069
0.028,0.068
0.027,0.067
0.025,0.067
0.025,0.066
0.025,0.066
0.023,0.068
0.023,0.065
0.024,0.066
0.022,0.066
0.024,0.065
0.023,0.065
0.021,0.066
0.023,0.066
0.022,0.066
0.020,0.067
0.021,0.063
0.020,0.063
0.018,0.064
0.019,0.061
0.018,0.060
0.015,0.059
0.015,0.058
0.013,0.057
0.011,0.056
0.012,0.053
0.011,0.052
0.010,0.051
0.011,0.050
0.009,0.049
0.007,0.050
0.008,0.050
0.007,0.051
0.005,0.053
0.004,0.052
0.004,0.055
0.002,0.056
0.001,0.055
0.000,0.056
-0.001,0.056
0.001,0.056
-0.002,0.055
-0.003,0.055
-0.003,0.054
-0.004,0.054
-0.005,0.054
-0.004,0.054
-0.006,0.056
-0.007,0.057
-0.005,0.058
-0.007,0.056
-0.008,0.057
-0.007,0.056
-0.009,0.057
-0.011,0.057
-0.012,0.055
-0.014,0.057
-0.014,0.056
-0.012,0.056
-0.014,0.055
-0.015,0.057
-0.015,0.058
-0.015,0.057
-0.015,0.057
-0.015,0.056
-0.016,0.056
-0.016,0.055
-0.016,0.055
-0.019,0.055
-0.017,0.055
-0.017,0.056
-0.019,0.057
-0.020,0.057
-0.019,0.058
-0.020,0.057
-0.019,0.055
-0.019,0.054
-0.023,0.053
-0.022,0.054
-0.022,0.054
-0.024,0.053
-0.023,0.054
-0.021,0.054
-0.023,0.054
-0.022,0.055
-0.022,0.058
-0.023,0.058
-0.020,0.058
-0.021,0.058
-0.023,0.057
-0.022,0.058
-0.023,0.056
-0.023,0.055
-0.022,0.053
-0.022,0.052
-0.021,0.052
-0.020,0.054
-0.020,0.052
-0.021,0.051
-0.021,0.053
-0.019,0.053
-0.020,0.054
-0.019,0.056
-0.020,0.056
-0.019,0.056
-0.018,0.055
-0.018,0.053
-0.017,0.052
-0.017,0.053
-0.016,0.050
-0.017,0.051
-0.016,0.050
-0.014,0.050
-0.014,0.052
-0.013,0.053
-0.014,0.052
-0.015,0.055
-0.014,0.055
-0.012,0.052
-0.014,0.052
-0.013,0.050
-0.012,0.049
-0.014,0.051
-0.013,0.049
-0.014,0.049
-0.013,0.052
-0.012,0.051
-0.012,0.051
-0.015,0.055
-0.014,0.053
-0.012,0.053
-0.015,0.055
-0.014,0.052
-0.014,0.053
-0.016,0.053
-0.014,0.052
-0.013,0.051
-0.015,0.051
-0.013,0.049
-0.013,0.049
-0.016,0.051
-0.013,0.049
-0.014,0.049
-0.014,0.050
-0.013,0.048
-0.013,0.048
-0.017,0.048
-0.015,0.047
-0.015,0.047
-0.016,0.045
-0.013,0.043
-0.018,0.043
-0.018,0.043
-0.016,0.041
-0.019,0.041
-0.019,0.041
-0.018,0.042
-0.021,0.044
-0.021,0.043
-0.020,0.043
-0.024,0.043
-0.022,0.040
-0.020,0.038
-0.024,0.038
-0.022,0.037
-0.021,0.036
-0.024,0.036
-0.024,0.034
-0.021,0.035
-0.023,0.035
-0.023,0.035
-0.022,0.036
-0.025,0.037
-0.023,0.037
-0.023,0.037
-0.025,0.037
-0.025,0.036
-0.024,0.035
-0.027,0.034
-0.027,0.033
-0.026,0.033
-0.029,0.032
-0.028,0.032
-0.029,0.033
-0.030,0.033
-0.030,0.034
-0.031,0.035
-0.032,0.035
-0.032,0.037
-0.032,0.037
-0.034,0.037
-0.033,0.038
-0.033,0.038
-0.034,0.037
-0.033,0.037
-0.034,0.038
-0.035,0.037
-0.033,0.039
-0.034,0.039
-0.035,0.039
-0.032,0.041
-0.032,0.041
-0.033,0.041
-0.031,0.043
-0.031,0.044
-0.032,0.044
-0.032,0.044
-0.032,0.045
-0.034,0.044
-0.031,0.045
-0.032,0.044
-0.033,0.045
-0.031,0.046
-0.032,0.046
-0.033,0.045
-0.032,0.045
-0.031,0.044
-0.032,0.042
-0.031,0.042
-0.030,0.042
-0.031,0.042
-0.029,0.043
-0.030,0.042
-0.030,0.042
-0.029,0.042
-0.030,0.041
-0.031,0.041
-0.029,0.041
-0.030,0.040
-0.030,0.039
-0.028,0.039
-0.029,0.037
-0.028,0.037
-0.027,0.037
-0.029,0.037
-0.028,0.037
-0.028,0.037
-0.029,0.037
-0.030,0.037
-0.029,0.037
-0.031,0.037
-0.031,0.036
-0.029,0.036
-0.032,0.036
-0.031,0.034
-0.031,0.033
-0.031,0.032
-0.031,0.032
-0.028,0.030
-0.029,0.030
-0.030,0.032
-0.028,0.033
-0.030,0.034
-0.030,0.035
-0.029,0.034
-0.031,0.034
-0.032,0.034
-0.031,0.032
-0.032,0.032
-0.033,0.032
-0.031,0.030
-0.032,0.030
-0.032,0.030
-0.029,0.029
-0.029,0.029
-0.030,0.030
-0.027,0.031
-0.028,0.032
-0.030,0.033
-0.028,0.033
-0.030,0.033
-0.030,0.031
-0.029,0.030
-0.030,0.031
-0.029,0.030
-0.028,0.031
-0.030,0.031
-0.029,0.031
-0.027,0.031
-0.029,0.031
-0.027,0.029
-0.026,0.028
-0.028,0.028
-0.026,0.026
-0.025,0.026
-0.027,0.026
-0.026,0.026
-0.024,0.025
-0.026,0.024
-0.024,0.023
-0.025,0.024
-0.025,0.024
-0.024,0.024
-0.025,0.024
-0.026,0.023
-0.025,0.023
-0.026,0.024
-0.027,0.023
-0.026,0.024
-0.027,0.025
-0.028,0.025
-0.025,0.026
-0.026,0.027
-0.026,0.026
-0.025,0.028
-0.027,0.029
-0.028,0.028
-0.029,0.028
-0.030,0.028
-0.031,0.026
-0.029,0.025
-0.031,0.023
-0.031,0.022
-0.029,0.021
-0.031,0.022
-0.031,0.021
-0.031,0.022
-0.031,0.022
-0.033,0.021
-0.032,0.023
-0.033,0.022
-0.034,0.022
-0.033,0.021
-0.035,0.021
-0.034,0.019
-0.034,0.020
-0.036,0.019
-0.035,0.017
-0.035,0.018
-0.037,0.017
-0.037,0.016
-0.038,0.017
-0.040,0.018
-0.040,0.018
-0.041,0.020
-0.042,0.021
-0.043,0.021
-0.043,0.023
-0.044,0.021
-0.044,0.019
-0.045,0.020
-0.046,0.018
-0.045,0.017
-0.046,0.018
-0.047,0.017
-0.047,0.017
-0.047,0.017
-0.048,0.017
-0.047,0.018
-0.047,0.020
-0.047,0.018
-0.046,0.019
-0.047,0.020
-0.046,0.018
-0.047,0.018
-0.048,0.019
-0.047,0.017
-0.047,0.017
-0.048,0.019
-0.048,0.018
-0.048,0.019
-0.050,0.019
-0.049,0.017
-0.049,0.019
-0.050,0.019
-0.047,0.019
-0.048,0.019
-0.048,0.019
-0.046,0.018
-0.046,0.019
-0.046,0.019
-0.046,0.019
-0.046,0.019
-0.046,0.019
-0.045,0.019
-0.046,0.020
-0.045,0.021
-0.045,0.022
-0.045,0.021
-0.045,0.019
-0.046,0.018
-0.045,0.015
-0.044,0.013
-0.043,0.012
-0.042,0.012
-0.042,0.012
-0.042,0.013
-0.042,0.014
-0.040,0.015
-0.040,0.015
-0.040,0.015
-0.038,0.016
-0.037,0.016
-0.036,0.015
-0.036,0.016
-0.035,0.017
-0.035,0.016
-0.034,0.017
-0.034,0.016
-0.033,0.016
-0.033,0.016
-0.032,0.015
-0.032,0.014
-0.031,0.016
-0.031,0.015
-0.029,0.016
-0.029,0.018
-0.029,0.018
-0.027,0.018
-0.027,0.017
-0.026,0.015
-0.024,0.013
-0.025,0.014
-0.024,0.012
-0.023,0.012
-0.025,0.014
-0.024,0.013
-0.023,0.015
-0.024,0.017
-0.023,0.017
-0.022,0.017
-0.023,0.017
-0.022,0.015
-0.021,0.016
-0.022,0.017
-0.021,0.016
-0.021,0.018
-0.020,0.018
-0.019,0.017
-0.019,0.017
-0.020,0.017
-0.018,0.015
-0.020,0.016
-0.020,0.015
-0.019,0.015
-0.020,0.015
-0.021,0.012
-0.020,0.010
-0.022,0.010
-0.021,0.006
-0.020,0.006
-0.022,0.007
-0.020,0.006
-0.019,0.006
-0.022,0.007
-0.021,0.006
-0.020,0.006
-0.022,0.009
-0.020,0.008
-0.021,0.009
-0.024,0.010
-0.023,0.008
-0.021,0.009
-0.024,0.009
-0.023,0.008
-0.021,0.008
-0.024,0.009
-0.023,0.008
-0.024,0.009
-0.025,0.010
-0.025,0.009
-0.027,0.007
-0.029,0.007
-0.029,0.005
-0.030,0.003
-0.031,0.002
-0.031,0.001
-0.032,0.002
-0.032,0.002
-0.032,0.003
-0.033,0.005
-0.034,0.006
-0.034,0.005
-0.036,0.006
-0.036,0.004
-0.037,0.003
-0.038,0.002
-0.039,0.003
-0.039,0.003
-0.040,0.003
-0.041,0.003
-0.041,0.003
-0.042,0.004
-0.042,0.003
-0.042,0.002
-0.043,0.001
-0.043,0.001
-0.042,-0.001
-0.043,-0.001
-0.043,-0.001
-0.042,-0.002
-0.042,-0.001
-0.042,-0.002
-0.041,-0.001
-0.042,0.000
-0.042,0.002
-0.042,0.003
-0.042,0.005
-0.041,0.007
-0.040,0.007
-0.041,0.006
-0.040,0.005
-0.040,0.005
-0.041,0.004
-0.040,0.002
-0.039,0.002
-0.041,0.001
-0.039,0.000
-0.039,0.002
-0.040,0.003
-0.038,0.004
-0.038,0.005
-0.039,0.006
-0.037,0.005
-0.037,0.005
-0.038,0.004
-0.036,0.004
-0.035,0.003
-0.037,0.003
-0.034,0.002
-0.034,0.002
-0.033,0.002
-0.032,0.002
-0.033,0.002
-0.033,0.001
-0.033,0.001
-0.033,-0.001
-0.034,-0.002
-0.033,-0.001
-0.033,-0.003
-0.032,-0.003
-0.031,-0.003
-0.030,-0.005
-0.029,-0.005
-0.028,-0.003
-0.027,-0.005
-0.027,-0.003
-0.026,-0.002
-0.026,-0.002
-0.025,0.000
-0.025,0.001
-0.024,0.002
-0.024,0.003
-0.024,0.003
-0.023,0.003
-0.024,0.004
-0.021,0.002
-0.021,0.001
-0.021,0.003
-0.018,0.002
-0.018,0.002
-0.018,0.003
-0.017,0.001
-0.016,0.000
-0.015,0.001
-0.014,0.000
-0.013,-0.000
-0.013,0.000
-0.011,-0.002
-0.011,-0.002
-0.012,-0.002
-0.011,-0.003
-0.012,-0.003
-0.012,-0.003
-0.010,-0.003
-0.011,-0.003
-0.010,-0.002
-0.008,-0.002
-0.010,-0.002
-0.009,-0.000
-0.007,-0.000
-0.008,0.000
-0.008,-0.000
-0.006,-0.001
-0.008,-0.003
-0.007,-0.005
-0.006,-0.005
-0.009,-0.005
-0.007,-0.007
-0.007,-0.008
-0.008,-0.006
-0.006,-0.006
-0.004,-0.004
-0.006,-0.003
-0.005,-0.003
-0.004,-0.004
-0.006,-0.004
-0.005,-0.005
-0.004,-0.008
-0.005,-0.006
-0.003,-0.007
-0.003,-0.007
-0.003,-0.007
-0.002,-0.007
0.000,-0.007
-0.002,-0.006
-0.001,-0.006
-0.001,-0.006
-0.002,-0.005
-0.001,-0.006
-0.000,-0.008
-0.002,-0.009
-0.000,-0.010
0.000,-0.013
-0.002,-0.013
-0.001,-0.014
-0.000,-0.014
-0.002,-0.011
0.001,-0.010
0.000,-0.008
-0.001,-0.007
0.001,-0.006
0.003,-0.006
0.002,-0.006
0.002,-0.006
0.002,-0.006
0.000,-0.004
0.001,-0.004
0.000,-0.004
-0.002,-0.005
-0.000,-0.006
-0.001,-0.007
-0.002,-0.007
-0.001,-0.008
-0.001,-0.008
-0.001,-0.008
0.002,-0.008
0.002,-0.008
0.002,-0.007
0.004,-0.007
0.003,-0.008
0.002,-0.009
0.004,-0.009
0.004,-0.009
0.002,-0.009
0.004,-0.010
0.004,-0.009
0.004,-0.009
0.006,-0.009
0.006,-0.008
0.006,-0.008
0.007,-0.009
0.006,-0.009
0.005,-0.010
0.008,-0.011
0.007,-0.010
0.006,-0.009
0.008,-0.008
0.007,-0.006
0.007,-0.005
0.008,-0.006
0.008,-0.005
0.008,-0.005
0.010,-0.006
0.009,-0.007
0.010,-0.007
0.012,-0.009
0.012,-0.010
0.013,-0.009
0.014,-0.010
0.013,-0.009
0.013,-0.008
0.014,-0.007
0.015,-0.007
0.013,-0.007
0.016,-0.009
0.014,-0.010
0.015,-0.010
0.016,-0.011
0.016,-0.013
0.016,-0.013
0.017,-0.013
0.017,-0.014
0.016,-0.014
0.018,-0.015
0.017,-0.015
0.018,-0.016
0.019,-0.016
0.017,-0.017
0.020,-0.016
0.021,-0.016
0.020,-0.016
0.020,-0.015
0.022,-0.014
0.019,-0.014
0.021,-0.014
0.022,-0.014
0.021,-0.013
0.022,-0.013
0.023,-0.013
0.022,-0.013
0.022,-0.012
0.023,-0.012
0.023,-0.012
0.023,-0.010
0.024,-0.011
0.024,-0.011
0.025,-0.009
0.026,-0.010
0.025,-0.010
0.026,-0.009
0.027,-0.010
0.026,-0.011
0.026,-0.011
0.027,-0.012
0.026,-0.012
0.027,-0.012
0.027,-0.015
0.027,-0.015
0.027,-0.016
0.028,-0.017
0.028,-0.016
0.029,-0.016
0.030,-0.016
0.029,-0.015
0.031,-0.014
0.032,-0.014
0.031,-0.013
0.032,-0.012
0.032,-0.012
0.030,-0.012
0.033,-0.014
0.033,-0.014
0.031,-0.015
0.034,-0.015
0.035,-0.015
0.033,-0.014
0.035,-0.015
0.036,-0.015
0.034,-0.015
0.036,-0.015
0.037,-0.013
0.036,-0.011
0.038,-0.009
0.037,-0.009
0.035,-0.009
0.037,-0.010
0.036,-0.011
0.034,-0.013
0.037,-0.013
0.036,-0.012
0.036,-0.013
0.038,-0.013
0.036,-0.011
0.037,-0.012
0.040,-0.012
0.038,-0.010
0.038,-0.012
0.041,-0.012
0.039,-0.012
0.039,-0.014
0.041,-0.013
0.039,-0.011
0.038,-0.013
0.041,-0.012
0.038,-0.012
0.038,-0.013
0.040,-0.012
0.036,-0.012
0.036,-0.014
0.038,-0.014
0.036,-0.014
0.037,-0.014
0.039,-0.013
0.037,-0.013
0.038,-0.012
0.041,-0.012
0.039,-0.011
0.040,-0.010
0.041,-0.009
0.040,-0.009
0.040,-0.009
0.040,-0.008
0.039,-0.009
0.038,-0.008
0.039,-0.008
0.038,-0.008
0.039,-0.007
0.039,-0.006
0.039,-0.007
0.041,-0.006
0.041,-0.005
0.041,-0.005
0.043,-0.004
0.043,-0.005
0.042,-0.006
0.043,-0.005
0.043,-0.006
0.042,-0.006
0.043,-0.004
0.044,-0.004
0.044,-0.005
0.045,-0.007
0.045,-0.008
0.044,-0.009
0.045,-0.010
0.046,-0.012
0.045,-0.012
0.046,-0.012
0.047,-0.013
0.046,-0.013
0.047,-0.012
0.048,-0.010
0.048,-0.009
0.049,-0.006
0.049,-0.004
0.048,-0.003
0.049,-0.002
0.050,-0.002
0.050,-0.003
0.051,-0.002
0.051,-0.002
0.051,-0.004
0.051,-0.004
0.052,-0.004
0.051,-0.005
0.052,-0.004
0.052,-0.004
0.053,-0.004
0.055,-0.003
0.054,-0.003
0.054,-0.003
0.054,-0.003
0.054,-0.005
0.053,-0.007
0.055,-0.007
0.054,-0.007
0.053,-0.006
0.056,-0.006
0.055,-0.005
0.055,-0.007
0.057,-0.007
0.057,-0.006
0.056,-0.006
0.057,-0.006
0.058,-0.006
0.057,-0.005
0.059,-0.004
0.059,-0.003
0.058,-0.002
0.060,-0.003
0.060,-0.003
0.060,-0.003
0.062,-0.004
0.062,-0.004
0.061,-0.004
0.064,-0.004
0.063,-0.004
0.065,-0.005
0.066,-0.005
0.065,-0.004
0.066,-0.005
0.068,-0.004
0.068,-0.003
0.069,-0.004
0.071,-0.003
0.069,-0.002
0.069,-0.003
0.071,-0.001
0.070,-0.000
0.071,-0.002
0.073,-0.002
0.072,-0.003
0.073,-0.004
0.075,-0.004
0.074,-0.004
0.075,-0.005
0.076,-0.002
0.075,-0.003
0.076,-0.005
0.076,-0.004
0.078,-0.004
0.080,-0.006
0.082,-0.005
0.081,-0.005
0.083,-0.004
0.085,-0.002
0.084,-0.003
0.086,-0.004
0.087,-0.003
0.086,-0.003
0.088,-0.003
0.089,-0.001
0.088,-0.001
0.092,0.002
0.093,0.003
0.093,0.004
0.095,0.006
0.096,0.004
0.097,0.004
0.098,0.003
0.097,0.004
0.097,0.003
0.099,0.003
0.098,0.004
0.099,0.000
0.099,0.001
0.099,0.000
0.100,0.001
0.099,0.002
0.099,0.001
0.101,-0.001
0.102,-0.001
0.102,-0.002
0.103,-0.005
0.101,-0.003
0.103,-0.004
0.103,-0.004
0.104,-0.003
0.103,-0.003
0.103,-0.004
0.103,-0.003
0.103,-0.005
0.102,-0.006
0.103,-0.005
0.104,-0.005
0.104,-0.006
0.103,-0.004
0.103,-0.005
0.103,-0.004
0.104,-0.005
0.104,-0.005
0.103,-0.005
0.102,-0.005
0.101,-0.005
0.101,-0.005
0.101,-0.007
0.102,-0.007
0.101,-0.006
0.101,-0.006
0.101,-0.005
0.100,-0.007
0.100,-0.006
0.101,-0.006
0.100,-0.005
0.099,-0.004
0.100,-0.003
0.099,-0.002
0.100,-0.003
0.099,-0.003
0.100,-0.003
0.101,-0.002
0.100,-0.001
0.099,-0.003
0.100,-0.002
0.100,-0.001
0.099,-0.002
0.100,-0.002
0.098,-0.000
0.099,-0.001
0.099,-0.001
0.099,-0.000
0.100,-0.001
0.099,0.001
0.099,0.001
0.098,-0.002
0.098,-0.002
0.098,-0.002
0.099,-0.002
0.100,-0.002
0.098,-0.001
0.099,-0.003
0.098,-0.003
0.099,-0.005
0.099,-0.006
0.099,-0.004
0.099,-0.003
0.099,-0.003
0.099,-0.001
0.098,-0.000
0.101,0.000
0.100,0.001
0.099,0.000
0.100,0.001
0.099,0.002
0.099,0.002
0.100,0.003
0.098,0.005
0.097,0.005
0.098,0.006
0.098,0.008
0.098,0.007
0.098,0.007
0.099,0.009
0.099,0.008
0.099,0.008
0.099,0.008
0.099,0.006
0.102,0.006
0.101,0.006
0.101,0.005
0.101,0.006
0.102,0.008
0.103,0.007
0.104,0.007
0.104,0.006
0.104,0.005
0.106,0.005
0.105,0.005
0.105,0.005
0.106,0.005
0.106,0.007
0.107,0.007
0.107,0.007
0.107,0.009
0.107,0.008
0.108,0.009
0.108,0.010
0.108,0.010
0.109,0.010
0.108,0.010
0.109,0.009
0.110,0.009
0.111,0.010
0.111,0.009
0.111,0.010
0.112,0.010
0.112,0.010
0.114,0.010
0.114,0.012
0.116,0.011
0.115,0.012
0.116,0.011
0.117,0.010
0.118,0.011
0.117,0.010
0.117,0.009
0.116,0.010
0.115,0.010
0.116,0.009
0.115,0.010
0.115,0.009
0.117,0.007
0.117,0.008
0.117,0.008
0.118,0.008
0.116,0.009
0.117,0.010
0.117,0.010
0.115,0.011
0.116,0.010
0.117,0.009
0.115,0.010
0.117,0.009
0.118,0.010
0.116,0.011
0.118,0.009
0.118,0.011
0.116,0.011
0.118,0.010
0.118,0.010
0.115,0.011
0.117,0.010
0.117,0.011
0.115,0.011
0.116,0.009
0.117,0.010
0.115,0.011
0.116,0.010
0.116,0.010
0.114,0.010
0.116,0.009
0.115,0.009
0.115,0.008
0.114,0.007
0.113,0.008
0.112,0.007
0.113,0.006
0.112,0.006
0.112,0.008
0.114,0.010
0.113,0.011
0.114,0.014
0.114,0.016
0.114,0.017
0.112,0.018
0.112,0.018
0.112,0.018
0.112,0.017
0.113,0.017
0.112,0.017
0.112,0.019
0.112,0.019
0.111,0.020
0.112,0.022
0.112,0.023
0.110,0.024
0.111,0.024
0.111,0.024
0.111,0.023
0.112,0.023
0.112,0.022
0.112,0.022
0.113,0.023
0.112,0.021
0.113,0.021
0.112,0.022
0.111,0.023
0.111,0.024
0.110,0.025
0.110,0.024
0.110,0.024
0.112,0.024
0.111,0.023
0.110,0.023
0.112,0.024
0.111,0.024
0.110,0.025
0.111,0.025
0.111,0.026
0.110,0.026
0.110,0.026
0.111,0.026
0.109,0.027
0.109,0.025
0.110,0.026
0.108,0.027
0.109,0.026
0.108,0.026
0.107,0.027
0.108,0.027
0.108,0.027
0.106,0.028
0.108,0.029
0.108,0.028
0.108,0.029
0.109,0.029
0.109,0.028
0.109,0.029
0.110,0.030
0.111,0.029
0.109,0.030
0.110,0.031
0.110,0.031
0.110,0.033
0.112,0.033
0.112,0.032
0.112,0.032
0.113,0.031
0.113,0.030
0.113,0.030
0.114,0.030
0.115,0.029
0.113,0.032
0.114,0.033
0.115,0.034
0.114,0.036
0.115,0.036
0.116,0.037
0.116,0.038
0.118,0.038
0.118,0.036
0.117,0.037
0.119,0.035
0.120,0.033
0.119,0.035
0.121,0.033
0.123,0.033
0.121,0.034
0.125,0.034
0.126,0.035
0.124,0.038
0.127,0.038
0.127,0.040
0.127,0.041
0.129,0.040
0.130,0.040
0.130,0.041
0.133,0.040
0.133,0.041
0.133,0.041
0.137,0.040
0.134,0.042
0.135,0.041
0.137,0.042
0.135,0.043
0.136,0.040
0.137,0.039
0.135,0.039
0.136,0.037
0.139,0.038
0.136,0.038
0.137,0.037
0.138,0.037
0.136,0.039
0.137,0.039
0.138,0.040
0.136,0.042
0.137,0.042
0.138,0.043
0.136,0.043
0.136,0.044
0.137,0.044
0.135,0.045
0.136,0.045
0.137,0.046
0.135,0.045
0.136,0.044
0.137,0.043
0.135,0.041
0.136,0.040
0.136,0.040
0.136,0.040
0.138,0.041
0.137,0.042
0.136,0.043
0.136,0.045
0.136,0.047
0.134,0.047
0.133,0.047
0.132,0.047
0.130,0.045
0.132,0.046
0.131,0.045
0.129,0.045
0.131,0.046
0.130,0.047
0.128,0.047
0.128,0.048
0.126,0.048
0.124,0.045
0.125,0.045
0.123,0.045
0.121,0.045
0.123,0.047
0.121,0.048
0.121,0.048
0.121,0.049
0.119,0.049
0.118,0.047
0.119,0.049
0.117,0.048
0.115,0.046
0.117,0.048
0.114,0.047
0.115,0.046
0.115,0.047
0.114,0.047
0.114,0.047
0.114,0.047
0.111,0.047
0.110,0.046
0.112,0.045
0.109,0.043
0.110,0.043
0.112,0.043
0.111,0.042
0.110,0.042
0.111,0.044
0.110,0.043
0.109,0.044
0.110,0.044
0.109,0.045
0.108,0.047
0.109,0.047
0.108,0.048
0.106,0.049
0.108,0.049
0.108,0.049
0.107,0.049
0.109,0.049
0.108,0.050
0.108,0.052
0.109,0.052
0.108,0.054
0.108,0.055
0.109,0.054
0.109,0.054
0.108,0.055
0.111,0.057
0.109,0.058
0.108,0.059
0.110,0.059
0.108,0.060
0.109,0.060
0.110,0.059
0.109,0.061
0.109,0.061
0.112,0.062
0.111,0.063
0.111,0.063
0.113,0.063
0.111,0.063
0.112,0.063
0.114,0.062
0.112,0.063
0.112,0.062
0.114,0.062
0.113,0.062
0.113,0.062
0.115,0.062
0.113,0.062
0.114,0.060
0.115,0.059
0.111,0.059
0.113,0.058
0.113,0.059
0.112,0.060
0.113,0.060
0.114,0.062
0.113,0.062
0.115,0.062
0.115,0.064
0.114,0.064
0.115,0.065
0.115,0.065
0.113,0.062
0.115,0.062
0.114,0.060
0.112,0.056
0.114,0.056
0.113,0.055
0.112,0.053
0.114,0.054
0.112,0.055
0.112,0.056
0.113,0.058
0.110,0.059
0.111,0.058
0.111,0.059
0.110,0.060
0.111,0.057
0.112,0.059
0.110,0.059
0.111,0.058
0.111,0.060
0.109,0.061
0.110,0.060
0.110,0.061
0.108,0.060
0.108,0.058
0.110,0.060
0.107,0.059
0.108,0.058
0.109,0.060
0.107,0.059
0.108,0.058
0.108,0.059
0.106,0.058
0.106,0.057
0.106,0.059
0.104,0.060
0.104,0.060
0.104,0.062
0.103,0.061
0.102,0.060
0.101,0.061
0.100,0.061
0.100,0.062
0.100,0.063
0.100,0.064
0.099,0.065
0.100,0.065
0.098,0.064
0.098,0.065
0.098,0.066
0.096,0.067
0.095,0.068
0.095,0.070
0.095,0.069
0.093,0.070
0.094,0.070
0.094,0.070
0.093,0.071
0.093,0.071
0.092,0.072
0.092,0.073
0.092,0.072
0.091,0.072
0.090,0.072
0.091,0.073
0.089,0.074
0.088,0.075
0.089,0.077
0.088,0.078
0.088,0.078
0.089,0.076
0.087,0.076
0.087,0.075
0.088,0.073
0.087,0.072
0.086,0.070
0.088,0.070
0.086,0.070
0.086,0.070
0.087,0.070
0.084,0.072
0.086,0.072
0.085,0.073
0.084,0.073
0.084,0.074
0.085,0.074
0.083,0.074
0.082,0.074
0.084,0.074
0.083,0.074
0.083,0.074
0.083,0.074
0.082,0.075
0.083,0.075
0.083,0.076
0.081,0.076
0.082,0.077
0.081,0.079
0.079,0.079
0.080,0.079
0.079,0.079
0.078,0.079
0.079,0.078
0.078,0.080
0.078,0.079
0.078,0.080
0.078,0.082
0.078,0.082
0.079,0.082
0.078,0.081
0.078,0.078
0.080,0.076
0.078,0.076
0.078,0.073
0.079,0.074
0.078,0.073
0.078,0.073
0.079,0.075
0.078,0.075
0.078,0.075
0.079,0.075
0.078,0.076
0.076,0.076
0.077,0.077
0.076,0.077
0.075,0.076
0.076,0.076
0.074,0.076
0.075,0.075
0.076,0.076
0.074,0.076
0.075,0.076
0.076,0.078
0.075,0.078
0.075,0.076
0.076,0.076
0.075,0.076
0.075,0.075
0.075,0.075
0.074,0.076
0.075,0.075
0.075,0.077
0.073,0.077
0.075,0.075
0.075,0.076
0.073,0.076
0.074,0.075
0.074,0.074
0.072,0.073
0.074,0.071
0.074,0.072
0.073,0.073
0.075,0.074
0.074,0.076
0.073,0.077
0.073,0.078
0.074,0.081
0.072,0.080
0.073,0.080
0.072,0.081
0.071,0.080
0.072,0.079
0.070,0.080
0.070,0.078
0.071,0.080
0.070,0.082
0.070,0.082
0.071,0.084
0.070,0.084
0.070,0.082
0.071,0.082
0.068,0.083
0.069,0.082
0.070,0.082
0.067,0.083
0.069,0.081
0.069,0.082
0.067,0.081
0.068,0.079
0.068,0.078
0.067,0.077
0.067,0.075
0.068,0.074
0.067,0.073
0.067,0.072
0.067,0.074
0.066,0.074
0.066,0.076
0.066,0.078
0.064,0.079
0.065,0.080
0.064,0.081
0.064,0.081
0.063,0.080
0.063,0.082
0.064,0.079
0.063,0.079
0.063,0.079
0.063,0.079
0.063,0.080
0.063,0.081
0.063,0.081
0.063,0.081
0.062,0.081
0.064,0.080
0.062,0.077
0.062,0.076
0.062,0.075
0.062,0.076
0.062,0.076
0.062,0.076
0.062,0.077
0.062,0.077
0.062,0.078
0.061,0.078
0.061,0.078
0.061,0.078
0.060,0.079
0.061,0.078
0.060,0.077
0.059,0.075
0.059,0.075
0.059,0.075
0.058,0.073
0.059,0.073
0.059,0.073
0.058,0.072
0.059,0.072
0.057,0.073
0.057,0.072
0.058,0.073
0.057,0.075
0.057,0.074
0.057,0.075
0.055,0.075
0.055,0.075
0.057,0.075
0.055,0.075
0.056,0.075
0.055,0.075
0.054,0.075
0.054,0.075
0.053,0.075
0.052,0.073
0.051,0.072
0.052,0.072
0.050,0.071
0.051,0.071
0.050,0.072
0.050,0.073
0.049,0.073
0.049,0.074
0.049,0.073
0.049,0.073
0.049,0.075
0.048,0.075
0.049,0.076
0.048,0.077
0.048,0.076
0.049,0.076
0.047,0.077
0.047,0.075
0.047,0.075
0.047,0.075
0.046,0.074
0.046,0.074
0.046,0.075
0.045,0.073
0.046,0.072
0.046,0.072
0.045,0.070
0.046,0.069
0.046,0.070
0.046,0.069
0.046,0.069
0.046,0.069
0.046,0.068
0.047,0.068
0.046,0.068
0.046,0.067
0.046,0.067
0.046,0.067
0.047,0.067
0.046,0.067
0.046,0.067
0.046,0.067
0.047,0.068
0.046,0.067
0.046,0.067
0.047,0.068
0.046,0.068
0.046,0.068
0.046,0.069
0.046,0.069
0.046,0.067
0.046,0.070
0.045,0.071
0.044,0.071
0.044,0.072
0.043,0.073
0.044,0.071
0.043,0.073
0.044,0.071
0.045,0.069
0.045,0.071
0.046,0.070
0.046,0.070
0.045,0.072
0.045,0.072
0.046,0.071
0.045,0.070
0.045,0.068
0.045,0.066
0.043,0.067
0.044,0.066
0.044,0.067
0.043,0.069
0.044,0.068
0.045,0.069
0.042,0.070
0.045,0.069
0.044,0.069
0.041,0.069
0.042,0.067
0.042,0.067
0.040,0.068
0.041,0.066
0.040,0.067
0.037,0.068
0.038,0.067
0.038,0.069
0.035,0.069
0.037,0.068
0.036,0.068
0.036,0.067
0.037,0.066
0.037,0.068
0.036,0.067
0.037,0.066
0.037,0.065
0.036,0.065
0.038,0.064
0.037,0.063
0.036,0.063
0.036,0.062
0.035,0.061
0.035,0.061
0.034,0.062
0.035,0.062
0.034,0.062
0.035,0.063
0.034,0.064
0.034,0.066
0.033,0.067
0.032,0.067
0.032,0.067
0.031,0.066
0.031,0.064
0.032,0.064
0.031,0.065
0.031,0.064
0.031,0.065
0.032,0.066
0.031,0.067
0.031,0.068
0.030,0.067
0.029,0.066
0.029,0.066
0.028,0.066
0.027,0.064
0.026,0.064
0.026,0.063
0.025,0.061
0.025,0.061
0.025,0.060
0.025,0.059
0.025,0.060
0.025,0.060
0.025,0.061
0.024,0.062
0.024,0.062
0.023,0.062
0.023,0.064
0.023,0.064
0.021,0.062
0.020,0.064
0.020,0.062
0.019,0.061
0.017,0.061
0.016,0.060
0.017,0.060
0.015,0.060
0.015,0.058
0.015,0.057
0.014,0.058
0.014,0.055
0.013,0.054
0.012,0.055
0.012,0.055
0.010,0.058
0.008,0.059
0.008,0.060
0.006,0.062
0.007,0.062
0.007,0.060
0.006,0.060
0.004,0.059
0.005,0.059
0.002,0.058
0.001,0.057
0.003,0.058
-0.001,0.059
0.000,0.057
-0.002,0.057
-0.004,0.059
-0.004,0.058
-0.003,0.056
-0.006,0.056
-0.006,0.055
-0.006,0.056
-0.010,0.056
-0.008,0.054
-0.009,0.053
-0.011,0.054
-0.011,0.053
-0.012,0.054
-0.015,0.057
-0.014,0.055
-0.014,0.057
-0.016,0.057
-0.016,0.058
-0.017,0.058
-0.018,0.057
-0.016,0.057
-0.017,0.053
-0.019,0.053
-0.016,0.051
-0.017,0.051
-0.019,0.050
-0.017,0.049
-0.017,0.049
-0.018,0.048
-0.015,0.050
-0.015,0.050
-0.018,0.053
-0.015,0.054
-0.015,0.055
-0.016,0.055
-0.013,0.054
-0.015,0.057
-0.016,0.057
-0.013,0.057
-0.015,0.056
-0.015,0.056
-0.013,0.055
-0.014,0.056
-0.015,0.055
-0.013,0.056
-0.015,0.058
-0.013,0.056
-0.012,0.059
-0.013,0.060
-0.014,0.060
-0.011,0.061
-0.012,0.059
-0.011,0.056
-0.008,0.055
-0.010,0.054
-0.010,0.052
-0.009,0.054
-0.011,0.052
-0.010,0.054
-0.009,0.055
-0.013,0.054
-0.013,0.056
-0.012,0.055
-0.013,0.054
-0.012,0.052
-0.010,0.052
-0.011,0.051
-0.011,0.052
-0.011,0.051
-0.013,0.051
-0.013,0.051
-0.011,0.050
-0.012,0.049
-0.011,0.049
-0.012,0.048
-0.012,0.048
-0.011,0.050
-0.011,0.048
-0.010,0.049
-0.011,0.052
-0.009,0.052
-0.011,0.052
-0.011,0.053
-0.010,0.054
-0.010,0.055
-0.009,0.055
-0.011,0.053
-0.011,0.052
-0.011,0.052
-0.009,0.048
-0.011,0.048
-0.011,0.048
-0.009,0.047
-0.011,0.047
-0.011,0.047
-0.011,0.046
-0.012,0.047
-0.012,0.048
-0.011,0.048
-0.013,0.049
-0.012,0.049
-0.010,0.049
-0.012,0.050
-0.011,0.049
-0.011,0.049
-0.014,0.050
-0.014,0.049
-0.012,0.048
-0.016,0.049
-0.014,0.047
-0.014,0.046
-0.017,0.047
-0.015,0.045
-0.016,0.046
-0.018,0.047
-0.016,0.047
-0.016,0.048
-0.018,0.048
-0.016,0.049
-0.017,0.050
-0.017,0.049
-0.015,0.050
-0.018,0.051
-0.019,0.050
-0.016,0.049
-0.019,0.049
-0.021,0.046
-0.018,0.046
-0.020,0.046
-0.022,0.044
-0.020,0.045
-0.023,0.045
-0.023,0.044
-0.021,0.046
-0.024,0.047
-0.024,0.047
-0.023,0.048
-0.027,0.048
-0.028,0.047
-0.026,0.047
-0.028,0.047
-0.028,0.044
-0.026,0.044
-0.028,0.044
-0.028,0.043
-0.027,0.043
-0.029,0.043
-0.029,0.043
-0.027,0.042
-0.029,0.043
-0.028,0.043
-0.028,0.043
-0.030,0.044
-0.029,0.044
-0.029,0.044
-0.030,0.043
-0.030,0.041
-0.029,0.041
-0.030,0.040
-0.031,0.039
-0.030,0.040
-0.033,0.040
-0.032,0.040
-0.031,0.041
-0.031,0.040
-0.030,0.040
-0.029,0.041
-0.029,0.040
-0.029,0.040
-0.029,0.040
-0.030,0.039
-0.030,0.039
-0.030,0.038
-0.032,0.036
-0.032,0.037
-0.031,0.039
-0.033,0.037
-0.033,0.037
-0.032,0.038
-0.033,0.036
-0.032,0.038
-0.032,0.037
-0.032,0.037
-0.032,0.038
-0.031,0.038
-0.032,0.038
-0.031,0.038
-0.030,0.037
-0.030,0.036
-0.030,0.036
-0.029,0.033
-0.030,0.033
-0.029,0.032
-0.029,0.032
-0.030,0.032
-0.029,0.031
-0.028,0.031
-0.030,0.030
-0.029,0.032
-0.027,0.033
-0.028,0.034
-0.027,0.035
-0.026,0.036
-0.026,0.038
-0.025,0.038
-0.024,0.038
-0.026,0.039
-0.024,0.040
-0.024,0.037
-0.025,0.036
-0.023,0.036
-0.022,0.034
-0.023,0.033
-0.023,0.033
-0.022,0.032
-0.024,0.033
-0.023,0.034
-0.023,0.034
-0.025,0.034
-0.023,0.033
-0.023,0.032
-0.024,0.032
-0.023,0.030
-0.023,0.029
-0.024,0.028
-0.024,0.026
-0.021,0.025
-0.023,0.026
-0.021,0.026
-0.020,0.026
-0.021,0.027
-0.020,0.028
-0.020,0.028
-0.022,0.029
-0.021,0.028
-0.022,0.029
-0.023,0.029
-0.020,0.030
-0.022,0.030
-0.021,0.029
-0.019,0.029
-0.022,0.029
-0.022,0.029
-0.020,0.029
-0.022,0.028
-0.023,0.028
-0.021,0.028
-0.023,0.029
-0.025,0.028
-0.022,0.029
-0.025,0.029
-0.026,0.027
-0.024,0.025
-0.025,0.025
-0.026,0.023
-0.025,0.023
-0.027,0.024
-0.026,0.024
-0.024,0.024
-0.026,0.024
-0.027,0.024
-0.026,0.024
-0.028,0.024
-0.029,0.023
-0.028,0.022
-0.031,0.023
-0.032,0.022
-0.031,0.021
-0.033,0.020
-0.034,0.020
-0.033,0.020
-0.035,0.020
-0.036,0.019
-0.035,0.018
-0.037,0.018
-0.038,0.017
-0.037,0.017
-0.040,0.017
-0.040,0.017
-0.040,0.017
-0.042,0.016
-0.042,0.016
-0.042,0.015
-0.043,0.015
-0.043,0.016
-0.042,0.018
-0.044,0.020
-0.043,0.022
-0.042,0.023
-0.044,0.024
-0.043,0.024
-0.043,0.024
-0.045,0.023
-0.044,0.023
-0.043,0.023
-0.045,0.023
-0.044,0.023
-0.043,0.023
-0.045,0.023
-0.044,0.023
-0.043,0.023
-0.045,0.023
-0.045,0.022
-0.046,0.021
-0.047,0.020
-0.046,0.019
-0.046,0.020
-0.047,0.020
-0.046,0.022
-0.045,0.023
-0.046,0.023
-0.045,0.023
-0.046,0.023
-0.045,0.021
-0.044,0.021
-0.044,0.020
-0.045,0.019
-0.043,0.019
-0.043,0.019
-0.044,0.021
-0.042,0.022
-0.042,0.023
-0.042,0.022
-0.040,0.022
-0.040,0.023
-0.039,0.022
-0.037,0.023
-0.038,0.023
-0.037,0.022
-0.035,0.022
-0.036,0.020
-0.035,0.019
-0.034,0.019
-0.035,0.018
-0.035,0.017
-0.034,0.019
-0.035,0.019
-0.034,0.019
-0.032,0.021
-0.032,0.021
-0.030,0.023
-0.029,0.024
-0.029,0.023
-0.029,0.022
-0.027,0.022
-0.027,0.020
-0.026,0.020
-0.025,0.020
-0.024,0.020
-0.024,0.021
-0.022,0.020
-0.022,0.020
-0.023,0.021
-0.021,0.021
-0.020,0.022
-0.022,0.022
-0.019,0.021
-0.019,0.019
-0.020,0.019
-0.018,0.017
-0.019,0.015
-0.019,0.015
-0.018,0.014
-0.018,0.013
-0.019,0.014
-0.017,0.015
-0.017,0.014
-0.018,0.013
-0.015,0.013
-0.016,0.013
-0.016,0.011
-0.015,0.009
-0.016,0.009
-0.016,0.008
-0.015,0.007
-0.017,0.007
-0.016,0.005
-0.015,0.004
-0.017,0.004
-0.016,0.003
-0.015,0.005
-0.017,0.007
-0.017,0.008
-0.017,0.010
-0.018,0.011
-0.018,0.010
-0.016,0.011
-0.018,0.009
-0.017,0.008
-0.016,0.007
-0.019,0.005
-0.016,0.003
-0.017,0.003
-0.018,0.002
-0.017,0.002
-0.018,0.003
-0.019,0.003
-0.018,0.004
-0.019,0.004
-0.020,0.002
-0.019,0.002
-0.020,0.002
-0.020,0.000
-0.020,-0.000
-0.022,0.000
-0.022,-0.001
-0.022,-0.001
-0.024,0.000
-0.025,-0.002
-0.024,-0.001
-0.025,-0.002
-0.026,-0.002
-0.025,-0.001
-0.027,0.000
-0.028,-0.001
-0.028,0.000
-0.029,0.001
-0.029,0.000
-0.029,0.001
-0.029,0.001
-0.029,0.000
-0.030,0.000
-0.031,0.000
-0.032,-0.001
-0.033,-0.001
-0.034,-0.001
-0.035,-0.002
-0.036,-0.000
-0.036,-0.001
-0.036,-0.001
-0.036,0.001
-0.037,0.002
-0.036,0.002
-0.037,0.003
-0.038,0.003
-0.037,0.002
-0.037,0.003
-0.038,0.004
-0.037,0.004
-0.037,0.004
-0.037,0.003
-0.035,0.003
-0.036,0.004
-0.035,0.002
-0.034,0.001
-0.036,0.002
-0.034,-0.000
-0.034,0.001
-0.035,0.002
-0.034,0.001
-0.034,0.003
-0.034,0.006
-0.034,0.006
-0.034,0.008
-0.034,0.008
-0.032,0.006
-0.032,0.006
-0.033,0.007
-0.031,0.005
-0.031,0.006
-0.033,0.005
-0.032,0.004
-0.032,0.004
-0.033,0.003
-0.031,0.001
-0.031,0.000
-0.030,0.001
-0.029,-0.001
-0.029,0.000
-0.028,0.000
-0.028,0.000
-0.027,0.001
-0.026,0.001
-0.026,0.003
-0.026,0.004
-0.026,0.004
-0.026,0.004
-0.026,0.004
-0.025,0.003
-0.025,0.003
-0.025,0.003
-0.024,0.004
-0.024,0.006
-0.024,0.006
-0.023,0.006
-0.022,0.005
-0.022,0.003
-0.020,0.003
-0.022,0.002
-0.020,0.001
-0.019,0.002
-0.019,0.002
-0.019,-0.000
-0.018,-0.001
-0.018,-0.001
-0.018,-0.003
-0.016,-0.002
-0.017,-0.002
-0.016,-0.003
-0.016,-0.002
-0.018,-0.003
-0.016,-0.003
-0.016,-0.002
-0.015,-0.003
-0.014,-0.004
-0.012,-0.003
-0.011,-0.005
-0.011,-0.006
-0.010,-0.006
-0.010,-0.007
-0.008,-0.007
-0.010,-0.007
-0.010,-0.006
-0.009,-0.004
-0.009,-0.002
-0.008,-0.002
-0.009,-0.000
-0.008,0.001
-0.008,-0.001
-0.006,-0.002
-0.007,-0.003
-0.005,-0.005
-0.005,-0.006
-0.006,-0.007
-0.005,-0.010
-0.005,-0.009
-0.005,-0.009
-0.004,-0.011
-0.003,-0.010
-0.004,-0.009
-0.002,-0.010
-0.003,-0.009
-0.003,-0.008
-0.002,-0.009
-0.002,-0.008
-0.002,-0.006
-0.000,-0.008
-0.001,-0.007
-0.001,-0.009
0.001,-0.010
-0.000,-0.008
0.000,-0.009
0.001,-0.009
0.000,-0.006
0.003,-0.007
0.003,-0.007
0.002,-0.005
0.003,-0.008
0.004,-0.007
0.001,-0.007
0.002,-0.009
0.004,-0.008
0.001,-0.007
0.004,-0.008
0.004,-0.007
0.001,-0.005
0.003,-0.007
0.003,-0.006
0.002,-0.006
0.002,-0.007
0.004,-0.006
0.003,-0.007
0.004,-0.008
0.004,-0.008
0.005,-0.008
0.007,-0.008
0.007,-0.008
0.007,-0.008
0.008,-0.008
0.009,-0.007
0.009,-0.007
0.010,-0.007
0.010,-0.007
0.010,-0.006
0.010,-0.006
0.010,-0.007
0.011,-0.006
0.011,-0.007
0.010,-0.007
0.011,-0.006
0.011,-0.005
0.010,-0.004
0.010,-0.003
0.011,-0.002
0.011,-0.001
0.010,-0.001
0.011,-0.002
0.010,-0.002
0.011,-0.003
0.012,-0.002
0.012,-0.002
0.013,-0.002
0.014,-0.002
0.014,-0.003
0.014,-0.003
0.015,-0.005
0.015,-0.006
0.015,-0.007
0.016,-0.008
0.015,-0.008
0.015,-0.008
0.015,-0.007
0.015,-0.007
0.015,-0.005
0.015,-0.006
0.015,-0.007
0.016,-0.009
0.017,-0.010
0.017,-0.010
0.017,-0.011
0.017,-0.010
0.017,-0.009
0.017,-0.009
0.017,-0.009
0.016,-0.010
0.018,-0.011
0.018,-0.013
0.017,-0.013
0.018,-0.014
0.018,-0.013
0.018,-0.013
0.019,-0.014
0.019,-0.012
0.018,-0.012
0.019,-0.011
0.020,-0.009
0.019,-0.008
0.021,-0.007
0.021,-0.007
0.020,-0.008
0.022,-0.009
0.022,-0.010
0.021,-0.010
0.022,-0.011
0.023,-0.010
0.022,-0.010
0.023,-0.011
0.023,-0.013
0.023,-0.013
0.024,-0.013
0.023,-0.013
0.023,-0.011
0.022,-0.009
0.022,-0.008
0.021,-0.007
0.022,-0.005
0.023,-0.007
0.024,-0.007
0.024,-0.009
0.024,-0.011
0.025,-0.013
0.026,-0.013
0.026,-0.014
0.027,-0.013
0.027,-0.011
0.028,-0.011
0.028,-0.009
0.028,-0.010
0.029,-0.010
0.029,-0.010
0.029,-0.012
0.030,-0.013
0.029,-0.010
0.030,-0.011
0.032,-0.011
0.032,-0.008
0.033,-0.009
0.034,-0.007
0.033,-0.006
0.034,-0.007
0.036,-0.007
0.035,-0.005
0.036,-0.006
0.036,-0.006
0.035,-0.005
0.036,-0.007
0.036,-0.007
0.035,-0.006
0.037,-0.008
0.037,-0.007
0.037,-0.008
0.039,-0.008
0.039,-0.008
0.039,-0.007
0.041,-0.008
0.039,-0.007
0.040,-0.008
0.040,-0.009
0.038,-0.009
0.039,-0.012
0.040,-0.013
0.038,-0.014
0.039,-0.014
0.041,-0.013
0.038,-0.011
0.040,-0.010
0.041,-0.011
0.039,-0.010
0.040,-0.011
0.042,-0.012
0.040,-0.013
0.041,-0.014
0.042,-0.014
0.040,-0.014
0.040,-0.013
0.041,-0.014
0.040,-0.013
0.041,-0.013
0.041,-0.014
0.040,-0.013
0.042,-0.013
0.043,-0.013
0.041,-0.012
0.043,-0.012
0.043,-0.012
0.043,-0.011
0.045,-0.012
0.045,-0.012
0.043,-0.012
0.046,-0.013
0.046,-0.013
0.043,-0.014
0.045,-0.015
0.044,-0.013
0.043,-0.013
0.045,-0.013
0.045,-0.011
0.043,-0.009
0.046,-0.009
0.046,-0.008
0.044,-0.008
0.047,-0.009
0.047,-0.009
0.046,-0.010
0.049,-0.011
0.049,-0.011
0.048,-0.012
0.050,-0.014
0.049,-0.013
0.049,-0.013
0.050,-0.013
0.049,-0.012
0.048,-0.011
0.051,-0.011
0.049,-0.012
0.049,-0.012
0.052,-0.011
0.050,-0.012
0.051,-0.011
0.053,-0.009
0.052,-0.007
0.053,-0.007
0.055,-0.005
0.052,-0.005
0.052,-0.005
0.053,-0.005
0.051,-0.006
0.053,-0.008
0.054,-0.007
0.052,-0.007
0.055,-0.008
0.055,-0.007
0.054,-0.007
0.054,-0.007
0.055,-0.008
0.052,-0.008
0.054,-0.008
0.055,-0.008
0.054,-0.008
0.055,-0.007
0.056,-0.005
0.055,-0.004
0.056,-0.004
0.058,-0.003
0.057,-0.004
0.060,-0.004
0.060,-0.005
0.060,-0.005
0.060,-0.005
0.062,-0.004
0.060,-0.003
0.060,-0.002
0.061,-0.002
0.060,-0.003
0.060,-0.002
0.061,-0.003
0.060,-0.004
0.061,-0.004
0.062,-0.005
0.062,-0.005
0.063,-0.007
0.064,-0.009
0.064,-0.009
0.065,-0.008
0.067,-0.009
0.065,-0.007
0.066,-0.006
0.068,-0.006
0.068,-0.004
0.070,-0.004
0.071,-0.003
0.071,-0.003
0.073,-0.004
0.075,-0.005
0.074,-0.005
0.077,-0.005
0.078,-0.006
0.075,-0.004
0.078,-0.005
0.078,-0.004
0.079,-0.004
0.080,-0.003
0.080,-0.002
0.080,-0.000
0.083,0.001
0.082,0.001
0.081,0.000
0.085,0.002
0.084,0.004
0.084,0.003
0.086,0.005
0.086,0.006
0.088,0.005
0.090,0.007
0.089,0.008
0.089,0.009
0.093,0.009
0.091,0.009
0.092,0.007
0.093,0.005
0.092,0.004
0.093,0.003
0.094,0.004
0.092,0.003
0.093,0.003
0.097,0.004
0.095,0.004
0.096,0.003
0.098,0.004
0.098,0.004
0.098,0.002
0.102,0.001
0.101,0.000
0.101,0.001
0.104,0.002
0.102,0.002
0.102,0.003
0.103,0.004
0.102,0.006
0.102,0.005
0.101,0.003
0.101,0.004
0.101,0.003
0.105,0.000
0.102,-0.001
0.101,-0.002
0.102,-0.000
0.100,-0.001
0.101,-0.001
0.101,-0.000
0.102,0.000
0.102,0.000
0.102,0.000
0.101,0.001
0.101,-0.002
0.103,-0.002
0.101,-0.004
0.102,-0.006
0.103,-0.005
0.102,-0.005
0.104,-0.004
0.105,-0.004
0.103,-0.003
0.103,-0.003
0.104,-0.002
0.101,-0.004
0.102,-0.004
0.102,-0.003
0.102,-0.003
0.102,-0.002
0.101,-0.000
0.100,0.001
0.101,0.002
0.101,0.001
0.100,-0.001
0.102,-0.001
0.101,-0.001
0.101,-0.003
0.101,-0.003
0.100,-0.003
0.101,-0.002
0.101,0.000
0.101,0.001
0.099,-0.000
0.099,0.003
0.098,0.004
0.099,0.002
0.098,0.004
0.097,0.004
0.098,0.004
0.097,0.003
0.098,0.001
0.096,-0.002
0.098,-0.003
0.098,-0.005
0.098,-0.007
0.097,-0.007
0.097,-0.010
0.098,-0.008
0.097,-0.007
0.098,-0.006
0.097,-0.003
0.096,-0.003
0.097,-0.001
0.096,-0.003
0.096,-0.003
0.097,-0.004
0.096,-0.004
0.095,-0.003
0.095,-0.004
0.094,-0.003
0.096,-0.003
0.097,-0.002
0.097,-0.003
0.097,-0.001
0.098,-0.000
0.098,-0.001
0.099,-0.002
0.099,-0.002
0.097,-0.002
0.099,-0.003
0.098,-0.003
0.097,-0.004
0.099,-0.003
0.099,-0.001
0.100,-0.001
0.101,0.001
0.101,0.003
0.101,0.002
0.104,0.003
0.102,0.005
0.102,0.004
0.104,0.004
0.103,0.005
0.104,0.004
0.106,0.004
0.106,0.003
0.108,0.002
0.109,0.003
0.109,0.005
0.110,0.004
0.110,0.006
0.110,0.007
0.111,0.006
0.110,0.008
0.111,0.006
0.113,0.006
0.111,0.005
0.112,0.004
0.114,0.003
0.113,0.004
0.113,0.004
0.114,0.004
0.114,0.008
0.115,0.007
0.116,0.007
0.115,0.009
0.114,0.007
0.116,0.006
0.115,0.006
0.115,0.004
0.115,0.002
0.114,0.004
0.115,0.003
0.115,0.004
0.115,0.006
0.116,0.006
0.117,0.007
0.117,0.008
0.117,0.007
0.117,0.007
0.117,0.008
0.117,0.008
0.117,0.010
0.117,0.013
0.117,0.014
0.117,0.016
0.115,0.017
0.115,0.017
0.115,0.017
0.114,0.018
0.115,0.016
0.115,0.015
0.116,0.013
0.118,0.012
0.117,0.013
0.117,0.013
0.116,0.013
0.115,0.014
0.113,0.014
0.114,0.011
0.113,0.011
0.112,0.010
0.114,0.009
0.113,0.009
0.113,0.008
0.113,0.007
0.112,0.008
0.112,0.009
0.113,0.010
0.111,0.011
0.112,0.013
0.114,0.013
0.112,0.015
0.114,0.013
0.114,0.014
0.112,0.016
0.113,0.013
0.113,0.015
0.111,0.016
0.112,0.014
0.112,0.014
0.110,0.015
0.112,0.013
0.112,0.013
0.110,0.013
0.111,0.013
0.111,0.016
0.110,0.017
0.112,0.018
0.111,0.019
0.111,0.019
0.113,0.019
0.112,0.018
0.111,0.017
0.113,0.016
0.112,0.016
0.111,0.016
0.113,0.017
0.113,0.018
0.112,0.018
0.114,0.018
0.113,0.017
0.113,0.017
0.114,0.018
0.114,0.019
0.114,0.018
0.114,0.018
0.113,0.019
0.113,0.018
0.114,0.017
0.113,0.017
0.112,0.017
0.113,0.016
0.112,0.016
0.112,0.019
0.113,0.019
0.112,0.019
0.110,0.019
0.111,0.020
0.110,0.020
0.110,0.021
0.110,0.020
0.109,0.020
0.109,0.020
0.110,0.018
0.109,0.017
0.108,0.017
0.110,0.018
0.110,0.018
0.109,0.020
0.110,0.019
0.109,0.019
0.109,0.021
0.109,0.020
0.108,0.020
0.108,0.021
0.108,0.021
0.108,0.020
0.108,0.021
0.111,0.021
0.110,0.021
0.112,0.023
0.112,0.023
0.112,0.025
0.113,0.027
0.113,0.028
0.113,0.028
0.114,0.029
0.115,0.028
0.114,0.028
0.115,0.029
0.116,0.029
0.114,0.029
0.116,0.028
0.115,0.029
0.116,0.029
0.117,0.028
0.117,0.028
0.116,0.029
0.117,0.030
0.118,0.031
0.116,0.032
0.118,0.033
0.120,0.032
0.120,0.033
0.121,0.034
0.123,0.034
0.123,0.034
0.123,0.035
0.125,0.033
0.124,0.033
0.126,0.033
0.126,0.032
0.125,0.033
0.126,0.033
0.126,0.034
0.125,0.036
0.125,0.037
0.127,0.037
0.126,0.039
0.127,0.039
0.128,0.037
0.128,0.038
0.130,0.037
0.132,0.037
0.130,0.039
0.133,0.038
0.134,0.038
0.133,0.040
0.135,0.039
0.136,0.039
0.135,0.041
0.136,0.039
0.136,0.038
0.133,0.038
0.135,0.036
0.135,0.037
0.132,0.038
0.136,0.038
0.136,0.038
0.134,0.039
0.136,0.038
0.136,0.039
0.134,0.039
0.136,0.038
0.136,0.039
0.135,0.040
0.137,0.039
0.136,0.039
0.133,0.039
0.135,0.037
0.133,0.037
0.132,0.036
0.133,0.035
0.132,0.036
0.130,0.034
0.131,0.034
0.129,0.036
0.129,0.036
0.131,0.036
0.127,0.038
0.127,0.038
0.127,0.037
0.124,0.038
0.124,0.037
0.124,0.037
0.121,0.038
0.122,0.037
0.124,0.039
0.120,0.040
0.122,0.040
0.123,0.041
0.119,0.041
0.120,0.040
0.121,0.041
0.119,0.041
0.119,0.040
0.119,0.042
0.117,0.043
0.117,0.044
0.117,0.044
0.113,0.045
0.114,0.044
0.114,0.044
0.112,0.044
0.113,0.044
0.113,0.045
0.111,0.045
0.111,0.045
0.111,0.045
0.109,0.043
0.111,0.043
0.110,0.043
0.109,0.043
0.110,0.044
0.108,0.045
0.107,0.045
0.107,0.046
0.107,0.046
0.106,0.045
0.107,0.047
0.106,0.047
0.106,0.047
0.107,0.047
0.106,0.048
0.106,0.049
0.108,0.050
0.107,0.050
0.106,0.049
0.108,0.049
0.107,0.048
0.106,0.047
0.106,0.048
0.106,0.048
0.105,0.049
0.106,0.050
0.106,0.050
0.105,0.050
0.106,0.050
0.106,0.048
0.106,0.048
0.108,0.048
0.108,0.048
0.108,0.050
0.109,0.051
0.110,0.051
0.110,0.052
0.111,0.053
0.113,0.052
0.112,0.052
0.113,0.051
0.112,0.050
0.111,0.051
0.112,0.051
0.112,0.051
0.111,0.052
0.112,0.052
0.113,0.052
0.112,0.053
0.113,0.053
0.114,0.053
0.113,0.054
0.115,0.052
0.115,0.052
0.114,0.053
0.117,0.050
0.116,0.050
0.115,0.050
0.117,0.050
0.117,0.050
0.117,0.052
0.119,0.051
0.118,0.052
0.117,0.053
0.118,0.054
0.116,0.055
0.115,0.055
0.116,0.055
0.114,0.055
0.113,0.055
0.116,0.054
0.113,0.055
0.112,0.055
0.115,0.054
0.113,0.056
0.113,0.056
0.114,0.057
0.112,0.058
0.112,0.058
0.114,0.059
0.110,0.060
0.111,0.061
0.112,0.061
0.109,0.062
0.108,0.062
0.109,0.061
0.106,0.062
0.106,0.061
0.108,0.061
0.106,0.062
0.106,0.062
0.107,0.062
0.105,0.062
0.105,0.062
0.106,0.062
0.104,0.063
0.104,0.063
0.105,0.065
0.104,0.065
0.103,0.065
0.103,0.065
0.101,0.065
0.101,0.065
0.101,0.065
0.099,0.064
0.100,0.064
0.100,0.065
0.098,0.065
0.098,0.066
0.099,0.067
0.098,0.065
0.099,0.066
0.100,0.067
0.099,0.067
0.099,0.066
0.099,0.067
0.097,0.065
0.097,0.064
0.097,0.064
0.095,0.062
0.096,0.062
0.097,0.062
0.095,0.062
0.095,0.063
0.095,0.063
0.094,0.063
0.093,0.065
0.093,0.064
0.093,0.062
0.093,0.063
0.092,0.062
0.092,0.062
0.092,0.064
0.091,0.065
0.091,0.066
0.091,0.068
0.090,0.069
0.089,0.068
0.089,0.072
0.088,0.072
0.087,0.073
0.088,0.074
0.086,0.073
0.085,0.073
0.085,0.074
0.086,0.072
0.084,0.072
0.084,0.073
0.084,0.073
0.083,0.074
0.083,0.074
0.084,0.074
0.083,0.074
0.083,0.072
0.083,0.072
0.084,0.072
0.083,0.073
0.084,0.073
0.083,0.072
0.083,0.073
0.083,0.073
0.081,0.074
0.082,0.075
0.081,0.075
0.081,0.074
0.081,0.073
0.081,0.074
0.080,0.073
0.081,0.073
0.081,0.073
0.080,0.073
0.082,0.073
0.080,0.074
0.080,0.074
0.080,0.073
0.079,0.073
0.078,0.072
0.078,0.074
0.078,0.073
0.077,0.072
0.077,0.073
0.077,0.071
0.076,0.069
0.076,0.069
0.076,0.068
0.078,0.067
0.077,0.067
0.077,0.066
0.077,0.066
0.077,0.068
0.075,0.068
0.075,0.069
0.074,0.070
0.074,0.071
0.075,0.071
0.075,0.072
0.075,0.071
0.075,0.071
0.075,0.072
0.075,0.070
0.075,0.069
0.075,0.071
0.075,0.071
0.075,0.070
0.074,0.072
0.074,0.072
0.075,0.072
0.075,0.073
0.073,0.072
0.073,0.072
0.072,0.074
0.072,0.072
0.072,0.073
0.072,0.074
0.072,0.073
0.072,0.073
0.072,0.075
0.072,0.074
0.072,0.075
0.071,0.075
0.070,0.073
0.070,0.075
0.069,0.075
0.069,0.074
0.069,0.074
0.069,0.074
0.070,0.073
0.069,0.074
0.068,0.074
0.068,0.073
0.068,0.074
0.067,0.075
0.067,0.075
0.067,0.077
0.067,0.077
0.068,0.076
0.068,0.077
0.068,0.078
0.069,0.076
0.068,0.077
0.068,0.076
0.069,0.074
0.068,0.073
0.067,0.071
0.068,0.070
0.066,0.071
0.067,0.072
0.067,0.072
0.065,0.075
0.066,0.074
0.066,0.074
0.064,0.074
0.065,0.071
0.066,0.072
0.064,0.072
0.065,0.071
0.065,0.071
0.062,0.073
0.064,0.072
0.063,0.074
0.060,0.075
0.062,0.074
0.062,0.075
0.060,0.075
0.063,0.075
0.063,0.075
0.063,0.077
0.064,0.077
0.063,0.078
0.063,0.079
0.063,0.078
0.062,0.077
0.061,0.076
0.062,0.076
0.061,0.075
0.060,0.072
0.062,0.072
0.061,0.071
0.061,0.070
0.062,0.070
0.061,0.070
0.061,0.071
0.062,0.071
0.061,0.071
0.060,0.071
0.061,0.071
0.060,0.070
0.059,0.070
0.060,0.071
0.059,0.071
0.059,0.072
0.060,0.073
0.059,0.073
0.058,0.074
0.058,0.075
0.057,0.075
0.057,0.076
0.058,0.076
0.056,0.075
0.056,0.075
0.057,0.073
0.057,0.073
0.057,0.073
0.057,0.072
0.057,0.072
0.057,0.073
0.057,0.072
0.056,0.071
0.056,0.072
0.055,0.071
0.056,0.069
0.055,0.069
0.054,0.068
0.055,0.069
0.054,0.070
0.054,0.069
0.054,0.068
0.053,0.070
0.054,0.067
0.052,0.067
0.051,0.068
0.051,0.068
0.051,0.069
0.050,0.071
0.051,0.070
0.050,0.071
0.050,0.072
0.051,0.071
0.050,0.071
0.051,0.069
0.051,0.068
0.050,0.068
0.051,0.067
0.051,0.068
0.049,0.069
0.050,0.069
0.050,0.070
0.047,0.071
0.048,0.071
0.047,0.071
0.046,0.072
0.046,0.072
0.047,0.072
0.046,0.073
0.048,0.073
0.049,0.072
0.048,0.072
0.049,0.071
0.051,0.070
0.050,0.071
0.050,0.069
0.050,0.067
0.049,0.067
0.049,0.066
0.049,0.065
0.047,0.067
0.048,0.069
0.049,0.069
0.047,0.071
0.046,0.070
0.047,0.069
0.047,0.070
0.046,0.071
0.048,0.071
0.046,0.071
0.047,0.070
0.046,0.069
0.045,0.069
0.046,0.068
0.045,0.067
0.043,0.067
0.044,0.066
0.045,0.065
0.043,0.066
0.044,0.064
0.044,0.063
0.042,0.063
0.043,0.061
0.043,0.060
0.041,0.061
0.042,0.060
0.041,0.061
0.039,0.061
0.040,0.060
0.040,0.062
0.039,0.062
0.041,0.062
0.040,0.062
0.039,0.062
0.040,0.061
0.039,0.061
0.038,0.061
0.040,0.060
0.039,0.061
0.037,0.062
0.038,0.062
0.038,0.065
0.035,0.066
0.037,0.065
0.036,0.066
0.036,0.065
0.036,0.063
0.035,0.063
0.034,0.061
0.036,0.061
0.033,0.061
0.034,0.061
0.035,0.063
0.032,0.064
0.034,0.062
0.035,0.063
0.032,0.064
0.033,0.062
0.035,0.063
0.033,0.063
0.035,0.061
0.036,0.062
0.033,0.062
0.035,0.061
0.036,0.061
0.034,0.061
0.036,0.060
0.036,0.061
0.033,0.061
0.035,0.062
0.035,0.064
0.031,0.064
0.032,0.065
0.031,0.065
0.029,0.064
0.030,0.063
0.029,0.064
0.028,0.062
0.029,0.061
0.028,0.061
0.027,0.060
0.028,0.062
0.026,0.062
0.024,0.063
0.025,0.065
0.023,0.065
0.022,0.063
0.022,0.064
0.021,0.064
0.020,0.061
0.020,0.061
0.018,0.060
0.017,0.058
0.017,0.058
0.015,0.056
0.014,0.056
0.015,0.056
0.015,0.055
0.014,0.055
0.014,0.057
0.013,0.057
0.011,0.058
0.010,0.059
0.008,0.059
0.007,0.061
0.007,0.060
0.006,0.059
0.004,0.058
0.006,0.057
0.006,0.054
0.005,0.055
0.004,0.054
0.004,0.055
0.002,0.057
0.003,0.055
0.002,0.056
-0.001,0.056
0.001,0.057
0.000,0.056
-0.003,0.056
-0.003,0.055
-0.003,0.054
-0.005,0.056
-0.004,0.055
-0.005,0.056
-0.007,0.057
-0.005,0.057
-0.006,0.056
-0.007,0.056
-0.007,0.055
-0.009,0.055
-0.011,0.056
-0.009,0.053
-0.013,0.054
-0.013,0.055
-0.011,0.055
-0.013,0.056
-0.013,0.055
-0.011,0.056
-0.012,0.056
-0.011,0.056
-0.010,0.054
-0.012,0.055
-0.011,0.054
-0.010,0.052
-0.012,0.051
-0.012,0.051
-0.012,0.052
-0.013,0.052
-0.015,0.052
-0.013,0.052
-0.014,0.055
-0.013,0.055
-0.012,0.054
-0.014,0.054
-0.013,0.055
-0.012,0.054
-0.014,0.052
-0.015,0.053
-0.015,0.052
-0.016,0.052
-0.015,0.050
-0.014,0.049
-0.015,0.049
-0.012,0.049
-0.013,0.049
-0.015,0.050
-0.014,0.051
-0.014,0.051
-0.014,0.053
-0.013,0.053
-0.012,0.053
-0.015,0.055
-0.012,0.054
-0.012,0.055
-0.014,0.053
-0.013,0.052
-0.011,0.053
-0.013,0.052
-0.012,0.050
-0.011,0.050
-0.014,0.049
-0.010,0.048
-0.010,0.049
-0.013,0.049
-0.011,0.049
-0.011,0.051
-0.011,0.050
-0.009,0.050
-0.008,0.052
-0.011,0.054
-0.007,0.054
-0.007,0.054
-0.009,0.053
-0.005,0.054
-0.007,0.054
-0.007,0.053
-0.008,0.054
-0.008,0.054
-0.008,0.053
-0.006,0.053
-0.008,0.052
-0.008,0.051
-0.006,0.052
-0.008,0.052
-0.007,0.049
-0.006,0.049
-0.007,0.049
-0.007,0.048
-0.006,0.050
-0.009,0.050
-0.009,0.051
-0.007,0.051
-0.010,0.050
-0.010,0.048
-0.009,0.048
-0.011,0.047
-0.010,0.046
-0.011,0.046
-0.013,0.046
-0.012,0.046
-0.012,0.049
-0.014,0.048
-0.013,0.048
-0.013,0.049
-0.014,0.049
-0.015,0.049
-0.015,0.047
-0.016,0.046
-0.018,0.045
-0.018,0.043
-0.019,0.041
-0.019,0.042
-0.019,0.042
-0.019,0.042
-0.019,0.043
-0.019,0.042
-0.018,0.042
-0.018,0.042
-0.017,0.042
-0.019,0.041
-0.019,0.041
-0.018,0.040
-0.020,0.039
-0.020,0.039
-0.020,0.039
-0.020,0.042
-0.021,0.041
-0.020,0.041
-0.022,0.043
-0.022,0.042
-0.021,0.042
-0.022,0.044
-0.023,0.045
-0.022,0.044
-0.024,0.045
-0.024,0.044
-0.023,0.043
-0.026,0.043
-0.027,0.043
-0.026,0.043
-0.028,0.043
-0.027,0.042
-0.027,0.042
-0.030,0.043
-0.029,0.041
-0.029,0.041
-0.032,0.041
-0.031,0.041
-0.031,0.042
-0.032,0.042
-0.032,0.043
-0.032,0.043
-0.032,0.042
-0.030,0.042
-0.031,0.041
-0.030,0.041
-0.029,0.040
-0.029,0.041
-0.030,0.040
-0.029,0.042
-0.029,0.043
-0.029,0.042
-0.028,0.044
-0.028,0.045
-0.028,0.044
-0.027,0.043
-0.028,0.043
-0.029,0.040
-0.027,0.040
-0.028,0.039
-0.029,0.038
-0.026,0.039
-0.027,0.040
-0.026,0.039
-0.025,0.040
-0.026,0.041
-0.026,0.040
-0.026,0.040
-0.026,0.040
-0.027,0.038
-0.026,0.038
-0.027,0.036
-0.027,0.034
-0.026,0.035
-0.028,0.034
-0.027,0.035
-0.027,0.036
-0.026,0.036
-0.026,0.037
-0.025,0.037
-0.025,0.037
-0.025,0.036
-0.025,0.035
-0.026,0.033
-0.025,0.033
-0.026,0.033
-0.027,0.034
-0.026,0.034
-0.025,0.038
-0.025,0.038
-0.025,0.039
-0.025,0.040
-0.026,0.041
-0.025,0.040
-0.024,0.041
-0.026,0.039
-0.025,0.037
-0.026,0.037
-0.027,0.034
-0.027,0.033
-0.027,0.034
-0.027,0.032
-0.025,0.034
-0.026,0.037
-0.025,0.038
-0.024,0.038
-0.025,0.039
-0.024,0.036
-0.024,0.036
-0.025,0.035
-0.024,0.032
-0.025,0.032
-0.026,0.033
-0.026,0.032
-0.025,0.031
-0.027,0.031
-0.025,0.030
-0.024,0.030
-0.024,0.031
-0.023,0.030
-0.023,0.032
-0.024,0.033
-0.024,0.033
-0.024,0.035
-0.025,0.035
-0.024,0.033
-0.025,0.033
-0.026,0.033
-0.024,0.031
-0.025,0.031
-0.026,0.030
-0.025,0.028
-0.024,0.029
-0.025,0.029
-0.024,0.028
-0.024,0.028
-0.024,0.028
-0.024,0.028
-0.025,0.028
-0.024,0.028
-0.025,0.026
-0.026,0.025
-0.025,0.025
-0.026,0.024
-0.025,0.023
-0.026,0.023
-0.027,0.023
-0.028,0.024
-0.027,0.023
-0.029,0.023
-0.029,0.022
-0.029,0.022
-0.031,0.023
-0.030,0.023
-0.031,0.026
-0.032,0.027
-0.032,0.028
-0.033,0.028
-0.033,0.027
-0.033,0.027
-0.033,0.026
-0.034,0.026
-0.035,0.025
-0.034,0.024
-0.036,0.023
-0.036,0.022
-0.036,0.022
-0.038,0.020
-0.038,0.020
-0.039,0.019
-0.041,0.019
-0.040,0.019
-0.041,0.019
-0.042,0.018
-0.042,0.018
-0.042,0.019
-0.042,0.016
-0.043,0.016
-0.043,0.016
-0.044,0.014
-0.044,0.015
-0.045,0.017
-0.045,0.016
-0.044,0.017
-0.046,0.019
-0.047,0.018
-0.047,0.020
-0.049,0.020
-0.049,0.018
-0.049,0.019
-0.050,0.019
-0.048,0.019
-0.049,0.019
-0.050,0.019
-0.049,0.016
-0.050,0.016
-0.049,0.014
-0.048,0.012
-0.049,0.012
-0.048,0.010
-0.047,0.009
-0.048,0.010
-0.048,0.010
-0.046,0.010
-0.048,0.011
-0.046,0.010
-0.045,0.011
-0.046,0.013
-0.045,0.012
-0.045,0.012
-0.046,0.014
-0.045,0.014
-0.045,0.014
-0.046,0.016
-0.045,0.016
-0.043,0.016
-0.044,0.017
-0.043,0.016
-0.041,0.016
-0.041,0.017
-0.040,0.015
-0.039,0.016
-0.038,0.017
-0.038,0.015
-0.037,0.015
-0.037,0.016
-0.035,0.015
-0.035,0.015
-0.035,0.016
-0.034,0.017
-0.033,0.018
-0.032,0.020
-0.031,0.020
-0.031,0.020
-0.031,0.021
-0.029,0.019
-0.030,0.019
-0.029,0.020
-0.028,0.019
-0.028,0.019
-0.026,0.018
-0.025,0.018
-0.025,0.017
-0.024,0.016
-0.024,0.014
-0.024,0.012
-0.024,0.011
-0.022,0.010
-0.022,0.009
-0.022,0.010
-0.020,0.010
-0.020,0.011
-0.020,0.010
-0.018,0.011
-0.018,0.012
-0.018,0.014
-0.017,0.014
-0.017,0.015
-0.016,0.015
-0.016,0.014
-0.016,0.015
-0.016,0.014
-0.015,0.014
-0.016,0.013
-0.017,0.013
-0.016,0.013
-0.017,0.012
-0.016,0.012
-0.016,0.012
-0.016,0.014
-0.016,0.015
-0.016,0.016
-0.017,0.017
-0.016,0.017
-0.016,0.016
-0.017,0.015
-0.016,0.014
-0.016,0.013
-0.017,0.014
-0.016,0.013
-0.016,0.013
-0.016,0.012
-0.015,0.011
-0.015,0.010
-0.017,0.009
-0.015,0.008
-0.016,0.008
-0.018,0.008
-0.017,0.007
-0.018,0.007
-0.019,0.008
-0.019,0.007
-0.018,0.008
-0.020,0.008
-0.017,0.008
-0.018,0.007
-0.020,0.007
-0.019,0.006
-0.020,0.006
-0.022,0.005
-0.023,0.004
-0.024,0.003
-0.025,0.002
-0.025,0.001
-0.026,0.001
-0.027,0.002
-0.027,0.002
-0.028,0.002
-0.029,0.004
-0.030,0.005
-0.032,0.006
-0.033,0.006
-0.034,0.007
-0.034,0.007
-0.035,0.006
-0.036,0.005
-0.036,0.003
-0.037,0.004
-0.037,0.003
-0.038,0.001
-0.039,0.001
-0.039,0.000
-0.039,0.000
-0.040,0.001
-0.040,-0.000
-0.039,-0.002
-0.039,-0.001
-0.038,-0.002
-0.038,-0.003
-0.038,-0.002
-0.038,-0.003
-0.038,-0.004
-0.040,-0.004
-0.039,-0.005
-0.039,-0.006
-0.038,-0.005
-0.038,-0.007
-0.037,-0.006
-0.037,-0.005
-0.036,-0.007
-0.035,-0.008
-0.036,-0.008
-0.035,-0.008
-0.035,-0.009
-0.036,-0.007
-0.036,-0.006
-0.035,-0.006
-0.036,-0.004
-0.035,-0.004
-0.034,-0.002
-0.035,-0.001
-0.033,-0.002
-0.033,-0.002
-0.032,-0.001
-0.031,-0.003
-0.031,-0.004
-0.031,-0.003
-0.030,-0.004
-0.030,-0.003
-0.031,-0.003
-0.029,-0.004
-0.029,-0.003
-0.030,-0.003
-0.028,-0.005
-0.029,-0.005
-0.029,-0.005
-0.027,-0.007
-0.027,-0.006
-0.027,-0.005
-0.025,-0.006
-0.024,-0.004
-0.024,-0.004
-0.022,-0.004
-0.022,-0.003
-0.022,-0.004
-0.020,-0.005
-0.021,-0.005
-0.020,-0.007
-0.020,-0.007
-0.022,-0.007
-0.021,-0.007
-0.020,-0.007
-0.021,-0.007
-0.021,-0.007
-0.020,-0.006
-0.021,-0.004
-0.019,-0.004
-0.018,-0.003
-0.019,-0.002
-0.016,-0.003
-0.016,-0.002
-0.016,-0.002
-0.014,-0.003
-0.012,-0.002
-0.014,-0.003
-0.011,-0.004
-0.010,-0.005
-0.011,-0.005
-0.009,-0.006
-0.008,-0.004
-0.010,-0.004
-0.009,-0.004
-0.009,-0.004
-0.010,-0.005
-0.008,-0.006
-0.008,-0.007
-0.009,-0.007
-0.008,-0.008
-0.008,-0.007
-0.009,-0.007
-0.008,-0.007
-0.008,-0.007
-0.007,-0.007
-0.006,-0.007
-0.005,-0.009
-0.005,-0.009
-0.004,-0.010
-0.005,-0.010
-0.005,-0.009
-0.005,-0.008
-0.004,-0.007
-0.004,-0.007
-0.004,-0.006
-0.004,-0.006
-0.003,-0.005
-0.003,-0.006
-0.003,-0.008
-0.002,-0.007
-0.003,-0.008
-0.003,-0.009
-0.003,-0.007
-0.002,-0.007
0.000,-0.006
-0.002,-0.004
-0.000,-0.004
-0.000,-0.004
-0.001,-0.003
0.000,-0.005
0.001,-0.007
-0.001,-0.007
0.001,-0.010
0.002,-0.011
0.001,-0.010
0.003,-0.011
0.003,-0.010
0.002,-0.008
0.004,-0.011
0.003,-0.009
0.002,-0.010
0.003,-0.011
0.003,-0.011
0.002,-0.009
0.005,-0.009
0.003,-0.008
0.002,-0.007
0.004,-0.006
0.002,-0.004
0.003,-0.005
0.005,-0.004
0.005,-0.003
0.006,-0.005
0.008,-0.007
0.006,-0.008
0.007,-0.010
0.009,-0.013
0.006,-0.013
0.007,-0.013
0.008,-0.015
0.006,-0.015
0.006,-0.016
0.008,-0.016
0.006,-0.015
0.007,-0.016
0.008,-0.014
0.006,-0.012
0.007,-0.011
0.008,-0.011
0.007,-0.010
0.009,-0.010
0.010,-0.012
0.009,-0.013
0.010,-0.015
0.011,-0.016
0.010,-0.017
0.012,-0.019
0.012,-0.020
0.010,-0.020
0.011,-0.020
0.011,-0.020
0.009,-0.019
0.012,-0.019
0.013,-0.018
0.012,-0.017
0.014,-0.017
0.015,-0.015
0.014,-0.016
0.017,-0.016
0.016,-0.015
0.015,-0.015
0.017,-0.014
0.017,-0.013
0.015,-0.011
0.017,-0.011
0.017,-0.010
0.015,-0.010
0.018,-0.009
0.017,-0.009
0.016,-0.009
0.017,-0.009
0.016,-0.009
0.016,-0.011
0.017,-0.010
0.016,-0.010
0.017,-0.011
0.018,-0.012
0.018,-0.013
0.017,-0.013
0.019,-0.014
0.018,-0.013
0.018,-0.013
0.020,-0.012
0.019,-0.012
0.018,-0.013
0.020,-0.012
0.020,-0.013
0.019,-0.013
0.021,-0.013
0.019,-0.013
0.020,-0.013
0.021,-0.014
0.020,-0.014
0.020,-0.015
0.022,-0.013
0.021,-0.014
0.022,-0.015
0.023,-0.014
0.021,-0.015
0.023,-0.014
0.024,-0.014
0.023,-0.013
0.024,-0.014
0.025,-0.013
0.023,-0.013
0.023,-0.012
0.026,-0.011
0.025,-0.010
0.025,-0.009
0.027,-0.009
0.026,-0.009
0.026,-0.011
0.027,-0.012
0.026,-0.012
0.027,-0.012
0.029,-0.012
0.029,-0.013
0.030,-0.012
0.033,-0.012
0.032,-0.012
0.032,-0.012
0.033,-0.013
0.033,-0.013
0.033,-0.013
0.034,-0.015
0.034,-0.014
0.033,-0.014
0.036,-0.016
0.034,-0.016
0.034,-0.014
0.036,-0.015
0.036,-0.015
0.036,-0.015
0.037,-0.015
0.037,-0.015
0.037,-0.014
0.039,-0.014
0.036,-0.013
0.037,-0.012
0.039,-0.013
0.037,-0.011
0.038,-0.011
0.040,-0.011
0.039,-0.010
0.038,-0.009
0.039,-0.010
0.037,-0.009
0.038,-0.010
0.039,-0.011
0.038,-0.010
0.039,-0.010
0.039,-0.009
0.038,-0.007
0.039,-0.005
0.041,-0.004
0.039,-0.003
0.040,-0.003
0.041,-0.004
0.037,-0.003
0.040,-0.007
0.040,-0.008
0.038,-0.009
0.040,-0.012
0.041,-0.012
0.038,-0.013
0.041,-0.014
0.040,-0.014
0.038,-0.013
0.040,-0.013
0.040,-0.012
0.039,-0.011
0.042,-0.011
0.041,-0.010
0.040,-0.011
0.042,-0.011
0.040,-0.011
0.039,-0.011
0.042,-0.010
0.041,-0.010
0.041,-0.010
0.042,-0.009
0.040,-0.008
0.040,-0.008
0.042,-0.006
0.039,-0.005
0.040,-0.006
0.044,-0.005
0.041,-0.006
0.043,-0.009
0.045,-0.009
0.044,-0.009
0.045,-0.011
0.047,-0.011
0.045,-0.010
0.046,-0.011
0.048,-0.011
0.045,-0.011
0.046,-0.009
0.047,-0.008
0.045,-0.006
0.046,-0.005
0.048,-0.004
0.048,-0.005
0.048,-0.005
0.050,-0.004
0.049,-0.006
0.049,-0.005
0.052,-0.004
0.050,-0.005
0.052,-0.004
0.053,-0.004
0.052,-0.004
0.053,-0.005
0.054,-0.004
0.053,-0.006
0.054,-0.007
0.055,-0.008
0.052,-0.008
0.054,-0.008
0.056,-0.008
0.054,-0.007
0.055,-0.005
0.057,-0.003
0.056,-0.002
0.056,-0.001
0.058,-0.000
0.056,-0.001
0.057,-0.002
0.058,-0.003
0.057,-0.004
0.058,-0.005
0.058,-0.006
0.057,-0.006
0.057,-0.004
0.059,-0.003
0.058,-0.003
0.060,-0.003
0.061,-0.003
0.061,-0.002
0.062,-0.000
0.062,-0.000
0.062,-0.001
0.063,-0.001
0.064,-0.001
0.063,-0.002
0.064,-0.000
0.065,-0.000
0.065,-0.000
0.065,0.002
0.065,0.002
0.065,0.003
0.066,0.003
0.065,0.003
0.065,0.001
0.066,0.002
0.067,-0.001
0.067,-0.003
0.070,-0.003
0.070,-0.006
0.072,-0.007
0.074,-0.007
0.073,-0.006
0.074,-0.007
0.075,-0.005
0.075,-0.005
0.075,-0.006
0.077,-0.005
0.076,-0.006
0.077,-0.003
0.078,-0.003
0.079,-0.002
0.079,-0.002
0.081,-0.001
0.083,0.000
0.082,0.000
0.083,0.001
0.084,-0.002
0.085,-0.002
0.087,-0.002
0.088,-0.003
0.085,-0.002
0.088,-0.002
0.089,-0.002
0.088,-0.002
0.091,0.000
0.093,0.002
0.093,0.005
0.094,0.006
0.094,0.006
0.094,0.006
0.098,0.003
0.097,0.003
0.096,0.002
0.099,0.002
0.099,0.003
0.099,0.003
0.102,0.001
0.101,0.003
0.103,0.002
0.104,0.001
0.103,0.003
0.103,-0.001
0.105,-0.002
0.103,-0.001
0.102,-0.004
0.104,-0.005
0.102,-0.004
0.103,-0.004
0.105,-0.002
0.104,-0.000
0.105,-0.002
0.106,0.001
0.103,0.002
0.105,0.001
0.106,0.002
0.104,0.001
0.106,0.000
0.106,0.001
0.103,0.002
0.106,0.003
0.106,0.004
0.106,0.002
0.108,-0.001
0.106,0.000
0.105,-0.001
0.106,-0.001
0.105,-0.001
0.103,-0.003
0.106,-0.001
0.104,-0.000
0.103,-0.002
0.103,-0.002
0.100,-0.000
0.102,-0.003
0.102,-0.001
0.100,0.000
0.101,-0.002
0.102,-0.000
0.101,0.000
0.101,-0.002
0.102,0.001
0.101,0.002
0.101,0.002
0.100,0.004
0.099,0.004
0.099,0.002
0.100,0.003
0.097,0.002
0.096,0.000
0.096,0.000
0.096,-0.002
0.097,-0.002
0.097,-0.003
0.097,-0.004
0.098,-0.003
0.097,-0.001
0.097,-0.001
0.098,0.000
0.097,0.003
0.097,0.004
0.098,0.005
0.095,0.006
0.095,0.005
0.095,0.003
0.093,0.003
0.095,0.000
0.093,0.000
0.094,0.002
0.094,0.000
0.094,0.001
0.094,0.002
0.095,0.003
0.096,0.003
0.094,0.004
0.094,0.003
0.094,0.002
0.095,0.001
0.096,-0.000
0.096,0.000
0.097,0.000
0.096,0.000
0.096,-0.000
0.096,0.001
0.097,0.003
0.097,0.003
0.097,0.006
0.098,0.007
0.098,0.007
0.101,0.006
0.101,0.007
0.101,0.006
0.103,0.004
0.103,0.003
0.104,0.002
0.104,0.002
0.105,0.002
0.105,0.002
0.107,0.004
0.107,0.005
0.108,0.005
0.109,0.006
0.110,0.006
0.110,0.005
0.110,0.005
0.109,0.005
0.109,0.005
0.109,0.006
0.108,0.005
0.109,0.005
0.108,0.004
0.108,0.004
0.110,0.004
0.110,0.005
0.111,0.004
0.112,0.005
0.112,0.006
0.112,0.004
0.113,0.006
0.114,0.007
0.114,0.007
0.115,0.007
0.115,0.009
0.115,0.009
0.115,0.008
0.115,0.009
0.115,0.008
0.117,0.006
0.116,0.007
0.115,0.007
0.117,0.008
0.117,0.010
0.117,0.008
0.117,0.007
0.117,0.008
0.117,0.007
0.116,0.006
0.116,0.006
0.116,0.005
0.117,0.004
0.116,0.005
0.116,0.006
0.116,0.006
0.115,0.008
0.114,0.009
0.115,0.011
0.114,0.013
0.114,0.013
0.114,0.014
0.114,0.014
0.114,0.015
0.114,0.015
0.114,0.015
0.115,0.014
0.115,0.014
0.115,0.014
0.115,0.012
0.115,0.013
0.114,0.012
0.114,0.011
0.114,0.013
0.114,0.013
0.115,0.013
0.114,0.015
0.114,0.015
0.115,0.015
0.114,0.016
0.114,0.016
0.114,0.017
0.113,0.018
0.114,0.016
0.114,0.016
0.112,0.017
0.114,0.015
0.115,0.015
0.113,0.016
0.115,0.014
0.115,0.015
0.113,0.015
0.114,0.013
0.114,0.016
0.111,0.017
0.112,0.016
0.112,0.018
0.110,0.019
0.112,0.018
0.111,0.018
0.111,0.019
0.113,0.018
0.112,0.019
0.112,0.018
0.112,0.019
0.111,0.019
0.110,0.020
0.111,0.021
0.110,0.022
0.110,0.023
0.111,0.023
0.110,0.024
0.110,0.023
0.112,0.022
0.111,0.021
0.110,0.019
0.112,0.019
0.110,0.019
0.111,0.019
0.112,0.018
0.111,0.019
0.112,0.021
0.112,0.021
0.110,0.021
0.110,0.022
0.110,0.023
0.108,0.022
0.107,0.022
0.108,0.023
0.106,0.023
0.108,0.023
0.109,0.024
0.108,0.024
0.110,0.023
0.111,0.023
0.109,0.023
0.110,0.023
0.110,0.023
0.107,0.022
0.110,0.022
0.109,0.023
0.108,0.023
0.110,0.023
0.112,0.025
0.111,0.026
0.112,0.026
0.113,0.028
0.112,0.028
0.113,0.029
0.113,0.029
0.111,0.028
0.112,0.028
0.112,0.027
0.112,0.026
0.113,0.026
0.114,0.026
0.113,0.026
0.115,0.025
0.116,0.024
0.116,0.025
0.117,0.025
0.117,0.025
0.117,0.026
0.118,0.028
0.118,0.028
0.118,0.028
0.118,0.030
0.118,0.030
0.119,0.031
0.120,0.032
0.121,0.031
0.121,0.032
0.123,0.033
0.124,0.032
0.123,0.034
0.125,0.036
0.127,0.036
0.126,0.036
0.127,0.034
0.128,0.034
0.128,0.036
0.129,0.035
0.131,0.035
0.131,0.037
0.132,0.038
0.134,0.038
0.132,0.039
0.134,0.037
0.135,0.036
0.133,0.038
0.134,0.035
0.134,0.035
0.132,0.035
0.134,0.034
0.133,0.034
0.132,0.034
0.134,0.034
0.134,0.033
0.134,0.035
0.137,0.033
0.137,0.034
0.136,0.033
0.140,0.031
0.137,0.033
0.137,0.033
0.139,0.034
0.136,0.035
0.137,0.036
0.138,0.035
0.136,0.036
0.134,0.035
0.136,0.035
0.133,0.036
0.133,0.036
0.135,0.035
0.132,0.036
0.132,0.034
0.134,0.034
0.131,0.034
0.131,0.033
0.132,0.033
0.130,0.034
0.130,0.033
0.130,0.034
0.127,0.036
0.128,0.035
0.130,0.035
0.127,0.033
0.128,0.032
0.129,0.032
0.126,0.033
0.127,0.033
0.127,0.033
0.124,0.034
0.124,0.033
0.125,0.035
0.122,0.036
0.123,0.036
0.123,0.037
0.119,0.038
0.121,0.039
0.120,0.040
0.118,0.041
0.119,0.041
0.119,0.041
0.117,0.040
0.116,0.040
0.116,0.039
0.114,0.038
0.115,0.037
0.114,0.038
0.112,0.038
0.113,0.040
0.112,0.041
0.110,0.041
0.112,0.043
0.111,0.044
0.109,0.044
0.111,0.045
0.110,0.046
0.110,0.046
0.111,0.047
0.110,0.048
0.109,0.049
0.111,0.050
0.110,0.049
0.109,0.049
0.111,0.049
0.110,0.049
0.109,0.049
0.111,0.049
0.109,0.050
0.108,0.051
0.109,0.051
0.109,0.050
0.107,0.051
0.109,0.051
0.109,0.051
0.107,0.052
0.109,0.052
0.109,0.052
0.108,0.052
0.109,0.052
0.109,0.051
0.108,0.052
0.109,0.052
0.109,0.051
0.108,0.053
0.110,0.053
0.109,0.052
0.107,0.053
0.109,0.053
0.108,0.052
0.107,0.053
0.109,0.054
0.110,0.055
0.110,0.056
0.113,0.057
0.112,0.057
0.113,0.058
0.115,0.056
0.114,0.054
0.113,0.054
0.114,0.054
0.114,0.053
0.114,0.053
0.115,0.054
0.114,0.054
0.115,0.054
0.116,0.054
0.115,0.054
0.115,0.054
0.116,0.054
0.115,0.055
0.115,0.054
0.117,0.056
0.116,0.056
0.115,0.056
0.118,0.056
0.116,0.056
0.117,0.057
0.117,0.057
0.115,0.056
0.115,0.056
0.117,0.056
0.115,0.055
0.114,0.056
0.117,0.056
0.115,0.055
0.114,0.055
0.115,0.055
0.114,0.055
0.112,0.055
0.113,0.053
0.112,0.053
0.111,0.053
0.113,0.051
0.111,0.051
0.111,0.051
0.112,0.050
0.110,0.050
0.110,0.050
0.110,0.050
0.108,0.051
0.108,0.052
0.109,0.051
0.106,0.051
0.107,0.051
0.108,0.051
0.106,0.054
0.106,0.053
0.107,0.054
0.104,0.053
0.104,0.051
0.106,0.050
0.103,0.049
0.104,0.048
0.104,0.049
0.101,0.051
0.102,0.053
0.101,0.055
0.098,0.057
0.099,0.057
0.099,0.059
0.096,0.058
0.097,0.056
0.097,0.056
0.095,0.057
0.097,0.056
0.096,0.058
0.095,0.058
0.096,0.059
0.095,0.061
0.091,0.060
0.094,0.060
0.091,0.062
0.089,0.060
0.092,0.062
0.091,0.062
0.089,0.060
0.091,0.062
0.088,0.063
0.089,0.062
0.090,0.063
0.088,0.064
0.087,0.062
0.089,0.063
0.086,0.063
0.086,0.063
0.087,0.065
0.084,0.067
0.085,0.065
0.086,0.066
0.085,0.066
0.084,0.065
0.084,0.066
0.083,0.066
0.082,0.066
0.083,0.067
0.082,0.066
0.082,0.066
0.082,0.066
0.082,0.065
0.082,0.064
0.082,0.064
0.081,0.063
0.081,0.063
0.081,0.063
0.079,0.061
0.079,0.061
0.080,0.060
0.078,0.059
0.077,0.060
0.076,0.062
0.075,0.061
0.075,0.063
0.076,0.064
0.075,0.064
0.077,0.065
0.077,0.064
0.077,0.065
0.077,0.065
0.076,0.065
0.075,0.064
0.075,0.064
0.075,0.064
0.074,0.063
0.075,0.064
0.076,0.063
0.075,0.064
0.075,0.065
0.076,0.064
0.075,0.064
0.075,0.064
0.076,0.064
0.075,0.065
0.075,0.066
0.077,0.066
0.076,0.067
0.076,0.067
0.077,0.067
0.076,0.067
0.075,0.067
0.075,0.066
0.074,0.066
0.074,0.066
0.075,0.066
0.074,0.067
0.075,0.068
0.076,0.069
0.076,0.069
0.076,0.070
0.076,0.070
0.075,0.068
0.075,0.068
0.076,0.068
0.075,0.068
0.075,0.068
0.075,0.069
0.073,0.069
0.075,0.069
0.074,0.070
0.073,0.070
0.074,0.071
0.074,0.072
0.074,0.072
0.075,0.071
0.075,0.071
0.075,0.069
0.076,0.069
0.076,0.069
0.075,0.069
0.076,0.069
0.076,0.070
0.075,0.069
0.075,0.069
0.075,0.069
0.074,0.068
0.075,0.066
0.073,0.066
0.072,0.067
0.072,0.065
0.071,0.066
0.071,0.066
0.072,0.067
0.071,0.067
0.071,0.066
0.071,0.067
0.070,0.067
0.069,0.066
0.070,0.067
0.068,0.069
0.068,0.068
0.069,0.070
0.067,0.071
0.069,0.070
0.070,0.070
0.068,0.071
0.069,0.070
0.070,0.072
0.067,0.072
0.068,0.070
0.067,0.071
0.066,0.069
0.067,0.067
0.066,0.069
0.065,0.067
0.066,0.067
0.065,0.069
0.065,0.067
0.066,0.068
0.065,0.069
0.065,0.068
0.065,0.068
0.063,0.070
0.064,0.069
0.064,0.069
0.062,0.070
0.062,0.068
0.063,0.069
0.061,0.070
0.061,0.068
0.061,0.068
0.060,0.068
0.061,0.066
0.061,0.067
0.060,0.068
0.061,0.068
0.061,0.070
0.060,0.070
0.060,0.069
0.061,0.069
0.059,0.070
0.060,0.069
0.059,0.069
0.060,0.067
0.060,0.066
0.059,0.065
0.059,0.064
0.060,0.063
0.059,0.062
0.059,0.062
0.059,0.062
0.057,0.063
0.057,0.064
0.056,0.064
0.055,0.065
0.057,0.066
0.056,0.066
0.056,0.065
0.056,0.065
0.055,0.066
0.054,0.065
0.053,0.065
0.054,0.065
0.053,0.066
0.054,0.065
0.052,0.065
0.052,0.065
0.052,0.063
0.052,0.063
0.052,0.062
0.052,0.061
0.051,0.061
0.051,0.060
0.050,0.060
0.050,0.060
0.049,0.059
0.049,0.059
0.049,0.058
0.048,0.056
0.048,0.055
0.047,0.055
0.047,0.056
0.048,0.058
0.047,0.057
0.048,0.059
0.048,0.060
0.048,0.061
0.047,0.062
0.047,0.062
0.047,0.062
0.046,0.061
0.047,0.060
0.046,0.059
0.044,0.060
0.045,0.060
0.044,0.061
0.043,0.062
0.045,0.063
0.046,0.064
0.045,0.065
0.046,0.065
0.047,0.064
0.046,0.065
0.047,0.065
0.047,0.064
0.047,0.064
0.047,0.064
0.047,0.063
0.047,0.063
0.047,0.063
0.048,0.062
0.047,0.062
0.047,0.063
0.047,0.062
0.047,0.064
0.047,0.065
0.048,0.065
0.047,0.065
0.047,0.064
0.047,0.062
0.046,0.063
0.047,0.061
0.048,0.060
0.047,0.062
0.048,0.062
0.049,0.062
0.047,0.063
0.048,0.062
0.049,0.062
0.047,0.062
0.049,0.062
0.049,0.062
0.047,0.064
0.049,0.062
0.049,0.062
0.047,0.062
0.048,0.059
0.048,0.059
0.046,0.059
0.047,0.057
0.047,0.059
0.045,0.061
0.047,0.060
0.045,0.062
0.044,0.062
0.045,0.060
0.044,0.061
0.043,0.058
0.044,0.058
0.041,0.059
0.041,0.058
0.042,0.058
0.039,0.059
0.040,0.058
0.041,0.056
0.039,0.057
0.040,0.055
0.041,0.054
0.038,0.054
0.039,0.054
0.041,0.054
0.037,0.055
0.038,0.053
0.039,0.053
0.037,0.053
0.038,0.053
0.038,0.053
0.036,0.054
0.037,0.054
0.039,0.056
0.037,0.058
0.038,0.060
0.039,0.060
0.036,0.061
0.037,0.059
0.036,0.058
0.034,0.057
0.034,0.057
0.034,0.056
0.031,0.056
0.033,0.057
0.033,0.058
0.031,0.058
0.033,0.059
0.032,0.058
0.032,0.056
0.032,0.054
0.031,0.053
0.031,0.052
0.032,0.051
0.031,0.051
0.029,0.051
0.030,0.051
0.028,0.051
0.026,0.049
0.027,0.050
0.026,0.049
0.026,0.047
0.025,0.047
0.026,0.045
0.024,0.044
0.025,0.043
0.024,0.043
0.023,0.043
0.025,0.044
0.023,0.045
0.022,0.044
0.023,0.045
0.022,0.045
0.021,0.045
0.023,0.045
0.021,0.045
0.019,0.045
0.020,0.045
0.019,0.046
0.019,0.046
0.019,0.045
0.018,0.045
0.015,0.046
0.017,0.045
0.015,0.046
0.013,0.046
0.013,0.047
0.013,0.046
0.012,0.045
0.011,0.042
0.011,0.041
0.009,0.042
0.009,0.041
0.007,0.042
0.005,0.043
0.007,0.045
0.004,0.045
0.003,0.046
0.001,0.047
-0.000,0.047
-0.001,0.048
-0.002,0.046
-0.004,0.046
-0.003,0.045
-0.002,0.045
-0.006,0.044
-0.006,0.043
-0.005,0.044
-0.006,0.044
-0.007,0.045
-0.007,0.046
-0.010,0.049
-0.010,0.049
-0.009,0.049
-0.013,0.049
-0.010,0.048
-0.010,0.048
-0.012,0.047
-0.011,0.046
-0.011,0.046
-0.012,0.045
-0.013,0.045
-0.012,0.044
-0.015,0.044
-0.015,0.045
-0.014,0.045
-0.014,0.043
-0.014,0.044
-0.014,0.043
-0.015,0.043
-0.016,0.044
-0.015,0.042
-0.016,0.043
-0.016,0.046
-0.016,0.047
-0.017,0.049
-0.018,0.051
-0.017,0.050
-0.016,0.053
-0.016,0.053
-0.015,0.053
-0.016,0.054
-0.016,0.056
-0.014,0.056
-0.016,0.055
-0.016,0.056
-0.015,0.055
-0.016,0.056
-0.016,0.054
-0.016,0.052
-0.016,0.052
-0.014,0.051
-0.012,0.050
-0.014,0.050
-0.012,0.051
-0.009,0.049
-0.011,0.049
-0.009,0.047
-0.007,0.047
-0.010,0.047
-0.008,0.045
-0.008,0.044
-0.011,0.043
-0.008,0.043
-0.009,0.042
-0.010,0.043
-0.009,0.041
-0.009,0.042
-0.010,0.043
-0.008,0.042
-0.008,0.044
-0.011,0.044
-0.009,0.045
-0.009,0.046
-0.011,0.044
-0.008,0.043
-0.007,0.043
-0.009,0.043
-0.007,0.040
-0.009,0.041
-0.010,0.040
-0.007,0.040
-0.009,0.041
-0.011,0.040
-0.009,0.041
-0.011,0.042
-0.011,0.042
-0.009,0.040
-0.012,0.040
-0.011,0.039
-0.008,0.039
-0.010,0.039
-0.011,0.037
-0.008,0.039
-0.009,0.040
-0.008,0.039
-0.008,0.039
-0.011,0.042
-0.010,0.041
-0.008,0.042
-0.011,0.042
-0.011,0.041
-0.008,0.043
-0.011,0.041
-0.011,0.039
-0.011,0.038
-0.013,0.038
-0.012,0.036
-0.011,0.036
-0.015,0.036
-0.013,0.035
-0.013,0.036
-0.015,0.036
-0.015,0.037
-0.015,0.039
-0.017,0.040
-0.017,0.042
-0.017,0.044
-0.019,0.045
-0.017,0.046
-0.016,0.047
-0.018,0.045
-0.018,0.044
-0.018,0.042
-0.019,0.041
-0.019,0.044
-0.020,0.044
-0.022,0.045
-0.023,0.046
-0.023,0.046
-0.023,0.045
-0.024,0.045
-0.023,0.044
-0.025,0.042
-0.023,0.041
-0.024,0.038
-0.025,0.036
-0.025,0.036
-0.026,0.035
-0.027,0.034
-0.028,0.035
-0.029,0.036
-0.030,0.037
-0.031,0.039
-0.030,0.039
-0.032,0.039
-0.031,0.040
-0.029,0.039
-0.030,0.040
-0.031,0.041
-0.030,0.041
-0.032,0.042
-0.032,0.043
-0.032,0.043
-0.034,0.043
-0.032,0.042
-0.032,0.040
-0.034,0.039
-0.033,0.037
-0.032,0.036
-0.034,0.037
-0.033,0.036
-0.031,0.036
-0.033,0.036
-0.031,0.036
-0.031,0.037
-0.032,0.037
-0.030,0.036
-0.031,0.035
-0.032,0.034
-0.030,0.033
-0.030,0.033
-0.032,0.033
-0.028,0.034
-0.029,0.035
-0.031,0.036
-0.029,0.037
-0.029,0.038
-0.030,0.038
-0.028,0.037
-0.029,0.037
-0.030,0.036
-0.028,0.036
-0.029,0.037
-0.030,0.037
-0.027,0.038
-0.029,0.039
-0.029,0.036
-0.026,0.036
-0.028,0.036
-0.028,0.034
-0.026,0.034
-0.027,0.033
-0.027,0.032
-0.024,0.034
-0.026,0.034
-0.026,0.034
-0.024,0.036
-0.026,0.037
-0.028,0.036
-0.026,0.037
-0.028,0.037
-0.028,0.035
-0.026,0.034
-0.027,0.032
-0.026,0.031
-0.024,0.031
-0.026,0.031
-0.025,0.032
-0.023,0.032
-0.025,0.033
-0.025,0.032
-0.024,0.033
-0.026,0.032
-0.026,0.031
-0.026,0.031
-0.028,0.030
-0.027,0.029
-0.027,0.029
-0.027,0.029
-0.027,0.028
-0.026,0.028
-0.026,0.027
-0.026,0.028
-0.025,0.028
-0.027,0.027
-0.026,0.028
-0.026,0.029
-0.026,0.029
-0.025,0.030
-0.025,0.031
-0.026,0.031
-0.026,0.031
-0.024,0.030
-0.024,0.029
-0.024,0.030
-0.023,0.030
-0.024,0.030
-0.024,0.030
-0.023,0.030
-0.023,0.031
-0.023,0.032
-0.022,0.033
-0.023,0.034
-0.022,0.034
-0.021,0.033
-0.023,0.033
-0.022,0.033
-0.021,0.031
-0.023,0.030
-0.022,0.028
-0.022,0.026
-0.023,0.024
-0.024,0.023
-0.023,0.023
-0.024,0.023
-0.024,0.024
-0.024,0.025
-0.024,0.027
-0.023,0.028
-0.024,0.029
-0.025,0.028
-0.024,0.028
-0.025,0.027
-0.026,0.024
-0.025,0.024
-0.026,0.023
-0.027,0.021
-0.027,0.021
-0.028,0.020
-0.029,0.019
-0.029,0.019
-0.030,0.018
-0.032,0.018
-0.033,0.020
-0.035,0.020
-0.037,0.020
-0.036,0.021
-0.037,0.022
-0.038,0.022
-0.037,0.022
-0.037,0.022
-0.039,0.021
-0.038,0.020
-0.040,0.020
-0.042,0.020
-0.041,0.020
-0.043,0.019
-0.044,0.019
-0.044,0.019
-0.043,0.019
-0.044,0.018
-0.044,0.018
-0.044,0.019
-0.046,0.020
-0.044,0.021
-0.046,0.023
-0.045,0.023
-0.045,0.024
-0.047,0.024
-0.047,0.023
-0.046,0.022
-0.048,0.021
-0.048,0.019
-0.046,0.019
-0.048,0.018
-0.048,0.016
-0.047,0.016
-0.049,0.017
-0.048,0.016
-0.047,0.017
-0.049,0.018
-0.049,0.016
-0.046,0.017
-0.047,0.017
-0.046,0.016
-0.045,0.018
-0.046,0.018
-0.044,0.017
-0.044,0.018
-0.046,0.019
-0.044,0.019
-0.044,0.022
-0.046,0.022
-0.045,0.022
-0.045,0.023
-0.046,0.022
-0.044,0.021
-0.044,0.022
-0.044,0.019
-0.042,0.019
-0.043,0.020
-0.042,0.017
-0.041,0.018
-0.042,0.019
-0.041,0.016
-0.040,0.020
-0.041,0.020
-0.040,0.019
-0.038,0.021
-0.039,0.022
-0.038,0.020
-0.036,0.022
-0.036,0.022
-0.035,0.020
-0.033,0.021
-0.033,0.021
-0.032,0.020
-0.031,0.021
-0.032,0.021
-0.030,0.020
-0.031,0.020
-0.029,0.019
-0.029,0.018
-0.029,0.019
-0.028,0.019
-0.028,0.019
-0.028,0.021
-0.027,0.020
-0.026,0.020
-0.027,0.022
-0.026,0.022
-0.025,0.021
-0.025,0.021
-0.025,0.020
-0.024,0.020
-0.024,0.018
-0.024,0.017
-0.023,0.018
-0.022,0.017
-0.022,0.016
-0.021,0.016
-0.021,0.016
-0.020,0.015
-0.020,0.015
-0.020,0.015
-0.019,0.014
-0.019,0.014
-0.018,0.014
-0.018,0.014
-0.018,0.013
-0.018,0.013
-0.019,0.012
-0.019,0.012
-0.018,0.011
-0.019,0.010
-0.018,0.011
-0.018,0.010
-0.018,0.010
-0.017,0.009
-0.017,0.010
-0.017,0.008
-0.016,0.006
-0.017,0.006
-0.017,0.004
-0.018,0.006
-0.019,0.006
-0.018,0.006
-0.019,0.008
-0.020,0.009
-0.019,0.008
-0.019,0.008
-0.021,0.006
-0.020,0.003
-0.020,0.002
-0.021,0.001
-0.022,-0.001
-0.023,0.001
-0.023,0.002
-0.022,0.002
-0.024,0.003
-0.024,0.006
-0.024,0.004
-0.025,0.004
-0.025,0.003
-0.026,0.002
-0.026,0.002
-0.028,0.001
-0.029,0.001
-0.030,0.001
-0.030,0.002
-0.032,0.001
-0.033,-0.000
-0.032,0.000
-0.033,-0.000
-0.034,-0.000
-0.035,0.000
-0.037,0.001
-0.037,0.000
-0.038,0.002
-0.039,0.001
-0.039,0.002
-0.039,0.003
-0.040,0.002
-0.039,0.000
-0.040,0.001
-0.041,0.000
-0.040,-0.001
-0.041,-0.001
-0.040,-0.003
-0.040,-0.004
-0.039,-0.003
-0.040,-0.002
-0.040,-0.001
-0.039,0.002
-0.040,0.004
-0.039,0.005
-0.039,0.008
-0.040,0.008
-0.040,0.008
-0.041,0.009
-0.040,0.009
-0.039,0.009
-0.039,0.009
-0.039,0.008
-0.038,0.008
-0.038,0.007
-0.038,0.004
-0.037,0.003
-0.037,0.004
-0.036,0.001
-0.035,0.001
-0.036,0.002
-0.034,0.001
-0.033,0.003
-0.034,0.003
-0.034,0.002
-0.033,0.003
-0.034,0.006
-0.033,0.005
-0.032,0.007
-0.032,0.007
-0.030,0.006
-0.030,0.007
-0.030,0.005
-0.028,0.006
-0.029,0.007
-0.028,0.006
-0.026,0.004
-0.028,0.005
-0.026,0.004
-0.025,0.003
-0.027,0.004
-0.026,0.002
-0.024,0.003
-0.024,0.005
-0.023,0.004
-0.022,0.005
-0.023,0.006
-0.021,0.005
-0.020,0.005
-0.021,0.007
-0.020,0.005
-0.018,0.006
-0.019,0.006
-0.018,0.003
-0.016,0.003
-0.017,0.002
-0.016,0.001
-0.015,-0.000
-0.018,0.000
-0.016,-0.001
-0.016,-0.001
-0.016,-0.000
-0.015,-0.002
-0.014,0.000
-0.013,-0.000
-0.013,-0.001
-0.013,-0.001
-0.013,-0.000
-0.012,-0.001
-0.013,-0.001
-0.012,-0.000
-0.011,-0.001
-0.012,-0.002
-0.012,-0.002
-0.011,-0.002
-0.013,-0.002
-0.012,-0.003
-0.010,-0.002
-0.011,-0.003
-0.009,-0.003
-0.009,-0.004
-0.009,-0.004
-0.008,-0.005
-0.007,-0.005
-0.008,-0.006
-0.009,-0.005
-0.007,-0.005
-0.007,-0.006
-0.008,-0.007
-0.006,-0.007
-0.007,-0.007
-0.006,-0.008
-0.005,-0.009
-0.005,-0.007
-0.006,-0.006
-0.005,-0.005
-0.006,-0.003
-0.006,-0.002
-0.004,-0.002
-0.005,-0.003
-0.004,-0.002
-0.004,-0.003
-0.005,-0.003
-0.003,-0.003
-0.003,-0.004
-0.004,-0.004
-0.002,-0.003
-0.002,-0.003
-0.003,-0.003
-0.001,-0.004
0.000,-0.003
-0.000,-0.004
0.001,-0.006
0.001,-0.007
0.000,-0.007
0.002,-0.008
0.001,-0.009
-0.000,-0.009
0.002,-0.009
0.002,-0.008
0.001,-0.007
0.002,-0.007
0.002,-0.006
0.000,-0.006
0.002,-0.006
0.003,-0.005
0.002,-0.005
0.003,-0.005
0.003,-0.006
0.002,-0.004
0.004,-0.005
0.004,-0.007
0.003,-0.006
0.005,-0.008
0.006,-0.009
0.004,-0.010
0.006,-0.010
0.007,-0.011
0.005,-0.011
0.006,-0.012
0.007,-0.013
0.006,-0.012
0.006,-0.012
0.007,-0.012
0.007,-0.010
0.008,-0.009
0.010,-0.009
0.009,-0.009
0.010,-0.008
0.011,-0.009
0.011,-0.007
0.012,-0.008
0.013,-0.009
0.012,-0.007
0.013,-0.008
0.013,-0.008
0.012,-0.006
0.014,-0.006
0.014,-0.007
0.013,-0.006
0.015,-0.007
0.015,-0.009
0.014,-0.010
0.015,-0.011
0.016,-0.011
0.014,-0.010
0.014,-0.011
0.015,-0.011
0.013,-0.009
0.016,-0.011
0.015,-0.010
0.014,-0.009
0.017,-0.011
0.017,-0.010
0.016,-0.009
0.017,-0.010
0.018,-0.009
0.016,-0.008
0.019,-0.009
0.018,-0.009
0.017,-0.007
0.020,-0.007
0.019,-0.006
0.018,-0.006
0.020,-0.007
0.019,-0.007
0.019,-0.008
0.021,-0.009
0.019,-0.009
0.019,-0.009
0.021,-0.010
0.019,-0.009
0.021,-0.011
0.023,-0.011
0.019,-0.010
0.021,-0.010
0.023,-0.009
0.020,-0.009
0.022,-0.010
0.023,-0.010
0.021,-0.010
0.023,-0.012
0.024,-0.011
0.023,-0.011
0.023,-0.012
0.023,-0.011
0.022,-0.011
0.022,-0.011
0.023,-0.012
0.020,-0.013
0.022,-0.013
0.023,-0.014
0.022,-0.015
0.023,-0.015
0.025,-0.015
0.025,-0.015
0.025,-0.015
0.026,-0.015
0.025,-0.016
0.028,-0.016
0.027,-0.015
0.026,-0.015
0.028,-0.014
0.028,-0.013
0.028,-0.013
0.029,-0.013
0.030,-0.013
0.030,-0.014
0.032,-0.015
0.032,-0.015
0.032,-0.015
0.034,-0.014
0.035,-0.013
0.034,-0.013
0.036,-0.012
0.035,-0.011
0.034,-0.010
0.036,-0.009
0.036,-0.009
0.036,-0.009
0.037,-0.010
0.036,-0.011
0.036,-0.012
0.038,-0.012
0.038,-0.013
0.038,-0.014
0.039,-0.013
0.038,-0.015
0.038,-0.016
0.040,-0.015
0.038,-0.015
0.038,-0.015
0.040,-0.013
0.038,-0.012
0.038,-0.013
0.039,-0.012
0.038,-0.013
0.038,-0.014
0.039,-0.014
0.038,-0.015
0.038,-0.015
0.039,-0.015
0.039,-0.015
0.038,-0.015
0.040,-0.014
0.041,-0.014
0.039,-0.015
0.041,-0.014
0.041,-0.015
0.041,-0.015
0.042,-0.016
0.041,-0.017
0.041,-0.016
0.041,-0.016
0.041,-0.015
0.040,-0.014
0.041,-0.014
0.040,-0.012
0.039,-0.012
0.041,-0.013
0.040,-0.013
0.041,-0.012
0.042,-0.012
0.042,-0.011
0.042,-0.010
0.043,-0.009
0.041,-0.008
0.040,-0.007
0.042,-0.007
0.040,-0.005
0.040,-0.006
0.042,-0.005
0.041,-0.005
0.044,-0.005
0.044,-0.006
0.044,-0.007
0.046,-0.007
0.046,-0.006
0.044,-0.007
0.045,-0.007
0.046,-0.008
0.045,-0.008
0.046,-0.009
0.045,-0.009
0.045,-0.010
0.046,-0.011
0.046,-0.009
0.047,-0.010
0.049,-0.011
0.049,-0.010
0.049,-0.011
0.051,-0.009
0.051,-0.008
0.051,-0.008
0.052,-0.008
0.052,-0.006
0.051,-0.007
0.052,-0.007
0.052,-0.007
0.051,-0.008
0.052,-0.009
0.052,-0.011
0.052,-0.012
0.053,-0.011
0.054,-0.010
0.054,-0.010
0.055,-0.008
0.055,-0.007
0.054,-0.006
0.055,-0.005
0.054,-0.005
0.054,-0.006
0.055,-0.006
0.054,-0.007
0.055,-0.008
0.056,-0.007
0.055,-0.007
0.056,-0.008
0.056,-0.006
0.056,-0.005
0.056,-0.005
0.057,-0.004
0.056,-0.004
0.058,-0.006
0.057,-0.006
0.057,-0.006
0.058,-0.008
0.059,-0.008
0.059,-0.009
0.060,-0.010
0.060,-0.009
0.061,-0.009
0.061,-0.010
0.062,-0.008
0.062,-0.008
0.064,-0.009
0.063,-0.007
0.064,-0.009
0.065,-0.009
0.064,-0.008
0.065,-0.008
0.065,-0.007
0.065,-0.005
0.066,-0.004
0.067,-0.003
0.065,-0.002
0.067,-0.004
0.068,-0.003
0.068,-0.003
0.070,-0.006
0.071,-0.006
0.070,-0.005
0.072,-0.007
0.073,-0.005
0.071,-0.004
0.073,-0.004
0.075,-0.003
0.074,-0.003
0.076,-0.004
0.077,-0.004
0.078,-0.004
0.080,-0.006
0.081,-0.005
0.080,-0.005
0.083,-0.006
0.084,-0.006
0.086,-0.006
0.088,-0.007
0.088,-0.007
0.091,-0.006
0.093,-0.005
0.093,-0.005
0.094,-0.005
0.095,-0.003
0.096,-0.003
0.097,-0.002
0.096,-0.002
0.096,0.000
0.098,0.001
0.098,0.002
0.098,0.001
0.098,0.001
0.100,0.001
0.100,0.001
0.101,-0.001
0.101,-0.001
0.102,-0.002
0.104,-0.002
0.103,-0.003
0.102,-0.003
0.103,-0.001
0.104,0.000
0.104,-0.001
0.103,-0.002
0.104,-0.001
0.104,-0.002
0.105,-0.002
0.104,-0.004
0.104,-0.005
0.105,-0.002
0.105,-0.003
0.105,-0.004
0.104,-0.003
0.105,-0.003
0.106,-0.005
0.106,-0.004
0.104,-0.006
0.104,-0.005
0.104,-0.004
0.103,-0.005
0.104,-0.005
0.103,-0.005
0.105,-0.005
0.106,-0.007
0.105,-0.007
0.105,-0.009
0.105,-0.009
0.106,-0.009
0.105,-0.008
0.104,-0.008
0.102,-0.007
0.104,-0.007
0.103,-0.007
0.102,-0.009
0.102,-0.009
0.100,-0.008
0.102,-0.007
0.102,-0.007
0.101,-0.005
0.102,-0.005
0.103,-0.003
0.102,-0.003
0.100,-0.004
0.101,-0.003
0.100,-0.001
0.100,-0.002
0.099,-0.003
0.096,0.000
0.097,-0.000
0.098,-0.000
0.096,0.000
0.096,-0.002
0.099,-0.001
0.098,-0.001
0.098,-0.003
0.098,-0.004
0.097,-0.001
0.098,-0.002
0.099,-0.002
0.095,0.000
0.096,-0.002
0.099,-0.001
0.098,0.002
0.099,0.001
0.100,0.002
0.100,0.006
0.101,0.006
0.101,0.007
0.099,0.008
0.100,0.008
0.101,0.010
0.099,0.009
0.099,0.009
0.100,0.010
0.101,0.011
0.101,0.010
0.102,0.010
0.100,0.010
0.101,0.008
0.101,0.007
0.100,0.004
0.101,0.002
0.101,0.002
0.100,0.004
0.102,0.003
0.100,0.002
0.100,0.004
0.101,0.003
0.102,0.004
0.102,0.005
0.101,0.006
0.102,0.007
0.102,0.008
0.104,0.007
0.104,0.008
0.104,0.010
0.107,0.010
0.106,0.010
0.106,0.010
0.107,0.010
0.108,0.010
0.108,0.010
0.108,0.008
0.108,0.010
0.109,0.011
0.111,0.011
0.109,0.013
0.110,0.012
0.110,0.012
0.109,0.012
0.110,0.011
0.111,0.013
0.110,0.014
0.111,0.013
0.112,0.014
0.110,0.013
0.112,0.013
0.113,0.014
0.111,0.015
0.114,0.014
0.114,0.016
0.113,0.017
0.115,0.016
0.115,0.016
0.114,0.016
0.116,0.014
0.116,0.014
0.116,0.014
0.117,0.012
0.116,0.013
0.115,0.012
0.117,0.013
0.117,0.013
0.116,0.011
0.119,0.011
0.119,0.011
0.119,0.012
0.120,0.012
0.117,0.012
0.117,0.012
0.117,0.012
0.116,0.012
0.115,0.012
0.116,0.012
0.116,0.011
0.115,0.010
0.116,0.010
0.114,0.010
0.115,0.011
0.114,0.012
0.114,0.013
0.113,0.013
0.114,0.013
0.114,0.013
0.112,0.013
0.114,0.014
0.114,0.013
0.114,0.014
0.114,0.015
0.115,0.016
0.114,0.016
0.114,0.016
0.114,0.015
0.114,0.016
0.114,0.014
0.114,0.013
0.114,0.014
0.115,0.013
0.114,0.011
0.114,0.012
0.114,0.011
0.115,0.011
0.114,0.012
0.116,0.012
0.116,0.013
0.115,0.017
0.115,0.016
0.115,0.017
0.114,0.019
0.114,0.018
0.114,0.019
0.113,0.020
0.114,0.018
0.114,0.017
0.114,0.019
0.115,0.018
0.115,0.018
0.114,0.018
0.115,0.017
0.114,0.019
0.113,0.020
0.114,0.021
0.114,0.022
0.113,0.024
0.114,0.024
0.113,0.025
0.114,0.025
0.114,0.024
0.112,0.024
0.113,0.023
0.114,0.023
0.113,0.023
0.113,0.022
0.114,0.021
0.111,0.020
0.113,0.019
0.114,0.019
0.111,0.019
0.111,0.018
0.112,0.019
0.109,0.019
0.109,0.018
0.111,0.018
0.108,0.019
0.110,0.019
0.109,0.018
0.107,0.019
0.110,0.018
0.110,0.017
0.108,0.017
0.110,0.017
0.110,0.017
0.108,0.018
0.109,0.018
0.109,0.019
0.108,0.020
0.110,0.020
0.110,0.020
0.110,0.020
0.111,0.020
0.111,0.020
0.112,0.020
0.113,0.021
0.113,0.022
0.111,0.023
0.114,0.023
0.113,0.024
0.112,0.027
0.114,0.028
0.113,0.030
0.112,0.031
0.114,0.032
0.114,0.033
0.112,0.033
0.115,0.034
0.115,0.033
0.114,0.033
0.117,0.033
0.117,0.033
0.116,0.033
0.119,0.034
0.119,0.035
0.119,0.035
0.122,0.037
0.121,0.038
0.121,0.040
0.124,0.041
0.122,0.042
0.123,0.043
0.125,0.042
0.124,0.041
0.126,0.038
0.128,0.039
0.128,0.038
0.129,0.038
0.131,0.039
0.130,0.038
0.131,0.038
0.133,0.039
0.131,0.039
0.132,0.038
0.134,0.038
0.132,0.037
0.133,0.037
0.136,0.037
0.135,0.037
0.137,0.037
0.140,0.036
0.139,0.036
0.139,0.036
0.140,0.036
0.140,0.035
0.139,0.035
0.141,0.036
0.140,0.036
0.139,0.038
0.141,0.039
0.140,0.039
0.139,0.040
0.140,0.039
0.140,0.040
0.140,0.041
0.141,0.041
0.140,0.041
0.139,0.044
0.140,0.043
0.139,0.042
0.138,0.042
0.140,0.041
0.138,0.041
0.138,0.039
0.139,0.038
0.137,0.037
0.136,0.038
0.137,0.036
0.135,0.037
0.135,0.037
0.137,0.037
0.134,0.038
0.134,0.037
0.135,0.036
0.133,0.036
0.133,0.036
0.134,0.036
0.132,0.036
0.132,0.035
0.133,0.034
0.129,0.035
0.130,0.033
0.130,0.034
0.127,0.035
0.128,0.034
0.129,0.036
0.127,0.037
0.128,0.038
0.127,0.038
0.124,0.040
0.126,0.039
0.125,0.041
0.122,0.040
0.123,0.040
0.122,0.042
0.119,0.041
0.120,0.041
0.118,0.042
0.116,0.040
0.118,0.040
0.115,0.040
0.115,0.039
0.117,0.040
0.114,0.043
0.114,0.043
0.115,0.046
0.113,0.048
0.113,0.047
0.114,0.047
0.111,0.046
0.112,0.045
0.113,0.046
0.111,0.046
0.112,0.044
0.112,0.045
0.111,0.045
0.110,0.043
0.112,0.045
0.111,0.045
0.111,0.045
0.112,0.047
0.111,0.047
0.112,0.047
0.111,0.047
0.111,0.046
0.112,0.046
0.113,0.047
0.112,0.046
0.112,0.047
0.113,0.049
0.112,0.050
0.112,0.051
0.113,0.053
0.112,0.055
0.112,0.055
0.112,0.057
0.112,0.057
0.112,0.058
0.113,0.059
0.112,0.059
0.113,0.058
0.114,0.058
0.113,0.058
0.113,0.057
0.114,0.058
0.114,0.058
0.114,0.057
0.114,0.057
0.113,0.056
0.114,0.057
0.114,0.056
0.113,0.056
0.114,0.056
0.114,0.057
0.115,0.058
0.115,0.058
0.116,0.058
0.116,0.057
0.116,0.056
0.118,0.056
0.117,0.055
0.119,0.055
0.119,0.054
0.120,0.053
0.121,0.053
0.121,0.054
0.120,0.054
0.120,0.057
0.119,0.058
0.119,0.058
0.119,0.059
0.117,0.059
0.118,0.060
0.117,0.060
0.115,0.059
0.115,0.058
0.115,0.059
0.115,0.059
0.114,0.059
0.115,0.060
0.115,0.060
0.115,0.060
0.114,0.060
0.114,0.060
0.113,0.060
0.113,0.061
0.113,0.061
0.112,0.062
0.112,0.063
0.112,0.065
0.111,0.066
0.111,0.067
0.112,0.067
0.110,0.068
0.110,0.067
0.111,0.066
0.109,0.066
0.110,0.066
0.110,0.067
0.108,0.067
0.109,0.066
0.108,0.065
0.108,0.065
0.107,0.063
0.108,0.064
0.106,0.065
0.106,0.065
0.105,0.067
0.104,0.068
0.105,0.067
0.103,0.068
0.103,0.069
0.103,0.070
0.102,0.071
0.101,0.071
0.101,0.072
0.101,0.072
0.100,0.070
0.101,0.069
0.099,0.068
0.099,0.066
0.100,0.064
0.098,0.064
0.099,0.062
0.099,0.062
0.097,0.062
0.098,0.061
0.099,0.063
0.097,0.062
0.098,0.062
0.097,0.063
0.097,0.063
0.096,0.063
0.095,0.064
0.093,0.064
0.094,0.064
0.093,0.066
0.093,0.065
0.092,0.065
0.090,0.066
0.090,0.065
0.091,0.065
0.088,0.067
0.088,0.066
0.089,0.067
0.088,0.070
0.087,0.069
0.088,0.070
0.087,0.071
0.087,0.069
0.087,0.069
0.084,0.069
0.084,0.067
0.085,0.067
0.083,0.068
0.083,0.067
0.084,0.067
0.083,0.068
0.083,0.067
0.084,0.068
0.082,0.070
0.082,0.069
0.082,0.070
0.081,0.071
0.081,0.071
0.081,0.071
0.082,0.072
0.081,0.071
0.082,0.071
0.081,0.071
0.080,0.070
0.081,0.070
0.080,0.071
0.081,0.070
0.079,0.070
0.080,0.070
0.079,0.069
0.080,0.068
0.079,0.069
0.079,0.068
0.080,0.069
0.079,0.069
0.079,0.070
0.079,0.071
0.079,0.071
0.079,0.071
0.079,0.073
0.079,0.072
0.080,0.072
0.079,0.072
0.078,0.071
0.080,0.071
0.079,0.071
0.079,0.071
0.079,0.070
0.078,0.070
0.078,0.071
0.078,0.069
0.078,0.071
0.077,0.070
0.079,0.069
0.077,0.070
0.078,0.071
0.077,0.071
0.075,0.074
0.076,0.073
0.075,0.073
0.074,0.074
0.075,0.072
0.076,0.074
0.075,0.074
0.075,0.074
0.075,0.076
0.073,0.078
0.075,0.078
0.075,0.077
0.073,0.077
0.074,0.075
0.074,0.075
0.071,0.076
0.073,0.074
0.073,0.075
0.071,0.075
0.073,0.074
0.073,0.074
0.072,0.074
0.074,0.073
0.073,0.073
0.073,0.072
0.072,0.072
0.072,0.071
0.071,0.070
0.072,0.069
0.071,0.068
0.072,0.068
0.072,0.069
0.071,0.070
0.071,0.071
0.071,0.072
0.070,0.072
0.070,0.072
0.069,0.072
0.069,0.071
0.068,0.071
0.067,0.071
0.067,0.071
0.068,0.072
0.067,0.071
0.067,0.070
0.067,0.069
0.067,0.069
0.067,0.068
0.065,0.071
0.066,0.071
0.065,0.071
0.065,0.074
0.065,0.074
0.065,0.074
0.065,0.075
0.065,0.075
0.064,0.075
0.064,0.075
0.064,0.073
0.064,0.072
0.063,0.073
0.064,0.070
0.064,0.071
0.063,0.073
0.063,0.073
0.063,0.073
0.062,0.075
0.061,0.073
0.061,0.073
0.061,0.075
0.061,0.073
0.060,0.073
0.060,0.073
0.060,0.070
0.059,0.069
0.058,0.068
0.059,0.067
0.058,0.067
0.058,0.065
0.060,0.064
0.058,0.066
0.059,0.067
0.060,0.067
0.058,0.069
0.059,0.069
0.060,0.069
0.057,0.069
0.057,0.069
0.059,0.069
0.056,0.068
0.057,0.067
0.056,0.067
0.054,0.068
0.055,0.066
0.055,0.066
0.054,0.068
0.054,0.067
0.056,0.067
0.054,0.068
0.056,0.068
0.056,0.068
0.054,0.071
0.055,0.070
0.055,0.070
0.054,0.069
0.055,0.068
0.055,0.067
0.053,0.067
0.055,0.065
0.055,0.065
0.052,0.066
0.054,0.066
0.053,0.068
0.051,0.069
0.052,0.070
0.051,0.072
0.050,0.073
0.051,0.073
0.050,0.072
0.048,0.072
0.050,0.071
0.049,0.070
0.047,0.069
0.048,0.071
0.047,0.073
0.046,0.074
0.047,0.075
0.046,0.076
0.044,0.076
0.046,0.075
0.044,0.075
0.042,0.075
0.044,0.074
0.044,0.075
0.043,0.075
0.046,0.075
0.046,0.075
0.045,0.076
0.048,0.076
0.047,0.077
0.046,0.078
0.049,0.076
0.046,0.075
0.046,0.073
0.048,0.073
0.046,0.074
0.046,0.073
0.047,0.074
0.046,0.073
0.046,0.072
0.048,0.071
0.046,0.070
0.047,0.070
0.048,0.070
0.046,0.071
0.047,0.072
0.049,0.072
0.046,0.071
0.046,0.069
0.047,0.068
0.045,0.067
0.046,0.067
0.046,0.067
0.047,0.068
0.048,0.069
0.048,0.071
0.048,0.071
0.047,0.072
0.049,0.072
0.047,0.070
0.047,0.070
0.048,0.068
0.046,0.068
0.046,0.068
0.047,0.067
0.047,0.066
0.046,0.066
0.047,0.064
0.046,0.063
0.046,0.064
0.046,0.063
0.044,0.063
0.044,0.066
0.045,0.065
0.045,0.065
0.044,0.066
0.045,0.066
0.043,0.067
0.042,0.068
0.043,0.066
0.040,0.065
0.041,0.064
0.042,0.060
0.040,0.059
0.040,0.057
0.041,0.056
0.038,0.057
0.038,0.058
0.039,0.058
0.036,0.060
0.037,0.060
0.038,0.060
0.036,0.062
0.037,0.060
0.037,0.059
0.035,0.061
0.036,0.061
0.036,0.060
0.034,0.060
0.035,0.061
0.036,0.062
0.033,0.063
0.036,0.062
0.035,0.063
0.033,0.063
0.035,0.062
0.034,0.062
0.033,0.060
0.035,0.061
0.034,0.062
0.033,0.061
0.035,0.062
0.033,0.063
0.033,0.063
0.034,0.063
0.032,0.065
0.031,0.062
0.032,0.063
0.029,0.063
0.027,0.061
0.029,0.061
0.026,0.060
0.026,0.059
0.028,0.060
0.026,0.063
0.026,0.062
0.027,0.062
0.026,0.063
0.025,0.061
0.027,0.060
0.025,0.059
0.024,0.058
0.025,0.057
0.023,0.055
0.022,0.054
0.023,0.055
0.021,0.054
0.019,0.054
0.021,0.057
0.020,0.059
0.019,0.060
0.019,0.061
0.017,0.061
0.018,0.061
0.017,0.062
0.015,0.060
0.015,0.059
0.016,0.062
0.014,0.062
0.014,0.062
0.013,0.063
0.011,0.063
0.012,0.063
0.012,0.063
0.008,0.061
0.008,0.059
0.007,0.060
0.004,0.057
0.003,0.057
0.003,0.059
0.002,0.059
0.002,0.060
0.001,0.061
-0.002,0.060
-0.001,0.060
-0.002,0.062
-0.003,0.061
-0.004,0.062
-0.006,0.063
-0.006,0.062
-0.006,0.063
-0.007,0.062
-0.009,0.060
-0.009,0.061
-0.010,0.061
-0.010,0.058
-0.011,0.059
-0.012,0.058
-0.011,0.057
-0.011,0.058
-0.013,0.056
-0.013,0.054
-0.012,0.055
-0.014,0.053
-0.013,0.051
-0.015,0.053
-0.016,0.053
-0.015,0.053
-0.016,0.053
-0.017,0.055
-0.016,0.058
-0.017,0.060
-0.018,0.059
-0.018,0.058
-0.018,0.060
-0.016,0.061
-0.016,0.060
-0.017,0.061
-0.016,0.062
-0.017,0.062
-0.016,0.063
-0.016,0.063
-0.017,0.064
-0.016,0.065
-0.016,0.064
-0.017,0.063
-0.018,0.061
-0.015,0.060
-0.016,0.060
-0.015,0.059
-0.015,0.059
-0.016,0.060
-0.014,0.060
-0.013,0.060
-0.013,0.059
-0.014,0.058
-0.012,0.061
-0.012,0.060
-0.011,0.060
-0.012,0.061
-0.011,0.061
-0.009,0.061
-0.009,0.062
-0.010,0.061
-0.011,0.062
-0.009,0.063
-0.010,0.061
-0.010,0.061
-0.010,0.062
-0.010,0.060
-0.010,0.060
-0.010,0.058
-0.011,0.056
-0.010,0.056
-0.009,0.056
-0.009,0.054
-0.009,0.054
-0.009,0.055
-0.007,0.054
-0.007,0.054
-0.009,0.054
-0.008,0.055
-0.009,0.057
-0.009,0.058
-0.009,0.057
-0.010,0.059
-0.009,0.060
-0.008,0.058
-0.009,0.057
-0.010,0.053
-0.008,0.051
-0.009,0.049
-0.008,0.046
-0.009,0.044
-0.011,0.044
-0.011,0.043
-0.010,0.043
-0.011,0.045
-0.011,0.045
-0.009,0.046
-0.010,0.047
-0.010,0.045
-0.010,0.045
-0.010,0.046
-0.010,0.046
-0.010,0.045
-0.011,0.045
-0.012,0.044
-0.010,0.043
-0.012,0.044
-0.012,0.043
-0.012,0.044
-0.014,0.046
-0.013,0.046
-0.013,0.045
-0.015,0.047
-0.013,0.045
-0.013,0.046
-0.014,0.046
-0.015,0.044
-0.015,0.044
-0.016,0.045
-0.016,0.043
-0.017,0.042
-0.020,0.043
-0.020,0.043
-0.020,0.044
-0.021,0.045
-0.020,0.045
-0.020,0.047
-0.021,0.047
-0.020,0.046
-0.021,0.047
-0.023,0.048
-0.021,0.046
-0.021,0.046
-0.023,0.047
-0.021,0.046
-0.022,0.047
-0.023,0.047
-0.023,0.046
-0.024,0.047
-0.024,0.047
-0.024,0.045
-0.025,0.045
-0.026,0.045
-0.024,0.044
-0.027,0.045
-0.027,0.044
-0.026,0.044
-0.027,0.044
-0.027,0.043
-0.026,0.042
-0.027,0.042
-0.028,0.043
-0.027,0.042
-0.029,0.043
-0.029,0.042
-0.029,0.042
-0.031,0.043
-0.030,0.041
-0.029,0.041
-0.031,0.040
-0.031,0.039
-0.029,0.039
-0.031,0.039
-0.030,0.039
-0.029,0.038
-0.031,0.039
-0.029,0.040
-0.029,0.041
-0.031,0.041
-0.029,0.042
-0.028,0.043
-0.031,0.042
-0.029,0.041
-0.029,0.041
-0.031,0.042
-0.030,0.040
-0.030,0.041
-0.032,0.040
-0.030,0.039
-0.030,0.039
-0.031,0.039
-0.029,0.039
-0.029,0.039
-0.029,0.040
-0.028,0.041
-0.028,0.041
-0.029,0.041
-0.028,0.040
-0.028,0.040
-0.028,0.038
-0.026,0.038
-0.027,0.038
-0.027,0.037
-0.027,0.038
-0.027,0.038
-0.027,0.038
-0.027,0.037
-0.027,0.036
-0.027,0.035
-0.025,0.035
-0.026,0.033
-0.026,0.032
-0.025,0.031
-0.025,0.029
-0.026,0.028
-0.026,0.028
-0.026,0.027
-0.026,0.028
-0.026,0.028
-0.025,0.027
-0.025,0.027
-0.024,0.028
-0.025,0.028
-0.024,0.029
-0.024,0.028
-0.024,0.028
-0.025,0.028
-0.024,0.028
-0.023,0.027
-0.025,0.028
-0.023,0.027
-0.022,0.027
-0.023,0.029
-0.021,0.027
-0.022,0.027
-0.023,0.028
-0.023,0.028
-0.022,0.027
-0.024,0.028
-0.022,0.027
-0.022,0.028
-0.023,0.030
-0.021,0.029
-0.021,0.030
-0.022,0.031
-0.021,0.029
-0.021,0.030
-0.024,0.032
-0.022,0.032
-0.022,0.032
-0.024,0.035
-0.022,0.035
-0.021,0.036
-0.023,0.037
-0.021,0.035
-0.021,0.035
-0.022,0.034
-0.020,0.031
-0.021,0.031
-0.022,0.030
-0.021,0.027
-0.023,0.027
-0.023,0.027
-0.022,0.025
-0.024,0.026
-0.024,0.024
-0.022,0.023
-0.024,0.023
-0.024,0.021
-0.022,0.021
-0.024,0.021
-0.024,0.021
-0.022,0.021
-0.025,0.022
-0.026,0.022
-0.025,0.022
-0.029,0.023
-0.029,0.022
-0.028,0.022
-0.031,0.022
-0.031,0.021
-0.030,0.019
-0.033,0.019
-0.031,0.019
-0.032,0.020
-0.033,0.021
-0.034,0.022
-0.032,0.023
-0.034,0.023
-0.035,0.023
-0.034,0.023
-0.036,0.022
-0.035,0.021
-0.035,0.021
-0.037,0.019
-0.036,0.019
-0.037,0.018
-0.040,0.017
-0.038,0.017
-0.039,0.017
-0.042,0.017
-0.039,0.018
-0.041,0.019
-0.043,0.019
-0.042,0.020
-0.043,0.022
-0.044,0.021
-0.043,0.022
-0.044,0.023
-0.045,0.022
-0.044,0.023
-0.047,0.023
-0.048,0.021
-0.047,0.021
-0.049,0.019
-0.049,0.015
-0.048,0.016
-0.050,0.016
-0.050,0.016
-0.047,0.020
-0.049,0.021
-0.049,0.020
-0.047,0.023
-0.049,0.023
-0.049,0.021
-0.047,0.022
-0.049,0.023
-0.048,0.021
-0.047,0.023
-0.049,0.023
-0.048,0.023
-0.047,0.024
-0.049,0.023
-0.047,0.023
-0.046,0.023
-0.046,0.022
-0.046,0.021
-0.044,0.022
-0.045,0.021
-0.045,0.021
-0.042,0.022
-0.043,0.022
-0.042,0.023
-0.042,0.024
-0.042,0.023
-0.041,0.024
-0.040,0.023
-0.039,0.022
-0.040,0.022
-0.037,0.020
-0.037,0.019
-0.037,0.019
-0.035,0.018
-0.034,0.019
-0.034,0.019
-0.032,0.018
-0.031,0.019
-0.032,0.020
-0.029,0.020
-0.029,0.020
-0.029,0.020
-0.026,0.019
-0.027,0.020
-0.027,0.020
-0.025,0.020
-0.026,0.021
-0.026,0.019
-0.024,0.018
-0.024,0.018
-0.023,0.016
-0.021,0.015
-0.023,0.015
-0.022,0.015
-0.019,0.015
-0.020,0.016
-0.019,0.016
-0.017,0.016
-0.019,0.017
-0.019,0.016
-0.017,0.017
-0.019,0.016
-0.019,0.016
-0.019,0.015
-0.019,0.016
-0.018,0.015
-0.018,0.015
-0.018,0.015
-0.017,0.015
-0.017,0.017
-0.018,0.015
-0.017,0.016
-0.018,0.016
-0.018,0.015
-0.017,0.015
-0.019,0.015
-0.019,0.013
-0.019,0.013
-0.020,0.012
-0.020,0.012
-0.019,0.012
-0.019,0.012
-0.020,0.012
-0.019,0.012
-0.020,0.012
-0.021,0.011
-0.020,0.010
-0.021,0.009
-0.020,0.007
-0.021,0.006
-0.021,0.004
-0.021,0.003
-0.020,0.002
-0.021,0.002
-0.022,0.002
-0.021,0.004
-0.022,0.005
-0.021,0.004
-0.021,0.004
-0.022,0.004
-0.021,0.004
-0.022,0.006
-0.024,0.006
-0.025,0.007
-0.025,0.008
-0.028,0.007
-0.027,0.006
-0.028,0.006
-0.029,0.004
-0.030,0.002
-0.030,0.003
-0.031,0.002
-0.031,0.002
-0.032,0.003
-0.034,0.003
-0.034,0.002
-0.034,0.003
-0.036,0.002
-0.036,0.002
-0.036,0.005
-0.038,0.006
-0.038,0.006
-0.038,0.009
-0.040,0.009
-0.039,0.009
-0.039,0.009
-0.041,0.007
-0.040,0.006
-0.041,0.006
-0.040,0.006
-0.040,0.005
-0.040,0.007
-0.041,0.006
-0.040,0.006
-0.041,0.007
-0.041,0.006
-0.040,0.007
-0.041,0.008
-0.040,0.008
-0.039,0.009
-0.040,0.009
-0.041,0.007
-0.040,0.009
-0.041,0.009
-0.041,0.007
-0.041,0.008
-0.041,0.008
-0.041,0.007
-0.041,0.007
-0.041,0.006
-0.039,0.004
-0.039,0.005
-0.038,0.004
-0.037,0.004
-0.036,0.006
-0.035,0.006
-0.035,0.006
-0.034,0.007
-0.034,0.006
-0.033,0.005
-0.033,0.006
-0.032,0.006
-0.033,0.007
-0.033,0.005
-0.032,0.004
-0.032,0.003
-0.031,0.001
-0.031,-0.000
-0.030,-0.000
-0.030,0.001
-0.029,0.000
-0.030,0.001
-0.029,0.002
-0.028,0.002
-0.028,0.004
-0.028,0.005
-0.028,0.005
-0.027,0.005
-0.026,0.004
-0.025,0.004
-0.025,0.002
-0.023,0.000
-0.023,0.000
-0.023,0.000
-0.022,-0.001
-0.022,0.000
-0.021,-0.001
-0.020,-0.002
-0.020,-0.002
-0.021,-0.003
-0.019,-0.003
-0.019,-0.004
-0.020,-0.006
-0.017,-0.005
-0.018,-0.004
-0.018,-0.004
-0.016,-0.003
-0.017,-0.001
-0.016,-0.002
-0.015,-0.001
-0.016,0.000
-0.016,0.000
-0.014,0.002
-0.016,0.002
-0.015,0.001
-0.013,0.002
-0.013,0.002
-0.013,0.001
-0.013,0.001
-0.014,-0.000
-0.013,-0.001
-0.011,-0.000
-0.013,-0.000
-0.011,-0.000
-0.011,0.000
-0.012,0.000
-0.009,0.000
-0.010,0.002
-0.009,0.002
-0.007,0.000
-0.008,0.002
-0.008,-0.000
-0.007,-0.001
-0.008,-0.000
-0.008,-0.002
-0.007,-0.001
-0.007,-0.001
-0.007,-0.003
-0.005,-0.002
-0.005,-0.001
-0.004,-0.002
-0.004,-0.002
-0.004,-0.001
-0.004,-0.001
-0.002,-0.001
-0.003,-0.001
-0.003,-0.003
-0.002,-0.002
-0.002,-0.000
-0.002,-0.001
-0.001,-0.001
-0.000,0.000
-0.000,-0.001
0.001,-0.001
0.000,-0.001
0.000,-0.000
0.000,0.001
-0.001,0.002
-0.001,0.000
-0.002,0.001
-0.001,0.001
-0.002,0.000
-0.001,0.001
-0.002,0.000
-0.001,-0.001
0.000,0.000
0.001,-0.001
0.001,-0.003
0.001,-0.003
0.001,-0.004
0.002,-0.004
0.002,-0.003
0.004,-0.004
0.004,-0.004
0.005,-0.005
0.005,-0.005
0.006,-0.005
0.007,-0.004
0.006,-0.004
0.006,-0.003
0.006,-0.001
0.006,-0.002
0.006,-0.002
0.006,-0.003
0.006,-0.004
0.007,-0.006
0.008,-0.006
0.007,-0.006
0.009,-0.006
0.009,-0.004
0.010,-0.003
0.010,-0.003
0.010,-0.002
0.009,-0.003
0.009,-0.003
0.010,-0.003
0.009,-0.003
0.010,-0.003
0.010,-0.003
0.011,-0.004
0.012,-0.004
0.013,-0.003
0.013,-0.005
0.013,-0.005
0.014,-0.004
0.014,-0.004
0.013,-0.004
0.012,-0.004
0.013,-0.004
0.013,-0.005
0.013,-0.005
0.014,-0.007
0.015,-0.006
0.016,-0.005
0.017,-0.006
0.017,-0.004
0.016,-0.003
0.017,-0.005
0.018,-0.005
0.017,-0.005
0.018,-0.005
0.017,-0.005
0.018,-0.005
0.017,-0.006
0.018,-0.006
0.018,-0.007
0.018,-0.008
0.018,-0.010
0.018,-0.009
0.018,-0.009
0.017,-0.009
0.018,-0.007
0.018,-0.007
0.018,-0.007
0.019,-0.007
0.018,-0.007
0.019,-0.008
0.020,-0.010
0.019,-0.012
0.019,-0.014
0.020,-0.015
0.019,-0.016
0.019,-0.017
0.020,-0.016
0.019,-0.014
0.020,-0.013
0.019,-0.010
0.020,-0.010
0.020,-0.009
0.022,-0.009
0.021,-0.010
0.022,-0.010
0.023,-0.010
0.023,-0.010
0.024,-0.010
0.024,-0.007
0.023,-0.008
0.023,-0.009
0.023,-0.008
0.023,-0.010
0.024,-0.011
0.024,-0.010
0.024,-0.011
0.026,-0.009
0.027,-0.008
0.028,-0.009
0.029,-0.008
0.029,-0.008
0.030,-0.010
0.030,-0.009
0.031,-0.009
0.031,-0.010
0.030,-0.008
0.031,-0.008
0.032,-0.008
0.030,-0.007
0.031,-0.007
0.032,-0.007
0.030,-0.007
0.033,-0.007
0.034,-0.009
0.034,-0.008
0.035,-0.011
0.036,-0.012
0.035,-0.012
0.037,-0.014
0.038,-0.013
0.036,-0.011
0.037,-0.009
0.038,-0.008
0.037,-0.005
0.038,-0.004
0.039,-0.003
0.037,-0.003
0.038,-0.003
0.040,-0.004
0.038,-0.003
0.038,-0.004
0.039,-0.004
0.038,-0.004
0.039,-0.005
0.039,-0.006
0.038,-0.004
0.038,-0.005
0.039,-0.006
0.038,-0.005
0.039,-0.006
0.039,-0.007
0.038,-0.005
0.040,-0.005
0.039,-0.006
0.039,-0.005
0.040,-0.007
0.041,-0.006
0.039,-0.006
0.041,-0.007
0.040,-0.007
0.038,-0.007
0.040,-0.007
0.040,-0.007
0.039,-0.005
0.041,-0.007
0.042,-0.004
0.042,-0.003
0.043,-0.003
0.044,-0.003
0.043,-0.002
0.046,-0.003
0.045,-0.003
0.043,-0.003
0.045,-0.004
0.044,-0.003
0.043,-0.004
0.045,-0.003
0.044,-0.003
0.045,-0.003
0.046,-0.003
0.045,-0.004
0.046,-0.006
0.047,-0.007
0.045,-0.007
0.046,-0.007
0.047,-0.006
0.045,-0.006
0.046,-0.008
0.047,-0.008
0.045,-0.008
0.046,-0.010
0.047,-0.008
0.045,-0.009
0.047,-0.011
0.048,-0.009
0.048,-0.009
0.050,-0.010
0.050,-0.009
0.049,-0.009
0.050,-0.008
0.050,-0.007
0.049,-0.008
0.050,-0.007
0.049,-0.007
0.049,-0.007
0.050,-0.007
0.050,-0.006
0.050,-0.007
0.051,-0.006
0.051,-0.007
0.051,-0.009
0.053,-0.008
0.054,-0.009
0.054,-0.010
0.055,-0.011
0.054,-0.010
0.055,-0.010
0.055,-0.009
0.055,-0.009
0.054,-0.007
0.056,-0.006
0.055,-0.007
0.054,-0.006
0.056,-0.004
0.056,-0.005
0.056,-0.004
0.057,-0.004
0.058,-0.003
0.057,-0.003
0.058,-0.001
0.060,-0.001
0.059,0.000
0.061,0.000
0.061,0.000
0.060,0.001
0.062,0.000
0.062,-0.001
0.062,-0.002
0.063,-0.001
0.063,-0.001
0.063,-0.002
0.066,-0.001
0.065,-0.002
0.066,-0.002
0.068,-0.001
0.066,-0.001
0.066,-0.001
0.068,0.000
0.068,-0.000
0.069,-0.001
0.071,0.000
0.071,0.000
0.070,-0.001
0.073,-0.001
0.072,-0.002
0.073,-0.003
0.075,-0.004
0.074,-0.004
0.074,-0.004
0.076,-0.005
0.076,-0.005
0.075,-0.004
0.079,-0.004
0.078,-0.003
0.078,-0.001
0.081,-0.001
0.081,-0.002
0.080,-0.003
0.083,-0.005
0.083,-0.004
0.081,-0.005
0.084,-0.008
0.084,-0.008
0.086,-0.008
0.088,-0.006
0.088,-0.003
0.088,-0.001
0.091,0.002
0.090,0.004
0.091,0.004
0.096,0.004
0.093,0.005
0.095,0.003
0.097,0.001
0.094,0.001
0.097,-0.002
0.099,-0.001
0.097,-0.000
0.098,-0.002
0.100,-0.000
0.098,0.000
0.101,-0.003
0.102,-0.002
0.099,-0.003
0.101,-0.005
0.101,-0.006
0.101,-0.007
0.102,-0.009
0.105,-0.006
0.104,-0.005
0.105,-0.003
0.105,0.000
0.104,-0.001
0.107,0.001
0.106,0.001
0.106,-0.001
0.106,0.001
0.105,0.001
0.105,0.000
0.107,-0.001
0.104,-0.000
0.106,-0.004
0.108,-0.002
0.105,-0.004
0.106,-0.006
0.108,-0.004
0.107,-0.003
0.108,-0.005
0.108,-0.006
0.106,-0.005
0.106,-0.008
0.107,-0.005
0.106,-0.005
0.107,-0.004
0.105,0.001
0.105,0.000
0.105,0.000
0.103,-0.000
0.105,-0.001
0.105,-0.001
0.105,0.000
0.103,-0.001
0.102,0.000
0.103,0.002
0.103,-0.001
0.103,0.000
0.102,0.000
0.103,0.000
0.101,0.000
0.101,0.001
0.101,-0.001
0.102,-0.000
0.101,0.000
0.101,-0.001
0.101,0.000
0.099,-0.002
0.101,-0.003
0.100,-0.005
0.099,-0.006
0.099,-0.005
0.099,-0.005
0.100,-0.004
0.099,-0.006
0.098,-0.005
0.098,-0.005
0.098,-0.003
0.097,-0.002
0.096,-0.001
0.098,-0.001
0.098,-0.002
0.098,-0.001
0.099,-0.002
0.098,0.000
0.099,-0.001
0.099,-0.001
0.099,0.000
0.100,-0.000
0.099,-0.000
0.099,0.001
0.099,0.002
0.098,0.001
0.098,0.003
0.098,0.004
0.099,0.003
0.098,0.002
0.098,0.003
0.100,0.004
0.101,0.003
0.100,0.005
0.100,0.005
0.101,0.007
0.101,0.010
0.101,0.008
0.102,0.008
0.103,0.008
0.104,0.007
0.104,0.005
0.104,0.007
0.104,0.005
0.106,0.004
0.106,0.005
0.106,0.003
0.107,0.004
0.107,0.006
0.107,0.006
0.107,0.004
0.108,0.006
0.108,0.005
0.109,0.004
0.109,0.006
0.110,0.005
0.111,0.006
0.112,0.007
0.111,0.008
0.113,0.008
0.112,0.010
0.112,0.010
0.112,0.010
0.112,0.010
0.112,0.010
0.113,0.009
0.113,0.011
0.114,0.010
0.115,0.010
0.115,0.010
0.116,0.009
0.117,0.008
0.117,0.008
0.116,0.007
0.117,0.007
0.117,0.009
0.118,0.008
0.119,0.010
0.120,0.011
0.121,0.011
0.122,0.011
0.120,0.011
0.122,0.008
0.121,0.008
0.119,0.009
0.120,0.007
0.120,0.008
0.120,0.007
0.121,0.006
0.120,0.007
0.120,0.008
0.121,0.007
0.120,0.008
0.121,0.008
0.122,0.008
0.121,0.010
0.121,0.010
0.122,0.010
0.119,0.011
0.120,0.010
0.122,0.010
0.119,0.012
0.120,0.011
0.121,0.011
0.118,0.013
0.118,0.012
0.119,0.013
0.116,0.014
0.117,0.013
0.117,0.015
0.115,0.018
0.116,0.016
0.116,0.016
0.114,0.018
0.116,0.016
0.117,0.016
0.114,0.016
0.116,0.013
0.118,0.013
0.115,0.012
0.117,0.011
0.117,0.011
0.115,0.012
0.118,0.010
0.118,0.011
0.116,0.014
0.118,0.014
0.117,0.016
0.115,0.017
0.116,0.017
0.116,0.018
0.114,0.018
0.116,0.017
0.115,0.017
0.115,0.017
0.117,0.016
0.116,0.016
0.116,0.016
0.117,0.014
0.117,0.014
0.116,0.013
0.117,0.014
0.116,0.014
0.116,0.015
0.116,0.014
0.115,0.015
0.115,0.015
0.116,0.014
0.115,0.013
0.115,0.013
0.117,0.013
0.116,0.013
0.116,0.014
0.116,0.016
0.115,0.017
0.114,0.018
0.115,0.019
0.114,0.019
0.115,0.019
0.114,0.019
0.114,0.018
0.114,0.018
0.115,0.017
0.115,0.017
0.114,0.017
0.115,0.017
0.113,0.017
0.112,0.018
0.112,0.019
0.112,0.018
0.111,0.020
0.112,0.021
0.112,0.022
0.113,0.025
0.114,0.025
0.113,0.025
0.113,0.027
0.113,0.027
0.113,0.027
0.112,0.028
0.113,0.028
0.112,0.027
0.114,0.028
0.115,0.027
0.114,0.027
0.116,0.027
0.116,0.026
0.115,0.025
0.116,0.024
0.117,0.025
0.115,0.024
0.117,0.023
0.118,0.023
0.117,0.024
0.119,0.025
0.119,0.025
0.118,0.028
0.119,0.029
0.120,0.028
0.119,0.028
0.121,0.029
0.122,0.027
0.121,0.026
0.123,0.026
0.123,0.026
0.125,0.029
0.125,0.030
0.126,0.031
0.126,0.032
0.126,0.031
0.126,0.029
0.125,0.030
0.128,0.030
0.129,0.029
0.129,0.029
0.131,0.028
0.132,0.027
0.132,0.028
0.133,0.028
0.135,0.028
0.133,0.030
0.135,0.030
0.136,0.031
0.134,0.032
0.137,0.030
0.138,0.030
0.136,0.029
0.139,0.028
0.139,0.028
0.137,0.029
0.140,0.028
0.140,0.029
0.137,0.032
0.140,0.031
0.138,0.033
0.138,0.034
0.140,0.034
0.140,0.036
0.139,0.035
0.142,0.034
0.140,0.035
0.140,0.035
0.143,0.035
0.140,0.035
0.140,0.033
0.143,0.032
0.140,0.032
0.140,0.031
0.142,0.031
0.139,0.031
0.138,0.030
0.141,0.031
0.139,0.031
0.139,0.030
0.141,0.031
0.139,0.032
0.139,0.032
0.139,0.032
0.136,0.033
0.136,0.032
0.137,0.032
0.134,0.032
0.134,0.032
0.134,0.032
0.131,0.032
0.131,0.032
0.131,0.034
0.130,0.034
0.129,0.035
0.130,0.037
0.127,0.037
0.128,0.038
0.127,0.038
0.124,0.036
0.125,0.035
0.125,0.034
0.122,0.032
0.123,0.031
0.123,0.032
0.121,0.033
0.121,0.034
0.122,0.036
0.120,0.037
0.121,0.038
0.121,0.039
0.119,0.038
0.120,0.038
0.120,0.039
0.119,0.037
0.119,0.039
0.119,0.040
0.117,0.040
0.118,0.041
0.116,0.042
0.114,0.043
0.115,0.043
0.113,0.044
0.113,0.043
0.114,0.043
0.112,0.042
0.112,0.041
0.114,0.041
0.113,0.041
0.112,0.040
0.113,0.041
0.111,0.041
0.112,0.039
0.113,0.039
0.111,0.039
0.112,0.037
0.113,0.040
0.111,0.040
0.111,0.039
0.112,0.040
0.110,0.040
0.111,0.041
0.111,0.043
0.109,0.045
0.110,0.044
0.111,0.046
0.111,0.045
0.112,0.043
0.114,0.044
0.114,0.043
0.114,0.042
0.115,0.043
0.115,0.043
0.114,0.044
0.114,0.046
0.114,0.047
0.114,0.049
0.115,0.050
0.114,0.051
0.114,0.052
0.115,0.051
0.115,0.051
0.115,0.051
0.117,0.050
0.118,0.049
0.117,0.047
0.118,0.047
0.118,0.046
0.117,0.047
0.119,0.047
0.117,0.047
0.117,0.049
0.119,0.048
0.118,0.049
0.117,0.050
0.119,0.051
0.119,0.054
0.118,0.054
0.121,0.055
0.120,0.055
0.120,0.055
0.121,0.056
0.119,0.056
0.119,0.056
0.121,0.055
0.119,0.056
0.118,0.056
0.121,0.056
0.119,0.056
0.119,0.055
0.120,0.056
0.118,0.058
0.119,0.056
0.120,0.057
0.117,0.058
0.118,0.056
0.119,0.057
0.116,0.056
0.117,0.055
0.118,0.055
0.116,0.055
0.117,0.055
0.117,0.056
0.115,0.058
0.116,0.059
0.116,0.061
0.116,0.060
0.116,0.061
0.115,0.062
0.114,0.061
0.115,0.061
0.113,0.061
0.112,0.060
0.113,0.060
0.111,0.061
0.111,0.059
0.111,0.060
0.109,0.060
0.109,0.056
0.110,0.058
0.109,0.058
0.108,0.057
0.109,0.059
0.107,0.061
0.107,0.060
0.108,0.062
0.106,0.063
0.106,0.061
0.105,0.062
0.104,0.061
0.104,0.059
0.104,0.059
0.102,0.058
0.103,0.058
0.102,0.059
0.101,0.057
0.101,0.057
0.100,0.059
0.100,0.060
0.099,0.061
0.099,0.062
0.099,0.062
0.099,0.062
0.098,0.062
0.098,0.062
0.097,0.063
0.096,0.064
0.097,0.062
0.096,0.061
0.096,0.060
0.095,0.061
0.095,0.062
0.095,0.063
0.094,0.063
0.093,0.063
0.094,0.064
0.093,0.064
0.092,0.065
0.093,0.066
0.093,0.067
0.091,0.067
0.093,0.067
0.091,0.066
0.090,0.065
0.090,0.065
0.089,0.065
0.089,0.065
0.089,0.065
0.088,0.065
0.088,0.066
0.088,0.067
0.085,0.067
0.085,0.067
0.086,0.067
0.085,0.068
0.084,0.065
0.085,0.065
0.084,0.064
0.083,0.061
0.083,0.061
0.082,0.062
0.082,0.062
0.082,0.062
0.082,0.063
0.082,0.063
0.083,0.064
0.082,0.064
0.081,0.064
0.082,0.066
0.081,0.066
0.081,0.066
0.080,0.066
0.079,0.064
0.080,0.063
0.079,0.064
0.080,0.063
0.080,0.063
0.080,0.065
0.078,0.065
0.080,0.065
0.079,0.066
0.079,0.066
0.080,0.066
0.080,0.067
0.079,0.066
0.080,0.066
0.081,0.067
0.079,0.066
0.081,0.066
0.081,0.067
0.079,0.067
0.080,0.067
0.079,0.069
0.079,0.068
0.079,0.067
0.079,0.066
0.078,0.065
0.078,0.065
0.077,0.065
0.077,0.064
0.078,0.063
0.078,0.063
0.078,0.063
0.079,0.063
0.078,0.065
0.078,0.064
0.078,0.066
0.078,0.068
0.078,0.067
0.078,0.069
0.078,0.069
0.078,0.068
0.078,0.069
0.076,0.069
0.077,0.068
0.076,0.070
0.076,0.070
0.076,0.069
0.077,0.071
0.076,0.071
0.077,0.071
0.076,0.073
0.075,0.073
0.076,0.073
0.075,0.073
0.074,0.072
0.076,0.069
0.075,0.070
0.075,0.068
0.075,0.067
0.073,0.067
0.072,0.065
0.073,0.064
0.072,0.065
0.070,0.065
0.071,0.064
0.072,0.066
0.070,0.063
0.071,0.062
0.070,0.062
0.070,0.060
0.071,0.061
0.069,0.062
0.069,0.064
0.070,0.064
0.068,0.066
0.069,0.065
0.069,0.066
0.068,0.068
0.068,0.067
0.069,0.068
0.067,0.070
0.067,0.069
0.068,0.071
0.067,0.071
0.068,0.069
0.069,0.069
0.069,0.068
0.068,0.065
0.069,0.065
0.068,0.065
0.068,0.063
0.068,0.063
0.066,0.064
0.067,0.063
0.067,0.065
0.066,0.065
0.067,0.065
0.067,0.067
0.067,0.068
0.066,0.068
0.067,0.069
0.066,0.068
0.066,0.067
0.065,0.066
0.065,0.066
0.066,0.066
0.064,0.066
0.065,0.066
0.065,0.066
0.063,0.066
0.063,0.065
0.063,0.066
0.063,0.066
0.063,0.066
0.063,0.065
0.062,0.066
0.063,0.065
0.062,0.065
0.062,0.065
0.063,0.064
0.063,0.065
0.062,0.065
0.062,0.064
0.062,0.064
0.062,0.064
0.063,0.063
0.062,0.063
0.062,0.062
0.062,0.061
0.061,0.062
0.059,0.062
0.059,0.063
0.057,0.064
0.057,0.066
0.057,0.067
0.057,0.067
0.057,0.069
0.057,0.068
0.056,0.066
0.055,0.063
0.055,0.062
0.054,0.060
0.053,0.058
0.054,0.060
0.052,0.060
0.054,0.061
0.054,0.062
0.053,0.062
0.055,0.063
0.055,0.063
0.054,0.061
0.054,0.061
0.053,0.061
0.052,0.059
0.052,0.060
0.051,0.061
0.050,0.059
0.051,0.060
0.050,0.062
0.052,0.062
0.052,0.064
0.052,0.066
0.052,0.066
0.052,0.067
0.051,0.068
0.051,0.065
0.052,0.065
0.049,0.064
0.050,0.062
0.049,0.062
0.048,0.060
0.050,0.060
0.049,0.060
0.049,0.059
0.050,0.058
0.049,0.060
0.050,0.060
0.052,0.059
0.051,0.061
0.052,0.061
0.053,0.061
0.051,0.062
0.052,0.060
0.052,0.059
0.050,0.061
0.051,0.057
0.051,0.057
0.050,0.058
0.050,0.056
0.050,0.057
0.049,0.058
0.049,0.058
0.049,0.057
0.048,0.059
0.049,0.058
0.049,0.059
0.049,0.060
0.049,0.059
0.050,0.057
0.049,0.058
0.049,0.057
0.050,0.057
0.049,0.059
0.048,0.059
0.048,0.060
0.047,0.060
0.047,0.059
0.047,0.060
0.045,0.060
0.047,0.059
0.046,0.058
0.045,0.057
0.046,0.056
0.046,0.055
0.045,0.055
0.046,0.053
0.045,0.054
0.044,0.054
0.045,0.054
0.043,0.055
0.042,0.056
0.043,0.057
0.041,0.058
0.042,0.061
0.042,0.060
0.041,0.062
0.040,0.062
0.041,0.060
0.041,0.060
0.040,0.059
0.041,0.058
0.040,0.058
0.041,0.057
0.041,0.057
0.039,0.058
0.040,0.057
0.041,0.056
0.039,0.056
0.040,0.052
0.040,0.052
0.038,0.051
0.040,0.050
0.040,0.052
0.038,0.055
0.039,0.056
0.039,0.057
0.037,0.058
0.038,0.057
0.039,0.057
0.037,0.055
0.039,0.053
0.038,0.053
0.036,0.053
0.038,0.051
0.037,0.052
0.036,0.051
0.036,0.052
0.035,0.053
0.032,0.052
0.032,0.053
0.030,0.051
0.029,0.051
0.028,0.050
0.027,0.049
0.026,0.048
0.027,0.047
0.026,0.047
0.027,0.046
0.026,0.047
0.026,0.046
0.025,0.046
0.026,0.046
0.024,0.045
0.024,0.046
0.024,0.046
0.023,0.046
0.023,0.046
0.023,0.047
0.022,0.048
0.020,0.048
0.019,0.049
0.019,0.047
0.017,0.047
0.017,0.044
0.016,0.042
0.014,0.042
0.015,0.042
0.014,0.043
0.014,0.046
0.013,0.046
0.015,0.048
0.014,0.051
0.013,0.051
0.012,0.051
0.010,0.051
0.011,0.050
0.010,0.050
0.006,0.050
0.007,0.050
0.004,0.051
0.003,0.050
0.004,0.049
0.002,0.049
0.002,0.049
0.003,0.051
-0.002,0.051
0.000,0.050
0.001,0.050
-0.001,0.050
-0.002,0.052
-0.000,0.052
-0.004,0.054
-0.004,0.053
-0.003,0.052
-0.006,0.052
-0.004,0.052
-0.005,0.053
-0.006,0.052
-0.007,0.052
-0.007,0.049
-0.009,0.049
-0.008,0.049
-0.007,0.047
-0.011,0.047
-0.010,0.049
-0.010,0.049
-0.011,0.050
-0.010,0.052
-0.012,0.052
-0.012,0.053
-0.013,0.052
-0.012,0.050
-0.015,0.048
-0.013,0.047
-0.013,0.047
-0.016,0.046
-0.016,0.048
-0.016,0.049
-0.017,0.050
-0.016,0.049
-0.016,0.049
-0.018,0.049
-0.016,0.049
-0.016,0.048
-0.018,0.047
-0.016,0.047
-0.016,0.048
-0.017,0.049
-0.016,0.049
-0.015,0.049
-0.016,0.050
-0.012,0.049
-0.012,0.050
-0.014,0.050
-0.011,0.050
-0.011,0.049
-0.013,0.047
-0.011,0.045
-0.011,0.044
-0.013,0.044
-0.010,0.044
-0.011,0.044
-0.012,0.043
-0.007,0.044
-0.009,0.045
-0.008,0.043
-0.008,0.043
-0.009,0.044
-0.008,0.044
-0.005,0.042
-0.007,0.043
-0.007,0.042
-0.004,0.045
-0.006,0.044
-0.006,0.043
-0.005,0.043
-0.006,0.043
-0.005,0.042
-0.005,0.042
-0.007,0.043
-0.007,0.041
-0.004,0.044
-0.007,0.044
-0.007,0.044
-0.004,0.048
-0.007,0.048
-0.006,0.048
-0.005,0.047
-0.008,0.047
-0.007,0.046
-0.006,0.047
-0.008,0.045
-0.008,0.043
-0.008,0.044
-0.007,0.044
-0.007,0.044
-0.006,0.044
-0.007,0.044
-0.007,0.044
-0.005,0.044
-0.007,0.042
-0.008,0.042
-0.007,0.043
-0.008,0.042
-0.009,0.042
-0.009,0.040
-0.009,0.039
-0.010,0.039
-0.009,0.037
-0.011,0.036
-0.013,0.037
-0.012,0.035
-0.013,0.034
-0.015,0.035
-0.014,0.035
-0.015,0.036
-0.016,0.038
-0.015,0.038
-0.016,0.040
-0.017,0.042
-0.016,0.043
-0.018,0.044
-0.019,0.045
-0.017,0.044
-0.019,0.044
-0.019,0.044
-0.018,0.042
-0.019,0.042
-0.019,0.041
-0.017,0.041
-0.019,0.042
-0.020,0.041
-0.018,0.042
-0.020,0.043
-0.020,0.042
-0.019,0.041
-0.022,0.041
-0.022,0.039
-0.021,0.039
-0.024,0.038
-0.024,0.036
-0.023,0.036
-0.026,0.036
-0.025,0.035
-0.025,0.036
-0.027,0.037
-0.026,0.037
-0.027,0.038
-0.028,0.037
-0.027,0.036
-0.028,0.036
-0.029,0.034
-0.027,0.033
-0.028,0.034
-0.029,0.033
-0.026,0.034
-0.028,0.036
-0.028,0.037
-0.026,0.038
-0.027,0.040
-0.027,0.039
-0.026,0.040
-0.027,0.040
-0.029,0.038
-0.027,0.037
-0.028,0.037
-0.027,0.036
-0.026,0.036
-0.026,0.037
-0.026,0.037
-0.024,0.038
-0.025,0.039
-0.025,0.038
-0.023,0.039
-0.025,0.038
-0.025,0.036
-0.023,0.036
-0.024,0.035
-0.024,0.034
-0.023,0.035
-0.023,0.036
-0.023,0.035
-0.022,0.036
-0.023,0.036
-0.023,0.036
-0.022,0.037
-0.023,0.038
-0.022,0.037
-0.022,0.038
-0.021,0.039
-0.021,0.038
-0.021,0.040
-0.021,0.041
-0.021,0.040
-0.021,0.041
-0.022,0.041
-0.021,0.040
-0.022,0.041
-0.023,0.042
-0.022,0.041
-0.022,0.043
-0.023,0.042
-0.022,0.040
-0.020,0.039
-0.022,0.038
-0.020,0.036
-0.020,0.036
-0.021,0.035
-0.020,0.034
-0.021,0.035
-0.022,0.033
-0.022,0.032
-0.021,0.033
-0.021,0.032
-0.019,0.032
-0.021,0.032
-0.021,0.031
-0.020,0.031
-0.022,0.033
-0.022,0.032
-0.022,0.033
-0.022,0.034
-0.022,0.033
-0.022,0.034
-0.023,0.033
-0.022,0.031
-0.022,0.031
-0.022,0.031
-0.021,0.029
-0.021,0.028
-0.021,0.026
-0.020,0.023
-0.019,0.023
-0.021,0.022
-0.020,0.021
-0.020,0.022
-0.022,0.023
-0.021,0.021
-0.022,0.021
-0.022,0.022
-0.021,0.021
-0.021,0.022
-0.021,0.022
-0.020,0.022
-0.019,0.023
-0.019,0.022
-0.019,0.021
-0.020,0.019
-0.020,0.019
-0.021,0.018
-0.022,0.019
-0.022,0.018
-0.023,0.018
-0.023,0.019
-0.022,0.018
-0.022,0.019
-0.022,0.020
-0.020,0.020
-0.022,0.020
-0.022,0.021
-0.021,0.021
-0.022,0.023
-0.023,0.023
-0.022,0.023
-0.023,0.023
-0.024,0.022
-0.025,0.022
-0.026,0.021
-0.027,0.021
-0.027,0.021
-0.028,0.020
-0.028,0.020
-0.028,0.019
-0.029,0.019
-0.028,0.019
-0.028,0.019
-0.029,0.018
-0.029,0.017
-0.029,0.019
-0.031,0.018
-0.031,0.019
-0.032,0.019
-0.034,0.018
-0.034,0.018
-0.036,0.018
-0.037,0.019
-0.037,0.019
-0.039,0.019
-0.039,0.018
-0.039,0.018
-0.040,0.018
-0.041,0.017
-0.040,0.018
-0.041,0.019
-0.041,0.019
-0.041,0.019
-0.042,0.020
-0.042,0.020
-0.044,0.021
-0.044,0.022
-0.044,0.022
-0.045,0.024
-0.046,0.023
-0.045,0.023
-0.046,0.023
-0.046,0.022
-0.045,0.020
-0.046,0.019
-0.045,0.017
-0.045,0.016
-0.045,0.017
-0.045,0.015
-0.045,0.016
-0.046,0.019
-0.046,0.019
-0.045,0.018
-0.048,0.018
-0.047,0.016
-0.046,0.015
-0.048,0.016
-0.046,0.015
-0.046,0.015
-0.045,0.017
-0.046,0.016
-0.043,0.017
-0.043,0.018
-0.043,0.017
-0.042,0.015
-0.042,0.016
-0.041,0.014
-0.040,0.014
-0.040,0.014
-0.040,0.013
-0.039,0.013
-0.039,0.013
-0.039,0.014
-0.038,0.014
-0.038,0.015
-0.036,0.014
-0.035,0.015
-0.035,0.016
-0.033,0.013
-0.033,0.014
-0.032,0.014
-0.030,0.014
-0.029,0.013
-0.029,0.014
-0.027,0.013
-0.027,0.014
-0.027,0.014
-0.025,0.012
-0.026,0.013
-0.025,0.012
-0.023,0.011
-0.024,0.011
-0.023,0.011
-0.021,0.010
-0.021,0.010
-0.021,0.010
-0.020,0.010
-0.022,0.012
-0.020,0.011
-0.020,0.011
-0.021,0.012
-0.019,0.011
-0.018,0.012
-0.019,0.012
-0.017,0.011
-0.015,0.012
-0.017,0.012
-0.015,0.010
-0.014,0.010
-0.016,0.010
-0.014,0.008
-0.014,0.008
-0.016,0.008
-0.015,0.007
-0.015,0.009
-0.018,0.010
-0.016,0.010
-0.016,0.011
-0.018,0.011
-0.016,0.011
-0.016,0.012
-0.016,0.011
-0.016,0.010
-0.016,0.011
-0.017,0.011
-0.015,0.010
-0.016,0.010
-0.018,0.009
-0.016,0.008
-0.016,0.008
-0.017,0.008
-0.016,0.009
-0.017,0.009
-0.018,0.009
-0.017,0.009
-0.018,0.009
-0.019,0.009
-0.017,0.010
-0.018,0.008
-0.019,0.008
-0.018,0.008
-0.019,0.008
-0.019,0.007
-0.018,0.008
-0.018,0.007
-0.019,0.007
-0.018,0.007
-0.019,0.006
-0.020,0.007
-0.020,0.006
-0.021,0.007
-0.023,0.008
-0.023,0.007
-0.024,0.006
-0.027,0.006
-0.026,0.006
-0.027,0.004
-0.028,0.005
-0.029,0.004
-0.029,0.004
-0.031,0.005
-0.031,0.005
-0.032,0.005
-0.034,0.006
-0.033,0.005
-0.035,0.004
-0.035,0.003
-0.035,0.003
-0.037,0.003
-0.037,0.004
-0.037,0.005
-0.039,0.007
-0.039,0.007
-0.037,0.007
-0.040,0.006
-0.040,0.004
-0.038,0.002
-0.039,0.002
-0.038,-0.000
-0.036,-0.002
-0.038,-0.002
-0.038,-0.003
-0.037,-0.003
-0.039,-0.001
-0.039,0.000
-0.038,0.002
-0.040,0.003
-0.040,0.004
-0.039,0.002
-0.041,0.003
-0.041,0.002
-0.039,0.000
-0.041,-0.001
-0.041,-0.002
-0.038,-0.003
-0.039,-0.003
-0.038,-0.002
-0.037,-0.003
-0.038,-0.001
-0.036,-0.002
-0.035,-0.002
-0.036,-0.001
-0.035,-0.001
-0.034,-0.001
-0.035,-0.000
-0.034,0.000
-0.032,-0.000
-0.033,-0.001
-0.031,-0.002
-0.030,-0.003
-0.031,-0.003
-0.029,-0.004
-0.028,-0.004
-0.031,-0.005
-0.028,-0.005
-0.027,-0.005
-0.029,-0.005
-0.026,-0.006
-0.026,-0.004
-0.027,-0.004
-0.025,-0.005
-0.024,-0.003
-0.026,-0.003
-0.023,-0.002
-0.023,-0.001
-0.025,-0.002
-0.022,-0.001
-0.024,-0.002
-0.024,-0.003
-0.021,-0.000
-0.022,0.001
-0.021,0.001
-0.018,0.001
-0.020,0.002
-0.019,-0.001
-0.016,-0.001
-0.019,-0.001
-0.017,-0.003
-0.016,-0.003
-0.018,-0.003
-0.018,-0.004
-0.016,-0.003
-0.017,-0.001
-0.016,-0.003
-0.014,-0.002
-0.015,-0.003
-0.015,-0.005
-0.012,-0.005
-0.014,-0.005
-0.012,-0.008
-0.010,-0.007
-0.011,-0.008
-0.009,-0.009
-0.007,-0.008
-0.009,-0.009
-0.008,-0.009
-0.007,-0.007
-0.009,-0.007
-0.008,-0.006
-0.007,-0.006
-0.008,-0.006
-0.007,-0.005
-0.006,-0.005
-0.006,-0.006
-0.007,-0.005
-0.006,-0.005
-0.007,-0.007
-0.008,-0.007
-0.007,-0.008
-0.008,-0.009
-0.008,-0.009
-0.007,-0.009
-0.006,-0.009
-0.005,-0.009
-0.003,-0.008
-0.004,-0.009
-0.003,-0.007
-0.002,-0.008
-0.002,-0.010
-0.004,-0.009
-0.002,-0.009
-0.003,-0.010
-0.003,-0.010
-0.001,-0.010
-0.002,-0.010
-0.002,-0.010
-0.000,-0.011
0.000,-0.010
0.000,-0.008
0.002,-0.009
0.001,-0.008
0.000,-0.009
0.002,-0.010
0.001,-0.010
0.001,-0.011
0.003,-0.010
0.002,-0.010
0.002,-0.009
0.004,-0.009
0.003,-0.008
0.003,-0.009
0.004,-0.009
0.003,-0.009
0.003,-0.008
0.005,-0.008
0.004,-0.009
0.006,-0.009
0.006,-0.011
0.005,-0.012
0.007,-0.014
0.006,-0.014
0.004,-0.014
0.006,-0.014
0.005,-0.013
0.004,-0.013
0.005,-0.012
0.005,-0.010
0.004,-0.010
0.006,-0.009
0.006,-0.007
0.006,-0.008
0.007,-0.008
0.006,-0.008
0.006,-0.009
0.008,-0.009
0.008,-0.010
0.007,-0.010
0.010,-0.009
0.009,-0.009
0.009,-0.010
0.011,-0.010
0.010,-0.010
0.010,-0.011
0.011,-0.011
0.010,-0.011
0.010,-0.012
0.013,-0.011
0.013,-0.010
0.013,-0.009
0.014,-0.008
0.013,-0.006
0.013,-0.008
0.014,-0.008
0.013,-0.008
0.013,-0.009
0.016,-0.008
0.015,-0.008
0.015,-0.007
0.017,-0.005
0.016,-0.004
0.016,-0.003
0.018,-0.002
0.017,-0.001
0.018,-0.002
0.020,-0.002
0.018,-0.003
0.018,-0.004
0.019,-0.004
0.017,-0.005
0.019,-0.007
0.019,-0.007
0.018,-0.008
0.019,-0.011
0.021,-0.009
0.020,-0.009
0.021,-0.008
0.022,-0.006
0.022,-0.005
0.023,-0.005
0.023,-0.005
0.022,-0.006
0.023,-0.008
0.023,-0.007
0.022,-0.009
0.023,-0.010
0.023,-0.009
0.024,-0.011
0.025,-0.010
0.023,-0.010
0.023,-0.010
0.025,-0.008
0.023,-0.007
0.024,-0.009
0.025,-0.008
0.024,-0.007
0.025,-0.008
0.026,-0.006
0.025,-0.005
0.025,-0.006
0.026,-0.006
0.023,-0.007
0.025,-0.009
0.025,-0.009
0.025,-0.009
0.026,-0.011
0.027,-0.009
0.027,-0.009
0.027,-0.009
0.029,-0.007
0.029,-0.006
0.031,-0.006
0.030,-0.005
0.032,-0.004
0.031,-0.005
0.031,-0.003
0.032,-0.004
0.031,-0.004
0.031,-0.005
0.031,-0.008
0.032,-0.009
0.032,-0.008
0.034,-0.007
0.036,-0.007
0.036,-0.005
0.038,-0.004
0.038,-0.004
0.039,-0.004
0.040,-0.005
0.040,-0.007
0.040,-0.007
0.040,-0.007
0.040,-0.009
0.040,-0.009
0.041,-0.010
0.041,-0.010
0.041,-0.010
0.041,-0.010
0.041,-0.008
0.042,-0.007
0.041,-0.007
0.040,-0.008
0.040,-0.007
0.041,-0.008
0.040,-0.010
0.040,-0.010
0.040,-0.010
0.040,-0.010
0.039,-0.010
0.039,-0.011
0.039,-0.012
0.037,-0.011
0.039,-0.011
0.038,-0.010
0.039,-0.008
0.040,-0.007
0.040,-0.005
0.039,-0.004
0.039,-0.005
0.039,-0.004
0.038,-0.005
0.039,-0.007
0.039,-0.008
0.039,-0.009
0.040,-0.011
0.039,-0.010
0.038,-0.009
0.038,-0.010
0.039,-0.010
0.038,-0.010
0.038,-0.011
0.039,-0.012
0.038,-0.012
0.039,-0.013
0.040,-0.014
0.040,-0.013
0.041,-0.014
0.042,-0.013
0.042,-0.011
0.043,-0.011
0.043,-0.010
0.043,-0.009
0.044,-0.008
0.043,-0.009
0.043,-0.009
0.042,-0.009
0.043,-0.009
0.044,-0.009
0.044,-0.009
0.045,-0.011
0.045,-0.010
0.046,-0.011
0.046,-0.012
0.047,-0.012
0.047,-0.012
0.048,-0.013
0.049,-0.011
0.048,-0.010
0.049,-0.010
0.049,-0.009
0.050,-0.008
0.050,-0.009
0.051,-0.007
0.051,-0.008
0.051,-0.008
0.052,-0.008
0.051,-0.009
0.054,-0.011
0.053,-0.010
0.054,-0.012
0.055,-0.013
0.054,-0.011
0.055,-0.013
0.056,-0.013
0.055,-0.013
0.055,-0.013
0.056,-0.012
0.056,-0.011
0.056,-0.011
0.056,-0.010
0.054,-0.009
0.056,-0.011
0.056,-0.011
0.055,-0.012
0.055,-0.014
0.056,-0.013
0.055,-0.014
0.057,-0.015
0.056,-0.014
0.056,-0.013
0.058,-0.013
0.056,-0.012
0.058,-0.010
0.059,-0.011
0.058,-0.008
0.058,-0.009
0.059,-0.008
0.058,-0.007
0.058,-0.009
0.059,-0.011
0.057,-0.011
0.059,-0.014
0.060,-0.015
0.058,-0.015
0.061,-0.018
0.062,-0.017
0.061,-0.016
0.063,-0.016
0.064,-0.015
0.063,-0.013
0.065,-0.014
0.066,-0.013
0.065,-0.011
0.068,-0.011
0.068,-0.010
0.067,-0.008
0.070,-0.008
0.070,-0.006
0.070,-0.005
0.072,-0.006
0.073,-0.005
0.071,-0.004
0.075,-0.004
0.075,-0.004
0.075,-0.004
0.077,-0.005
0.077,-0.004
0.078,-0.004
0.079,-0.004
0.079,-0.007
0.079,-0.008
0.083,-0.008
0.084,-0.010
0.083,-0.010
0.085,-0.009
0.085,-0.007
0.087,-0.009
0.087,-0.008
0.086,-0.009
0.088,-0.007
0.089,-0.005
0.089,-0.005
0.089,-0.005
0.092,-0.005
0.093,-0.005
0.094,-0.006
0.094,-0.005
0.095,-0.006
0.097,-0.006
0.098,-0.005
0.097,-0.006
0.098,-0.003
0.099,-0.003
0.100,-0.003
0.101,-0.004
0.101,-0.005
0.102,-0.006
0.103,-0.005
0.103,-0.005
0.105,-0.006
0.105,-0.003
0.106,-0.003
0.106,-0.003
0.106,-0.002
0.107,-0.002
0.107,-0.003
0.107,-0.003
0.107,-0.004
0.107,-0.006
0.105,-0.003
0.106,-0.004
0.106,-0.005
0.105,-0.004
0.107,-0.005
0.105,-0.004
0.107,-0.005
0.105,-0.007
0.105,-0.006
0.106,-0.006
0.108,-0.006
0.106,-0.005
0.106,-0.004
0.107,-0.004
0.104,-0.003
0.104,-0.006
0.104,-0.007
0.104,-0.007
0.104,-0.008
0.105,-0.010
0.102,-0.010
0.102,-0.009
0.105,-0.010
0.102,-0.010
0.102,-0.010
0.102,-0.010
0.101,-0.008
0.102,-0.008
0.102,-0.010
0.100,-0.008
0.102,-0.007
0.102,-0.008
0.101,-0.008
0.101,-0.008
0.101,-0.008
0.102,-0.007
0.102,-0.007
0.102,-0.006
0.100,-0.005
0.100,-0.005
0.102,-0.004
0.099,-0.005
0.099,-0.005
0.099,-0.004
0.098,-0.004
0.099,-0.005
0.097,-0.004
0.097,-0.003
0.099,-0.002
0.100,-0.001
0.096,-0.000
0.099,0.000
0.099,0.001
0.098,-0.002
0.100,-0.003
0.098,-0.003
0.097,-0.002
0.099,-0.002
0.098,-0.000
0.096,0.000
0.099,0.001
0.098,0.003
0.096,0.004
0.098,0.004
0.097,0.006
0.097,0.006
0.100,0.005
0.098,0.006
0.097,0.006
0.100,0.006
0.098,0.007
0.099,0.005
0.101,0.006
0.100,0.007
0.101,0.005
0.102,0.005
0.100,0.004
0.101,0.004
0.103,0.007
0.101,0.008
0.103,0.008
0.104,0.011
0.102,0.010
0.104,0.011
0.106,0.012
0.105,0.011
0.106,0.011
0.108,0.011
0.107,0.012
0.107,0.012
0.109,0.012
0.108,0.011
0.109,0.011
0.110,0.011
0.109,0.011
0.110,0.013
0.111,0.012
0.109,0.013
0.109,0.013
0.110,0.013
0.110,0.012
0.112,0.013
0.113,0.011
0.114,0.010
0.114,0.011
0.116,0.010
0.115,0.010
0.116,0.011
0.116,0.011
0.115,0.012
0.115,0.013
0.115,0.015
0.114,0.015
0.115,0.015
0.116,0.012
0.114,0.012
0.115,0.012
0.116,0.010
0.116,0.011
0.116,0.011
0.118,0.011
0.116,0.013
0.117,0.013
0.119,0.014
0.117,0.014
0.118,0.015
0.119,0.015
0.119,0.015
0.119,0.014
0.119,0.014
0.118,0.013
0.118,0.012
0.119,0.011
0.116,0.009
0.118,0.009
0.118,0.008
0.117,0.007
0.118,0.008
0.117,0.009
0.117,0.009
0.118,0.010
0.118,0.012
0.117,0.012
0.119,0.013
0.118,0.013
0.118,0.012
0.119,0.011
0.118,0.010
0.118,0.008
0.119,0.008
0.119,0.009
0.118,0.009
0.119,0.008
0.118,0.008
0.116,0.009
0.117,0.009
0.116,0.009
0.115,0.009
0.117,0.008
0.116,0.009
0.115,0.009
0.115,0.010
0.115,0.011
0.114,0.013
0.115,0.014
0.114,0.016
0.114,0.015
0.115,0.015
0.114,0.016
0.114,0.015
0.116,0.017
0.114,0.018
0.113,0.018
0.114,0.018
0.112,0.019
0.112,0.018
0.113,0.018
0.111,0.019
0.112,0.017
0.112,0.018
0.110,0.018
0.111,0.018
0.112,0.020
0.111,0.020
0.112,0.020
0.112,0.021
0.112,0.020
0.113,0.019
0.112,0.019
0.112,0.018
0.114,0.018
0.113,0.020
0.112,0.019
0.114,0.021
0.112,0.023
0.113,0.021
0.114,0.022
0.112,0.022
0.113,0.021
0.113,0.020
0.111,0.022
0.111,0.020
0.111,0.021
0.110,0.022
0.110,0.022
0.111,0.024
0.110,0.026
0.108,0.025
0.109,0.026
0.108,0.027
0.108,0.024
0.108,0.023
0.108,0.024
0.109,0.024
0.110,0.025
0.110,0.026
0.110,0.025
0.111,0.024
0.110,0.024
0.111,0.023
0.111,0.023
0.111,0.023
0.112,0.023
0.111,0.024
0.111,0.024
0.112,0.024
0.112,0.026
0.111,0.028
0.113,0.029
0.113,0.031
0.113,0.032
0.114,0.031
0.113,0.032
0.114,0.030
0.115,0.029
0.114,0.028
0.115,0.026
0.116,0.027
0.116,0.029
0.117,0.031
0.118,0.032
0.118,0.035
0.120,0.034
0.119,0.034
0.119,0.033
0.121,0.032
0.121,0.031
0.122,0.031
0.121,0.032
0.122,0.032
0.122,0.033
0.124,0.035
0.124,0.035
0.126,0.037
0.127,0.036
0.128,0.036
0.129,0.036
0.130,0.034
0.130,0.033
0.130,0.032
0.132,0.030
0.132,0.028
0.133,0.028
0.134,0.028
0.136,0.029
0.134,0.031
0.136,0.031
0.135,0.032
0.133,0.033
0.136,0.033
0.135,0.034
0.135,0.036
0.137,0.036
0.138,0.038
0.138,0.039
0.140,0.039
0.140,0.039
0.140,0.038
0.141,0.036
0.141,0.036
0.140,0.034
0.141,0.034
0.140,0.033
0.140,0.033
0.140,0.034
0.140,0.035
0.140,0.035
0.140,0.036
0.140,0.036
0.140,0.037
0.140,0.037
0.138,0.036
0.139,0.034
0.138,0.033
0.138,0.032
0.138,0.033
0.136,0.032
0.136,0.032
0.134,0.032
0.134,0.033
0.133,0.033
0.134,0.034
0.133,0.034
0.133,0.033
0.132,0.035
0.132,0.035
0.131,0.034
0.130,0.035
0.130,0.033
0.129,0.032
0.128,0.033
0.127,0.032
0.127,0.034
0.126,0.036
0.125,0.037
0.126,0.037
0.124,0.039
0.124,0.039
0.123,0.038
0.122,0.040
0.122,0.039
0.122,0.040
0.121,0.041
0.121,0.041
0.121,0.040
0.120,0.042
0.120,0.041
0.119,0.042
0.118,0.043
0.118,0.043
0.116,0.044
0.115,0.045
0.115,0.044
0.114,0.044
0.113,0.041
0.114,0.041
0.111,0.039
0.112,0.039
0.113,0.040
0.110,0.041
0.111,0.042
0.111,0.042
0.109,0.044
0.110,0.044
0.111,0.044
0.109,0.044
0.109,0.043
0.110,0.044
0.108,0.045
0.109,0.045
0.108,0.045
0.107,0.047
0.107,0.046
0.108,0.046
0.106,0.048
0.107,0.047
0.108,0.047
0.106,0.048
0.107,0.047
0.107,0.047
0.105,0.049
0.106,0.049
0.105,0.049
0.106,0.051
0.108,0.051
0.108,0.050
0.107,0.051
0.109,0.050
0.110,0.050
0.108,0.051
0.110,0.050
0.109,0.051
0.108,0.052
0.109,0.053
0.109,0.054
0.108,0.055
0.110,0.054
0.110,0.054
0.109,0.055
0.111,0.056
0.111,0.057
0.110,0.058
0.112,0.059
0.112,0.061
0.112,0.062
0.114,0.063
0.114,0.063
0.113,0.062
0.114,0.061
0.114,0.059
0.113,0.059
0.115,0.057
0.114,0.058
0.114,0.058
0.115,0.057
0.114,0.056
0.114,0.056
0.115,0.055
0.114,0.056
0.114,0.057
0.115,0.058
0.113,0.058
0.113,0.058
0.114,0.057
0.112,0.056
0.112,0.055
0.113,0.055
0.112,0.054
0.112,0.054
0.114,0.055
0.112,0.056
0.112,0.057
0.112,0.057
0.111,0.057
0.112,0.056
0.113,0.056
0.111,0.056
0.112,0.055
0.113,0.056
0.110,0.056
0.111,0.056
0.110,0.058
0.109,0.060
0.109,0.060
0.109,0.061
0.107,0.060
0.108,0.060
0.109,0.059
0.106,0.058
0.107,0.059
0.107,0.060
0.106,0.061
0.106,0.062
0.105,0.061
0.105,0.060
0.105,0.060
0.105,0.059
0.104,0.058
0.105,0.059
0.105,0.058
0.104,0.058
0.103,0.058
0.103,0.056
0.102,0.055
0.102,0.055
0.101,0.053
0.100,0.055
0.100,0.058
0.099,0.058
0.098,0.059
0.099,0.060
0.099,0.061
0.099,0.062
0.099,0.062
0.100,0.063
0.098,0.063
0.098,0.063
0.098,0.062
0.096,0.062
0.097,0.062
0.097,0.061
0.095,0.061
0.097,0.060
0.096,0.061
0.094,0.062
0.095,0.062
0.095,0.063
0.093,0.066
0.093,0.065
0.094,0.067
0.090,0.069
0.093,0.068
0.091,0.070
0.089,0.071
0.091,0.070
0.091,0.071
0.088,0.071
0.090,0.071
0.089,0.072
0.088,0.073
0.090,0.072
0.089,0.071
0.087,0.071
0.089,0.068
0.086,0.068
0.084,0.070
0.087,0.070
0.084,0.072
0.082,0.074
0.085,0.074
0.082,0.075
0.081,0.075
0.083,0.074
0.081,0.075
0.082,0.072
0.084,0.072
0.082,0.071
0.081,0.070
0.084,0.071
0.080,0.071
0.081,0.070
0.082,0.071
0.078,0.072
0.080,0.072
0.081,0.074
0.080,0.075
0.081,0.074
0.082,0.074
0.080,0.075
0.081,0.075
0.083,0.075
0.080,0.075
0.081,0.074
0.081,0.073
0.079,0.072
0.079,0.070
0.080,0.071
0.079,0.070
0.077,0.071
0.079,0.071
0.077,0.070
0.078,0.071
0.078,0.070
0.078,0.069
0.079,0.070
0.080,0.069
0.078,0.069
0.078,0.070
0.079,0.071
0.078,0.070
0.079,0.071
0.078,0.071
0.077,0.072
0.077,0.073
0.076,0.073
0.075,0.072
0.075,0.071
0.076,0.071
0.075,0.070
0.075,0.071
0.076,0.071
0.075,0.071
0.075,0.072
0.076,0.072
0.075,0.073
0.075,0.073
0.075,0.073
0.074,0.073
0.075,0.074
0.075,0.073
0.074,0.074
0.075,0.075
0.074,0.075
0.073,0.075
0.073,0.075
0.073,0.075
0.072,0.074
0.071,0.073
0.072,0.073
0.071,0.073
0.072,0.074
0.071,0.075
0.071,0.075
0.071,0.075
0.069,0.074
0.069,0.072
0.069,0.073
0.069,0.072
0.068,0.070
0.070,0.070
0.069,0.070
0.068,0.071
0.069,0.070
0.068,0.071
0.067,0.070
0.069,0.070
0.068,0.071
0.066,0.070
0.067,0.071
0.067,0.071
0.065,0.071
0.066,0.070
0.066,0.070
0.065,0.070
0.066,0.070
0.065,0.070
0.065,0.069
0.066,0.070
0.064,0.069
0.063,0.070
0.064,0.070
0.063,0.071
0.062,0.073
0.063,0.073
0.062,0.073
0.061,0.072
0.062,0.071
0.060,0.071
0.060,0.070
0.062,0.069
0.060,0.069
0.060,0.069
0.062,0.069
0.060,0.070
0.060,0.070
0.061,0.072
0.059,0.073
0.060,0.072
0.061,0.074
0.059,0.075
0.059,0.075
0.061,0.075
0.059,0.076
0.060,0.075
0.061,0.074
0.059,0.073
0.059,0.069
0.061,0.070
0.058,0.068
0.059,0.066
0.059,0.067
0.057,0.067
0.058,0.065
0.057,0.067
0.055,0.067
0.057,0.068
0.056,0.071
0.056,0.071
0.057,0.072
0.056,0.073
0.055,0.072
0.057,0.072
0.055,0.072
0.055,0.070
0.056,0.071
0.055,0.071
0.054,0.068
0.054,0.069
0.053,0.069
0.054,0.066
0.055,0.067
0.054,0.067
0.054,0.065
0.053,0.065
0.051,0.065
0.051,0.064
0.050,0.064
0.049,0.065
0.049,0.063
0.049,0.064
0.047,0.064
0.047,0.064
0.047,0.065
0.047,0.065
0.046,0.064
0.046,0.065
0.047,0.065
0.047,0.064
0.046,0.066
0.046,0.065
0.045,0.067
0.045,0.068
0.044,0.067
0.045,0.068
0.043,0.069
0.044,0.069
0.045,0.068
0.044,0.068
0.045,0.068
0.045,0.066
0.045,0.066
0.046,0.064
0.047,0.063
0.045,0.062
0.045,0.060
0.045,0.059
0.044,0.060
0.045,0.061
0.046,0.061
0.046,0.063
0.047,0.063
0.048,0.063
0.048,0.065
0.048,0.065
0.048,0.066
0.048,0.067
0.049,0.066
0.049,0.064
0.049,0.063
0.049,0.062
0.049,0.061
0.049,0.062
0.049,0.062
0.049,0.063
0.049,0.065
0.049,0.066
0.049,0.067
0.049,0.068
0.049,0.068
0.049,0.069
0.049,0.069
0.049,0.067
0.049,0.065
0.048,0.064
0.049,0.062
0.048,0.061
0.046,0.061
0.047,0.060
0.045,0.061
0.044,0.061
0.044,0.060
0.044,0.060
0.044,0.059
0.044,0.058
0.044,0.058
0.043,0.060
0.044,0.060
0.043,0.061
0.043,0.062
0.043,0.061
0.043,0.061
0.043,0.062
0.043,0.062
0.041,0.062
0.041,0.064
0.040,0.064
0.039,0.064
0.038,0.064
0.037,0.064
0.037,0.062
0.037,0.061
0.035,0.060
0.035,0.058
0.035,0.056
0.034,0.056
0.034,0.054
0.034,0.054
0.033,0.052
0.034,0.051
0.034,0.052
0.034,0.052
0.034,0.052
0.033,0.054
0.032,0.055
0.032,0.056
0.031,0.059
0.031,0.058
0.032,0.059
0.031,0.059
0.030,0.058
0.030,0.058
0.031,0.058
0.031,0.057
0.031,0.057
0.031,0.059
0.031,0.058
0.032,0.058
0.031,0.058
0.030,0.056
0.030,0.057
0.029,0.057
0.029,0.055
0.028,0.054
0.027,0.054
0.026,0.051
0.028,0.052
0.025,0.053
0.025,0.052
0.026,0.054
0.025,0.055
0.025,0.054
0.025,0.055
0.023,0.055
0.024,0.054
0.023,0.056
0.022,0.056
0.023,0.056
0.022,0.058
0.021,0.058
0.021,0.058
0.020,0.058
0.019,0.057
0.020,0.055
0.017,0.056
0.017,0.055
0.018,0.053
0.015,0.054
0.015,0.052
0.014,0.052
0.012,0.054
0.012,0.053
0.011,0.055
0.009,0.056
0.009,0.055
0.010,0.055
0.007,0.056
0.007,0.054
0.005,0.056
0.004,0.056
0.004,0.054
0.003,0.052
0.002,0.053
0.000,0.052
-0.000,0.050
-0.003,0.050
-0.003,0.049
-0.004,0.049
-0.005,0.050
-0.003,0.050
-0.006,0.051
-0.007,0.051
-0.009,0.053
-0.008,0.052
-0.009,0.054
-0.008,0.054
-0.010,0.054
-0.011,0.055
-0.009,0.054
-0.011,0.054
-0.010,0.054
-0.010,0.053
-0.012,0.052
-0.013,0.051
-0.013,0.049
-0.014,0.048
-0.013,0.048
-0.015,0.047
-0.016,0.049
-0.016,0.050
-0.016,0.050
-0.015,0.049
-0.016,0.049
-0.016,0.048
-0.016,0.049
-0.018,0.049
-0.018,0.048
-0.018,0.049
-0.018,0.050
-0.018,0.051
-0.018,0.053
-0.019,0.054
-0.018,0.055
-0.019,0.055
-0.017,0.055
-0.016,0.055
-0.019,0.055
-0.017,0.054
-0.016,0.055
-0.016,0.054
-0.015,0.054
-0.014,0.056
-0.015,0.057
-0.014,0.056
-0.013,0.056
-0.017,0.055
-0.012,0.053
-0.012,0.052
-0.014,0.052
-0.012,0.052
-0.012,0.052
-0.014,0.053
-0.013,0.050
-0.012,0.052
-0.013,0.052
-0.011,0.052
-0.012,0.053
-0.014,0.052
-0.012,0.052
-0.012,0.051
-0.013,0.050
-0.014,0.051
-0.014,0.051
-0.014,0.050
-0.013,0.050
-0.013,0.049
-0.014,0.049
-0.012,0.051
-0.014,0.050
-0.013,0.049
-0.011,0.049
-0.011,0.046
-0.011,0.046
-0.010,0.045
-0.010,0.044
-0.012,0.045
-0.010,0.044
-0.011,0.043
-0.010,0.044
-0.011,0.043
-0.010,0.044
-0.012,0.045
-0.010,0.045
-0.010,0.044
-0.011,0.046
-0.009,0.045
-0.009,0.043
-0.010,0.044
-0.009,0.042
-0.007,0.042
-0.009,0.043
-0.008,0.043
-0.007,0.044
-0.008,0.046
-0.006,0.046
-0.007,0.043
-0.009,0.044
-0.007,0.041
-0.008,0.040
-0.011,0.040
-0.010,0.037
-0.010,0.037
-0.011,0.036
-0.010,0.036
-0.012,0.036
-0.013,0.037
-0.011,0.037
-0.014,0.037
-0.014,0.036
-0.013,0.036
-0.015,0.039
-0.017,0.039
-0.016,0.039
-0.018,0.040
-0.018,0.040
-0.016,0.039
-0.018,0.039
-0.018,0.040
-0.017,0.040
-0.019,0.041
-0.019,0.041
-0.017,0.041
-0.020,0.041
-0.021,0.042
-0.019,0.042
-0.022,0.043
-0.021,0.044
-0.020,0.043
-0.022,0.044
-0.022,0.042
-0.022,0.041
-0.024,0.041
-0.023,0.039
-0.024,0.040
-0.027,0.039
-0.027,0.038
-0.027,0.037
-0.029,0.037
-0.028,0.037
-0.028,0.037
-0.029,0.038
-0.028,0.037
-0.028,0.038
-0.030,0.038
-0.029,0.038
-0.029,0.038
-0.031,0.038
-0.029,0.040
-0.029,0.040
-0.031,0.040
-0.029,0.039
-0.030,0.039
-0.030,0.039
-0.029,0.039
-0.031,0.038
-0.032,0.038
-0.029,0.040
-0.030,0.039
-0.031,0.039
-0.030,0.040
-0.030,0.041
-0.031,0.041
-0.029,0.042
-0.029,0.042
-0.031,0.042
-0.029,0.043
-0.030,0.042
-0.030,0.042
-0.029,0.041
-0.029,0.041
-0.029,0.040
-0.028,0.040
-0.028,0.040
-0.028,0.039
-0.027,0.040
-0.029,0.040
-0.028,0.039
-0.026,0.040
-0.028,0.039
-0.026,0.036
-0.025,0.036
-0.026,0.034
-0.026,0.032
-0.024,0.034
-0.026,0.033
-0.025,0.033
-0.024,0.035
-0.026,0.035
-0.026,0.036
-0.024,0.037
-0.026,0.038
-0.025,0.037
-0.024,0.037
-0.025,0.036
-0.025,0.035
-0.025,0.034
-0.027,0.032
-0.027,0.031
-0.026,0.031
-0.027,0.031
-0.028,0.031
-0.025,0.032
-0.025,0.033
-0.026,0.032
-0.024,0.032
-0.024,0.033
-0.025,0.033
-0.023,0.033
-0.025,0.033
-0.025,0.033
-0.024,0.032
-0.024,0.032
-0.025,0.030
-0.025,0.031
-0.026,0.031
-0.027,0.031
-0.024,0.032
-0.025,0.033
-0.025,0.034
-0.023,0.033
-0.024,0.035
-0.024,0.035
-0.022,0.036
-0.024,0.037
-0.024,0.038
-0.022,0.038
-0.023,0.037
-0.023,0.036
-0.022,0.035
-0.023,0.036
-0.022,0.035
-0.021,0.035
-0.023,0.035
-0.022,0.034
-0.020,0.033
-0.022,0.033
-0.022,0.032
-0.022,0.032
-0.024,0.032
-0.023,0.031
-0.023,0.032
-0.025,0.033
-0.024,0.032
-0.024,0.033
-0.026,0.032
-0.024,0.032
-0.026,0.033
-0.028,0.032
-0.026,0.033
-0.028,0.033
-0.028,0.031
-0.027,0.031
-0.028,0.032
-0.028,0.031
-0.028,0.031
-0.029,0.032
-0.029,0.029
-0.026,0.028
-0.028,0.027
-0.029,0.023
-0.027,0.022
-0.029,0.022
-0.029,0.020
-0.028,0.021
-0.030,0.021
-0.031,0.020
-0.030,0.022
-0.032,0.023
-0.033,0.022
-0.032,0.023
-0.035,0.023
-0.034,0.022
-0.033,0.024
-0.035,0.025
-0.035,0.024
-0.034,0.027
-0.037,0.027
-0.038,0.028
-0.038,0.029
-0.041,0.028
-0.041,0.028
-0.042,0.027
-0.043,0.025
-0.044,0.024
-0.042,0.025
-0.043,0.025
-0.044,0.024
-0.043,0.024
-0.044,0.022
-0.044,0.022
-0.044,0.022
-0.044,0.021
-0.045,0.021
-0.045,0.022
-0.046,0.021
-0.047,0.020
-0.046,0.020
-0.047,0.019
-0.048,0.019
-0.047,0.019
-0.046,0.019
-0.046,0.019
-0.046,0.021
-0.045,0.021
-0.045,0.022
-0.045,0.023
-0.045,0.023
-0.046,0.023
-0.046,0.023
-0.047,0.023
-0.047,0.024
-0.047,0.025
-0.046,0.026
-0.047,0.028
-0.045,0.027
-0.046,0.026
-0.046,0.026
-0.044,0.025
-0.045,0.024
-0.045,0.024
-0.044,0.024
-0.043,0.024
-0.044,0.024
-0.042,0.024
-0.042,0.026
-0.042,0.028
-0.040,0.029
-0.041,0.030
-0.040,0.030
-0.038,0.029
-0.039,0.029
-0.039,0.028
-0.036,0.029
-0.037,0.029
-0.037,0.028
-0.035,0.028
-0.037,0.029
-0.036,0.028
-0.035,0.028
-0.036,0.027
-0.035,0.026
-0.032,0.025
-0.033,0.026
-0.032,0.025
-0.029,0.026
-0.030,0.027
-0.029,0.026
-0.028,0.026
-0.029,0.024
-0.028,0.025
-0.028,0.024
-0.028,0.022
-0.028,0.020
-0.027,0.020
-0.027,0.019
-0.026,0.019
-0.026,0.019
-0.027,0.019
-0.024,0.019
-0.024,0.019
-0.024,0.019
-0.021,0.020
-0.021,0.022
-0.022,0.023
-0.021,0.024
-0.021,0.023
-0.022,0.022
-0.021,0.022
-0.021,0.021
-0.022,0.019
-0.020,0.018
-0.020,0.018
-0.021,0.017
-0.018,0.017
-0.019,0.017
-0.020,0.014
-0.017,0.014
-0.019,0.015
-0.020,0.013
-0.019,0.014
-0.020,0.016
-0.020,0.015
-0.018,0.016
-0.019,0.015
-0.020,0.013
-0.017,0.013
-0.018,0.012
-0.019,0.011
-0.018,0.011
-0.019,0.011
-0.019,0.011
-0.019,0.011
-0.020,0.010
-0.021,0.008
-0.019,0.008
-0.021,0.007
-0.020,0.007
-0.020,0.009
-0.021,0.010
-0.022,0.011
-0.021,0.011
-0.021,0.011
-0.022,0.010
-0.022,0.011
-0.024,0.011
-0.024,0.010
-0.024,0.011
-0.026,0.011
-0.025,0.011
-0.026,0.012
-0.027,0.011
-0.028,0.010
-0.028,0.010
-0.029,0.008
-0.030,0.007
-0.028,0.007
-0.030,0.007
-0.031,0.006
-0.031,0.006
-0.033,0.005
-0.033,0.004
-0.034,0.004
-0.036,0.003
-0.036,0.002
-0.037,0.002
-0.039,0.002
-0.039,0.002
-0.040,0.002
-0.042,0.002
-0.041,0.002
-0.041,0.003
-0.042,0.003
-0.042,0.004
-0.041,0.004
-0.042,0.002
-0.041,0.002
-0.041,0.002
-0.041,0.001
-0.041,0.002
-0.041,0.003
-0.041,0.004
-0.041,0.007
-0.041,0.008
-0.041,0.008
-0.041,0.011
-0.040,0.010
-0.039,0.009
-0.038,0.009
-0.038,0.008
-0.037,0.007
-0.038,0.008
-0.038,0.008
-0.038,0.007
-0.039,0.009
-0.038,0.008
-0.038,0.006
-0.037,0.007
-0.037,0.006
-0.036,0.005
-0.036,0.005
-0.036,0.004
-0.037,0.003
-0.036,0.004
-0.036,0.003
-0.036,0.002
-0.035,0.003
-0.035,0.002
-0.034,0.003
-0.033,0.005
-0.034,0.006
-0.033,0.007
-0.032,0.007
-0.031,0.008
-0.031,0.007
-0.030,0.007
-0.030,0.006
-0.029,0.006
-0.029,0.004
-0.029,0.003
-0.028,0.004
-0.027,0.003
-0.027,0.001
-0.029,0.001
-0.027,0.001
-0.026,0.001
-0.028,0.002
-0.026,0.003
-0.026,0.006
-0.026,0.007
-0.024,0.007
-0.024,0.007
-0.023,0.006
-0.021,0.005
-0.021,0.003
-0.022,0.001
-0.019,0.001
-0.020,0.002
-0.020,0.001
-0.018,0.002
-0.020,0.002
-0.020,0.000
-0.017,0.001
-0.019,0.002
-0.019,0.000
-0.016,0.001
-0.017,0.001
-0.016,0.000
-0.014,0.000
-0.015,0.000
-0.014,-0.003
-0.013,-0.002
-0.015,-0.002
-0.015,-0.005
-0.014,-0.003
-0.015,-0.003
-0.013,-0.004
-0.012,-0.004
-0.012,-0.003
-0.010,-0.003
-0.009,-0.002
-0.010,-0.004
-0.009,-0.005
-0.009,-0.003
-0.008,-0.006
-0.006,-0.006
-0.008,-0.006
-0.007,-0.008
-0.005,-0.008
-0.008,-0.006
-0.007,-0.007
-0.005,-0.006
-0.007,-0.004
-0.007,-0.006
-0.006,-0.004
-0.007,-0.003
-0.007,-0.005
-0.005,-0.004
-0.006,-0.003
-0.005,-0.005
-0.003,-0.005
-0.005,-0.006
-0.004,-0.007
-0.003,-0.007
-0.004,-0.007
-0.003,-0.008
-0.003,-0.006
-0.003,-0.006
-0.003,-0.005
-0.003,-0.005
-0.004,-0.005
-0.003,-0.007
-0.004,-0.007
-0.003,-0.009
-0.003,-0.011
-0.003,-0.010
-0.003,-0.011
-0.003,-0.011
-0.003,-0.010
-0.003,-0.009
-0.003,-0.009
-0.002,-0.008
-0.002,-0.008
-0.002,-0.007
-0.002,-0.006
-0.001,-0.007
0.001,-0.007
0.001,-0.007
0.001,-0.009
0.002,-0.012
0.001,-0.012
0.002,-0.015
0.002,-0.016
0.002,-0.014
0.003,-0.012
0.003,-0.012
0.003,-0.012
0.003,-0.012
0.004,-0.013
0.002,-0.012
0.002,-0.012
0.003,-0.011
0.002,-0.011
0.004,-0.011
0.005,-0.012
0.006,-0.012
0.007,-0.013
0.007,-0.012
0.006,-0.012
0.007,-0.012
0.007,-0.011
0.007,-0.011
0.008,-0.012
0.008,-0.013
0.008,-0.012
0.008,-0.014
0.009,-0.014
0.009,-0.013
0.009,-0.014
0.010,-0.014
0.009,-0.014
0.011,-0.014
0.011,-0.014
0.010,-0.014
0.012,-0.014
0.012,-0.013
0.012,-0.013
0.014,-0.013
0.014,-0.014
0.015,-0.013
0.015,-0.015
0.016,-0.016
0.016,-0.016
0.017,-0.016
0.017,-0.017
0.017,-0.015
0.018,-0.013
0.018,-0.013
0.018,-0.012
0.018,-0.010
0.019,-0.011
0.018,-0.011
0.018,-0.011
0.019,-0.012
0.018,-0.011
0.018,-0.013
0.017,-0.014
0.018,-0.014
0.018,-0.015
0.018,-0.016
0.018,-0.015
0.018,-0.016
0.020,-0.016
0.019,-0.015
0.021,-0.017
0.021,-0.016
0.020,-0.016
0.021,-0.017
0.022,-0.015
0.022,-0.014
0.023,-0.014
0.024,-0.013
0.024,-0.010
0.025,-0.011
0.025,-0.010
0.025,-0.009
0.026,-0.010
0.025,-0.008
0.024,-0.009
0.026,-0.009
0.023,-0.008
0.023,-0.009
0.026,-0.010
0.023,-0.010
0.024,-0.010
0.027,-0.010
0.025,-0.008
0.027,-0.009
0.028,-0.010
0.028,-0.009
0.029,-0.009
0.030,-0.008
0.028,-0.007
0.030,-0.006
0.031,-0.007
0.030,-0.007
0.031,-0.007
0.031,-0.008
0.031,-0.007
0.031,-0.007
0.033,-0.007
0.032,-0.007
0.033,-0.008
0.034,-0.010
0.033,-0.011
0.036,-0.012
0.036,-0.012
0.036,-0.011
0.037,-0.011
0.038,-0.011
0.037,-0.011
0.039,-0.010
0.039,-0.010
0.039,-0.009
0.042,-0.010
0.041,-0.010
0.040,-0.010
0.042,-0.010
0.041,-0.010
0.040,-0.010
0.041,-0.010
0.042,-0.009
0.040,-0.008
0.043,-0.007
0.042,-0.006
0.041,-0.006
0.043,-0.007
0.041,-0.008
0.040,-0.009
0.041,-0.011
0.041,-0.013
0.039,-0.013
0.041,-0.015
0.040,-0.014
0.038,-0.013
0.040,-0.012
0.039,-0.010
0.039,-0.009
0.040,-0.008
0.039,-0.007
0.040,-0.007
0.042,-0.008
0.041,-0.009
0.040,-0.010
0.042,-0.010
0.041,-0.010
0.041,-0.010
0.043,-0.009
0.040,-0.009
0.041,-0.009
0.042,-0.008
0.039,-0.010
0.040,-0.012
0.041,-0.012
0.039,-0.013
0.040,-0.014
0.042,-0.012
0.040,-0.010
0.042,-0.011
0.042,-0.010
0.041,-0.010
0.042,-0.011
0.043,-0.011
0.041,-0.014
0.043,-0.014
0.044,-0.014
0.043,-0.015
0.044,-0.013
0.045,-0.011
0.044,-0.011
0.044,-0.009
0.046,-0.009
0.044,-0.009
0.046,-0.008
0.047,-0.009
0.046,-0.010
0.047,-0.009
0.048,-0.010
0.047,-0.011
0.047,-0.010
0.048,-0.011
0.046,-0.013
0.047,-0.013
0.048,-0.015
0.048,-0.016
0.049,-0.016
0.050,-0.017
0.050,-0.015
0.051,-0.013
0.053,-0.012
0.052,-0.011
0.053,-0.008
0.054,-0.008
0.052,-0.007
0.053,-0.006
0.053,-0.006
0.052,-0.007
0.053,-0.008
0.055,-0.009
0.052,-0.009
0.054,-0.007
0.055,-0.007
0.053,-0.005
0.055,-0.005
0.056,-0.005
0.055,-0.005
0.057,-0.005
0.057,-0.005
0.056,-0.005
0.058,-0.006
0.057,-0.007
0.056,-0.009
0.058,-0.008
0.058,-0.009
0.057,-0.009
0.058,-0.008
0.058,-0.006
0.057,-0.006
0.061,-0.005
0.060,-0.004
0.061,-0.006
0.064,-0.006
0.062,-0.006
0.063,-0.007
0.065,-0.009
0.065,-0.009
0.065,-0.010
0.066,-0.010
0.064,-0.008
0.065,-0.009
0.067,-0.008
0.065,-0.006
0.065,-0.006
0.067,-0.006
0.065,-0.005
0.064,-0.006
0.068,-0.007
0.066,-0.005
0.066,-0.006
0.069,-0.005
0.068,-0.004
0.069,-0.005
0.071,-0.006
0.070,-0.005
0.072,-0.005
0.074,-0.005
0.072,-0.004
0.073,-0.004
0.076,-0.005
0.075,-0.004
0.075,-0.005
0.078,-0.005
0.077,-0.004
0.078,-0.004
0.082,-0.005
0.083,-0.005
0.084,-0.004
0.087,-0.001
0.085,-0.000
0.086,0.000
0.089,-0.000
0.088,-0.001
0.090,-0.002
0.093,-0.003
0.091,-0.003
0.093,-0.004
0.096,-0.003
0.095,-0.004
0.097,-0.005
0.098,-0.003
0.096,-0.002
0.097,-0.003
0.097,-0.002
0.094,-0.003
0.097,-0.003
0.099,-0.002
0.098,-0.003
0.098,-0.003
0.100,-0.003
0.101,-0.003
0.103,-0.003
0.103,-0.003
0.102,-0.003
0.105,-0.003
0.106,-0.002
0.104,-0.003
0.105,-0.003
0.106,-0.001
0.106,-0.001
0.106,-0.001
0.106,-0.001
0.105,-0.001
0.107,0.000
0.105,-0.002
0.104,-0.003
0.104,-0.002
0.105,-0.002
0.105,-0.004
0.106,-0.005
0.105,-0.006
0.104,-0.008
0.104,-0.007
0.104,-0.008
0.104,-0.007
0.105,-0.005
0.104,-0.005
0.104,-0.005
0.103,-0.005
0.102,-0.004
0.102,-0.005
0.103,-0.004
0.101,-0.006
0.101,-0.007
0.101,-0.005
0.101,-0.007
0.101,-0.008
0.100,-0.006
0.100,-0.005
0.101,-0.005
0.100,-0.004
0.098,-0.005
0.097,-0.006
0.098,-0.006
0.096,-0.007
0.095,-0.008
0.095,-0.007
0.094,-0.006
0.094,-0.006
0.094,-0.007
0.093,-0.007
0.093,-0.005
0.095,-0.005
0.093,-0.004
0.093,-0.005
0.094,-0.006
0.094,-0.006
0.093,-0.007
0.092,-0.008
0.093,-0.006
0.093,-0.006
0.094,-0.005
0.094,-0.006
0.093,-0.004
0.095,-0.003
0.092,-0.002
0.091,-0.002
0.094,-0.001
0.093,0.000
0.093,0.000
0.095,-0.000
0.093,-0.001
0.092,-0.000
0.095,-0.002
0.093,-0.001
0.094,-0.002
0.095,-0.002
0.094,0.000
0.095,-0.001
0.097,0.000
0.096,-0.000
0.096,-0.001
0.099,-0.000
0.097,-0.001
0.097,-0.001
0.099,0.000
0.098,0.002
0.098,0.001
0.099,0.002
0.097,0.003
0.098,0.002
0.101,0.003
0.099,0.001
0.101,0.001
0.103,0.003
0.103,0.004
0.104,0.003
0.103,0.004
0.104,0.004
0.106,0.004
0.104,0.004
0.103,0.002
0.105,0.001
0.104,0.002
0.105,0.000
0.107,0.000
0.106,0.001
0.107,0.000
0.109,0.001
0.109,0.003
0.110,0.002
0.110,0.002
0.110,0.003
0.110,0.002
0.111,0.003
0.109,0.005
0.111,0.004
0.112,0.006
0.111,0.008
0.112,0.008
0.113,0.009
0.113,0.008
0.113,0.006
0.114,0.007
0.113,0.007
0.113,0.006
0.114,0.009
0.114,0.011
0.114,0.012
0.115,0.014
0.116,0.015
0.117,0.015
0.118,0.015
0.119,0.013
0.119,0.012
0.119,0.011
0.119,0.010
0.121,0.009
0.120,0.009
0.120,0.008
0.120,0.009
0.119,0.011
0.120,0.011
0.119,0.011
0.119,0.013
0.118,0.014
0.119,0.012
0.118,0.013
0.118,0.013
0.118,0.011
0.116,0.011
0.118,0.009
0.118,0.009
0.116,0.010
0.117,0.009
0.117,0.010
0.115,0.012
0.115,0.012
0.114,0.013
0.112,0.015
0.113,0.014
0.113,0.014
0.112,0.014
0.114,0.012
0.114,0.013
0.113,0.013
0.114,0.013
0.114,0.014
0.112,0.015
0.114,0.016
0.113,0.017
0.112,0.018
0.114,0.018
0.113,0.018
0.113,0.017
0.114,0.018
0.114,0.018
0.113,0.017
0.114,0.017
0.113,0.017
0.113,0.018
0.113,0.019
0.112,0.019
0.111,0.019
0.112,0.018
0.112,0.017
0.112,0.017
0.113,0.017
0.113,0.017
0.114,0.018
0.115,0.019
0.115,0.019
0.115,0.021
0.115,0.020
0.115,0.019
0.114,0.019
0.114,0.019
0.115,0.018
0.114,0.020
0.115,0.021
0.113,0.023
0.114,0.024
0.114,0.025
0.112,0.025
0.113,0.024
0.113,0.024
0.112,0.022
0.112,0.021
0.113,0.020
0.110,0.021
0.111,0.022
0.112,0.023
0.110,0.024
0.111,0.024
0.111,0.023
0.110,0.022
0.111,0.022
0.112,0.022
0.110,0.022
0.110,0.023
0.111,0.023
0.110,0.024
0.110,0.025
0.110,0.024
0.110,0.025
0.110,0.026
0.110,0.025
0.109,0.026
0.110,0.027
0.111,0.026
0.110,0.028
0.110,0.029
0.111,0.030
0.111,0.033
0.112,0.032
0.114,0.032
0.113,0.031
0.114,0.030
0.115,0.029
0.113,0.029
0.114,0.029
0.115,0.029
0.114,0.031
0.116,0.032
0.116,0.031
0.115,0.032
0.117,0.031
0.118,0.030
0.116,0.031
0.119,0.029
0.120,0.028
0.118,0.028
0.121,0.028
0.121,0.028
0.121,0.029
0.124,0.030
0.125,0.033
0.123,0.034
0.126,0.035
0.125,0.036
0.124,0.037
0.127,0.038
0.126,0.038
0.126,0.036
0.129,0.035
0.128,0.035
0.129,0.032
0.132,0.032
0.130,0.032
0.130,0.031
0.133,0.032
0.131,0.033
0.131,0.033
0.134,0.034
0.132,0.037
0.133,0.037
0.135,0.038
0.133,0.039
0.133,0.038
0.137,0.036
0.135,0.036
0.135,0.035
0.137,0.036
0.135,0.036
0.136,0.038
0.137,0.039
0.136,0.039
0.137,0.039
0.139,0.039
0.137,0.038
0.138,0.039
0.139,0.039
0.137,0.038
0.138,0.039
0.138,0.038
0.137,0.038
0.137,0.037
0.137,0.039
0.136,0.038
0.137,0.039
0.137,0.040
0.134,0.041
0.135,0.043
0.136,0.043
0.134,0.043
0.135,0.044
0.135,0.044
0.134,0.044
0.135,0.043
0.135,0.042
0.133,0.041
0.134,0.040
0.133,0.039
0.130,0.039
0.131,0.040
0.130,0.041
0.128,0.041
0.128,0.041
0.128,0.042
0.125,0.041
0.126,0.043
0.125,0.043
0.124,0.044
0.125,0.045
0.124,0.045
0.123,0.045
0.124,0.045
0.123,0.045
0.123,0.045
0.123,0.047
0.122,0.046
0.120,0.046
0.121,0.047
0.118,0.046
0.119,0.045
0.119,0.045
0.117,0.046
0.117,0.047
0.119,0.050
0.117,0.051
0.117,0.053
0.118,0.055
0.115,0.054
0.115,0.053
0.116,0.054
0.114,0.054
0.114,0.053
0.114,0.055
0.113,0.054
0.112,0.054
0.113,0.054
0.112,0.052
0.111,0.051
0.112,0.049
0.112,0.048
0.111,0.048
0.112,0.048
0.112,0.048
0.110,0.049
0.111,0.050
0.111,0.051
0.110,0.055
0.111,0.055
0.110,0.055
0.110,0.056
0.112,0.055
0.111,0.055
0.111,0.054
0.113,0.055
0.112,0.055
0.111,0.056
0.113,0.056
0.112,0.058
0.113,0.059
0.114,0.060
0.114,0.062
0.115,0.063
0.116,0.063
0.115,0.064
0.115,0.065
0.116,0.064
0.114,0.063
0.114,0.062
0.114,0.060
0.114,0.059
0.114,0.057
0.114,0.056
0.114,0.054
0.115,0.054
0.117,0.054
0.117,0.054
0.117,0.055
0.117,0.055
0.116,0.055
0.117,0.055
0.116,0.056
0.115,0.056
0.115,0.058
0.115,0.058
0.115,0.058
0.116,0.059
0.116,0.059
0.116,0.060
0.117,0.059
0.117,0.060
0.117,0.061
0.118,0.061
0.119,0.061
0.118,0.061
0.118,0.061
0.118,0.060
0.116,0.061
0.116,0.060
0.116,0.060
0.114,0.059
0.115,0.059
0.116,0.060
0.115,0.058
0.115,0.058
0.115,0.060
0.114,0.060
0.115,0.061
0.114,0.062
0.113,0.062
0.114,0.062
0.113,0.064
0.113,0.062
0.113,0.063
0.112,0.064
0.112,0.062
0.113,0.063
0.111,0.063
0.111,0.063
0.112,0.062
0.110,0.062
0.110,0.061
0.110,0.062
0.108,0.062
0.108,0.060
0.109,0.061
0.106,0.061
0.107,0.062
0.107,0.063
0.104,0.064
0.105,0.064
0.105,0.066
0.103,0.066
0.104,0.065
0.105,0.068
0.104,0.067
0.103,0.066
0.103,0.066
0.101,0.064
0.101,0.063
0.099,0.063
0.098,0.063
0.098,0.063
0.097,0.064
0.095,0.064
0.096,0.063
0.095,0.064
0.093,0.062
0.094,0.062
0.094,0.064
0.093,0.063
0.094,0.064
0.093,0.067
0.094,0.067
0.095,0.069
0.093,0.071
0.093,0.069
0.095,0.071
0.093,0.072
0.093,0.070
0.094,0.070
0.092,0.071
0.093,0.069
0.091,0.071
0.090,0.072
0.089,0.072
0.089,0.074
0.088,0.074
0.087,0.073
0.087,0.072
0.087,0.071
0.088,0.069
0.088,0.068
0.088,0.069
0.088,0.067
0.088,0.070
0.087,0.070
0.087,0.070
0.085,0.070
0.085,0.070
0.085,0.071
0.085,0.070
0.084,0.070
0.083,0.069
0.083,0.069
0.083,0.069
0.082,0.068
0.081,0.068
0.081,0.068
0.081,0.068
0.080,0.067
0.080,0.068
0.080,0.069
0.080,0.070
0.080,0.072
0.080,0.071
0.080,0.072
0.081,0.073
0.081,0.073
0.080,0.074
0.081,0.075
0.081,0.076
0.080,0.076
0.079,0.078
0.079,0.078
0.078,0.079
0.078,0.080
0.078,0.079
0.078,0.077
0.079,0.077
0.079,0.076
0.078,0.074
0.080,0.075
0.080,0.075
0.079,0.076
0.078,0.078
0.078,0.078
0.077,0.079
0.077,0.079
0.076,0.079
0.076,0.079
0.077,0.079
0.077,0.078
0.076,0.077
0.078,0.076
0.078,0.075
0.077,0.076
0.077,0.076
0.077,0.076
0.075,0.077
0.077,0.077
0.077,0.076
0.075,0.077
0.076,0.075
0.076,0.074
0.075,0.074
0.075,0.074
0.075,0.075
0.074,0.076
0.074,0.075
0.076,0.073
0.073,0.073
0.075,0.071
0.075,0.069
0.074,0.071
0.074,0.071
0.074,0.071
0.072,0.072
0.073,0.072
0.074,0.071
0.072,0.073
0.072,0.073
0.073,0.073
0.072,0.074
0.072,0.073
0.071,0.073
0.069,0.075
0.069,0.075
0.070,0.075
0.069,0.077
0.070,0.078
0.070,0.077
0.069,0.079
0.069,0.079
0.069,0.078
0.068,0.078
0.068,0.076
0.069,0.076
0.068,0.075
0.069,0.072
0.068,0.072
0.068,0.072
0.069,0.071
0.068,0.072
0.067,0.074
0.068,0.074
0.068,0.075
0.067,0.075
0.068,0.075
0.067,0.076
0.066,0.077
0.067,0.078
0.066,0.078
0.065,0.078
0.066,0.076
0.065,0.076
0.065,0.078
0.067,0.079
0.066,0.081
0.065,0.082
0.067,0.082
0.065,0.082
0.064,0.082
0.065,0.080
0.063,0.079
0.063,0.078
0.063,0.075
0.062,0.075
0.061,0.075
0.063,0.073
0.062,0.072
0.062,0.071
0.062,0.071
0.060,0.071
0.061,0.070
0.061,0.071
0.058,0.072
0.059,0.072
0.059,0.073
0.056,0.072
0.058,0.071
0.058,0.072
0.056,0.070
0.058,0.068
0.058,0.068
0.057,0.067
0.058,0.065
0.058,0.066
0.055,0.067
0.056,0.067
0.055,0.068
0.053,0.069
0.055,0.069
0.054,0.070
0.053,0.070
0.053,0.070
0.053,0.071
0.052,0.071
0.053,0.073
0.052,0.072
0.051,0.073
0.051,0.074
0.051,0.073
0.050,0.073
0.051,0.075
0.050,0.074
0.050,0.074
0.050,0.074
0.050,0.073
0.049,0.071
0.050,0.071
0.050,0.069
0.049,0.070
0.049,0.071
0.049,0.070
0.049,0.072
0.050,0.073
0.050,0.072
0.049,0.074
0.049,0.074
0.050,0.073
0.047,0.074
0.049,0.074
0.050,0.073
0.048,0.073
0.048,0.072
0.049,0.070
0.047,0.070
0.048,0.068
0.049,0.068
0.047,0.069
0.049,0.068
0.049,0.069
0.048,0.071
0.050,0.071
0.049,0.071
0.047,0.071
0.050,0.070
0.049,0.070
0.047,0.071
0.048,0.071
0.047,0.073
0.046,0.074
0.048,0.074
0.046,0.075
0.046,0.074
0.048,0.074
0.047,0.074
0.047,0.072
0.049,0.071
0.047,0.073
0.046,0.072
0.049,0.071
0.046,0.071
0.047,0.069
0.049,0.067
0.045,0.067
0.046,0.064
0.048,0.063
0.045,0.064
0.045,0.062
0.047,0.063
0.045,0.064
0.046,0.063
0.047,0.063
0.045,0.064
0.046,0.062
0.048,0.062
0.046,0.062
0.047,0.062
0.048,0.063
0.045,0.064
0.045,0.064
0.045,0.065
0.043,0.066
0.043,0.065
0.044,0.064
0.042,0.064
0.043,0.065
0.044,0.066
0.043,0.066
0.043,0.065
0.043,0.066
0.041,0.064
0.042,0.063
0.042,0.062
0.041,0.060
0.041,0.059
0.041,0.059
0.040,0.057
0.040,0.057
0.039,0.057
0.037,0.055
0.038,0.056
0.037,0.055
0.036,0.055
0.037,0.057
0.037,0.059
0.036,0.061
0.036,0.063
0.036,0.063
0.035,0.062
0.036,0.062
0.036,0.060
0.034,0.060
0.035,0.060
0.034,0.060
0.034,0.060
0.035,0.061
0.036,0.062
0.035,0.062
0.036,0.064
0.035,0.064
0.034,0.065
0.035,0.065
0.035,0.063
0.035,0.062
0.036,0.062
0.035,0.062
0.035,0.061
0.035,0.062
0.034,0.061
0.034,0.060
0.034,0.060
0.032,0.058
0.032,0.058
0.032,0.057
0.030,0.057
0.029,0.056
0.029,0.057
0.026,0.057
0.025,0.056
0.025,0.057
0.023,0.055
0.023,0.055
0.023,0.055
0.022,0.056
0.022,0.056
0.023,0.057
0.022,0.058
0.021,0.057
0.023,0.059
0.020,0.057
0.018,0.057
0.019,0.057
0.017,0.057
0.016,0.056
0.018,0.056
0.016,0.058
0.015,0.058
0.016,0.057
0.014,0.057
0.013,0.058
0.015,0.058
0.012,0.058
0.010,0.058
0.010,0.057
0.010,0.058
0.008,0.057
0.009,0.057
0.007,0.057
0.006,0.059
0.007,0.058
0.004,0.057
0.003,0.056
0.006,0.054
0.005,0.054
0.003,0.054
0.003,0.055
0.001,0.055
0.001,0.056
0.002,0.054
-0.002,0.055
-0.003,0.055
-0.003,0.054
-0.005,0.055
-0.006,0.053
-0.006,0.053
-0.007,0.052
-0.008,0.053
-0.009,0.053
-0.011,0.052
-0.012,0.051
-0.011,0.049
-0.013,0.050
-0.012,0.049
-0.013,0.050
-0.015,0.050
-0.015,0.049
-0.013,0.050
-0.015,0.050
-0.016,0.050
-0.014,0.051
-0.017,0.051
-0.016,0.050
-0.016,0.051
-0.017,0.052
-0.015,0.053
-0.016,0.053
-0.018,0.056
-0.017,0.056
-0.016,0.056
-0.018,0.057
-0.016,0.056
-0.016,0.058
-0.018,0.057
-0.016,0.057
-0.017,0.057
-0.016,0.056
-0.015,0.057
-0.016,0.057
-0.017,0.055
-0.015,0.054
-0.014,0.056
-0.014,0.054
-0.014,0.054
-0.015,0.057
-0.015,0.055
-0.014,0.058
-0.016,0.056
-0.016,0.054
-0.013,0.054
-0.014,0.053
-0.016,0.050
-0.013,0.049
-0.015,0.050
-0.013,0.049
-0.012,0.053
-0.014,0.054
-0.015,0.055
-0.012,0.057
-0.013,0.057
-0.013,0.055
-0.011,0.055
-0.014,0.055
-0.013,0.054
-0.013,0.054
-0.014,0.054
-0.011,0.054
-0.010,0.054
-0.010,0.054
-0.011,0.055
-0.010,0.058
-0.011,0.058
-0.011,0.057
-0.011,0.058
-0.012,0.058
-0.011,0.057
-0.012,0.059
-0.013,0.059
-0.014,0.057
-0.012,0.059
-0.013,0.057
-0.012,0.056
-0.012,0.055
-0.013,0.051
-0.011,0.050
-0.010,0.050
-0.012,0.050
-0.011,0.052
-0.010,0.054
-0.011,0.054
-0.011,0.053
-0.012,0.054
-0.013,0.053
-0.011,0.054
-0.013,0.054
-0.013,0.053
-0.013,0.053
-0.011,0.052
-0.013,0.052
-0.012,0.051
-0.013,0.052
-0.013,0.053
-0.013,0.054
-0.013,0.054
-0.014,0.055
-0.015,0.056
-0.014,0.055
-0.016,0.054
-0.017,0.054
-0.016,0.054
-0.017,0.053
-0.018,0.053
-0.018,0.053
-0.019,0.055
-0.020,0.055
-0.019,0.055
-0.020,0.056
-0.020,0.056
-0.018,0.054
-0.019,0.054
-0.020,0.052
-0.017,0.050
-0.019,0.049
-0.020,0.049
-0.020,0.048
-0.022,0.047
-0.023,0.047
-0.023,0.045
-0.025,0.044
-0.026,0.045
-0.026,0.045
-0.027,0.046
-0.027,0.047
-0.028,0.049
-0.029,0.049
-0.028,0.050
-0.029,0.052
-0.030,0.052
-0.029,0.053
-0.030,0.052
-0.031,0.051
-0.030,0.050
-0.030,0.049
-0.032,0.049
-0.031,0.048
-0.031,0.048
-0.032,0.046
-0.032,0.047
-0.031,0.047
-0.032,0.047
-0.032,0.047
-0.032,0.046
-0.033,0.045
-0.032,0.044
-0.032,0.044
-0.034,0.042
-0.033,0.043
-0.033,0.043
-0.035,0.044
-0.034,0.045
-0.034,0.045
-0.034,0.046
-0.034,0.047
-0.034,0.047
-0.034,0.047
-0.033,0.046
-0.033,0.045
-0.033,0.043
-0.031,0.043
-0.032,0.042
-0.032,0.041
-0.031,0.041
-0.033,0.042
-0.032,0.040
-0.032,0.042
-0.032,0.042
-0.032,0.042
-0.030,0.043
-0.031,0.043
-0.031,0.043
-0.030,0.044
-0.031,0.043
-0.031,0.041
-0.030,0.041
-0.032,0.040
-0.031,0.038
-0.031,0.040
-0.031,0.040
-0.030,0.040
-0.029,0.041
-0.030,0.043
-0.029,0.043
-0.028,0.045
-0.029,0.044
-0.028,0.044
-0.027,0.046
-0.027,0.044
-0.027,0.043
-0.027,0.043
-0.026,0.041
-0.026,0.040
-0.026,0.040
-0.026,0.039
-0.025,0.038
-0.026,0.039
-0.025,0.037
-0.025,0.036
-0.026,0.036
-0.026,0.034
-0.025,0.034
-0.027,0.035
-0.025,0.034
-0.026,0.034
-0.027,0.036
-0.025,0.034
-0.025,0.034
-0.026,0.034
-0.025,0.031
-0.025,0.033
-0.026,0.035
-0.026,0.034
-0.025,0.036
-0.026,0.036
-0.025,0.036
-0.024,0.036
-0.025,0.036
-0.023,0.035
-0.024,0.035
-0.023,0.035
-0.023,0.035
-0.024,0.035
-0.023,0.034
-0.023,0.035
-0.024,0.034
-0.023,0.033
-0.023,0.033
-0.024,0.032
-0.022,0.031
-0.021,0.030
-0.022,0.029
-0.021,0.028
-0.022,0.028
-0.022,0.028
-0.022,0.029
-0.023,0.030
-0.023,0.031
-0.022,0.031
-0.023,0.029
-0.023,0.029
-0.022,0.028
-0.024,0.028
-0.024,0.028
-0.024,0.029
-0.024,0.029
-0.024,0.029
-0.024,0.031
-0.025,0.031
-0.024,0.032
-0.024,0.033
-0.025,0.033
-0.025,0.032
-0.026,0.032
-0.026,0.030
-0.026,0.029
-0.026,0.031
-0.026,0.029
-0.026,0.029
-0.027,0.030
-0.027,0.028
-0.027,0.029
-0.028,0.028
-0.028,0.027
-0.029,0.026
-0.029,0.026
-0.029,0.025
-0.031,0.025
-0.031,0.025
-0.032,0.024
-0.034,0.026
-0.036,0.025
-0.035,0.026
-0.038,0.028
-0.039,0.027
-0.038,0.028
-0.040,0.030
-0.039,0.029
-0.040,0.029
-0.042,0.031
-0.041,0.030
-0.042,0.029
-0.045,0.030
-0.045,0.028
-0.045,0.027
-0.047,0.027
-0.046,0.024
-0.044,0.023
-0.046,0.024
-0.045,0.022
-0.045,0.023
-0.047,0.024
-0.047,0.024
-0.047,0.025
-0.050,0.027
-0.049,0.027
-0.049,0.027
-0.051,0.028
-0.050,0.028
-0.051,0.028
-0.052,0.026
-0.051,0.024
-0.051,0.024
-0.053,0.023
-0.052,0.022
-0.052,0.021
-0.054,0.021
-0.051,0.020
-0.051,0.019
-0.052,0.020
-0.050,0.019
-0.049,0.021
-0.050,0.021
-0.047,0.021
-0.048,0.021
-0.048,0.020
-0.045,0.018
-0.046,0.017
-0.046,0.017
-0.043,0.015
-0.042,0.014
-0.043,0.013
-0.040,0.012
-0.041,0.014
-0.042,0.015
-0.039,0.016
-0.041,0.018
-0.040,0.019
-0.038,0.020
-0.040,0.020
-0.038,0.019
-0.037,0.018
-0.038,0.019
-0.036,0.017
-0.033,0.017
-0.035,0.016
-0.034,0.015
-0.032,0.015
-0.033,0.016
-0.032,0.015
-0.030,0.016
-0.031,0.018
-0.029,0.018
-0.028,0.018
-0.030,0.017
-0.028,0.017
-0.026,0.018
-0.028,0.017
-0.025,0.016
-0.024,0.017
-0.026,0.016
-0.024,0.016
-0.023,0.017
-0.024,0.018
-0.023,0.020
-0.022,0.020
-0.023,0.019
-0.021,0.019
-0.020,0.018
-0.022,0.016
-0.020,0.017
-0.020,0.017
-0.020,0.017
-0.019,0.019
-0.020,0.020
-0.020,0.020
-0.019,0.023
-0.019,0.022
-0.020,0.022
-0.020,0.022
-0.019,0.019
-0.020,0.018
-0.020,0.017
-0.020,0.016
-0.021,0.017
-0.020,0.018
-0.020,0.018
-0.020,0.018
-0.020,0.018
-0.020,0.016
-0.021,0.016
-0.020,0.015
-0.021,0.015
-0.022,0.013
-0.022,0.013
-0.021,0.010
-0.023,0.009
-0.022,0.007
-0.020,0.006
-0.022,0.007
-0.021,0.008
-0.022,0.009
-0.024,0.010
-0.024,0.010
-0.024,0.010
-0.026,0.009
-0.025,0.007
-0.025,0.005
-0.026,0.006
-0.025,0.004
-0.025,0.004
-0.028,0.006
-0.026,0.006
-0.026,0.006
-0.029,0.007
-0.027,0.006
-0.028,0.006
-0.030,0.007
-0.030,0.006
-0.031,0.006
-0.034,0.007
-0.032,0.005
-0.033,0.005
-0.036,0.005
-0.034,0.004
-0.035,0.006
-0.037,0.006
-0.035,0.005
-0.036,0.006
-0.038,0.006
-0.036,0.004
-0.038,0.005
-0.040,0.005
-0.038,0.004
-0.041,0.005
-0.043,0.006
-0.040,0.006
-0.043,0.008
-0.043,0.007
-0.041,0.007
-0.043,0.007
-0.044,0.007
-0.042,0.007
-0.044,0.007
-0.044,0.006
-0.041,0.006
-0.044,0.006
-0.042,0.004
-0.039,0.004
-0.042,0.003
-0.041,0.001
-0.039,0.001
-0.041,0.002
-0.042,0.001
-0.040,0.002
-0.042,0.004
-0.042,0.007
-0.040,0.008
-0.041,0.010
-0.039,0.010
-0.038,0.010
-0.039,0.009
-0.039,0.008
-0.037,0.008
-0.039,0.004
-0.038,0.002
-0.037,0.001
-0.038,0.001
-0.036,0.001
-0.034,0.002
-0.035,0.003
-0.034,0.004
-0.033,0.005
-0.034,0.005
-0.032,0.005
-0.031,0.004
-0.031,0.002
-0.029,0.002
-0.029,0.001
-0.030,0.001
-0.028,0.001
-0.028,0.002
-0.029,-0.000
-0.028,0.000
-0.028,0.002
-0.029,0.001
-0.027,0.002
-0.027,0.002
-0.027,0.002
-0.025,0.001
-0.026,0.001
-0.026,-0.000
-0.024,-0.002
-0.024,-0.002
-0.024,-0.004
-0.021,-0.004
-0.021,-0.004
-0.021,-0.004
-0.020,-0.003
-0.019,-0.002
-0.020,-0.001
-0.017,-0.001
-0.018,-0.002
-0.018,-0.003
-0.017,-0.003
-0.018,-0.006
-0.018,-0.007
-0.016,-0.007
-0.016,-0.008
-0.016,-0.007
-0.015,-0.006
-0.015,-0.007
-0.015,-0.007
-0.014,-0.005
-0.014,-0.005
-0.014,-0.005
-0.012,-0.003
-0.013,-0.003
-0.012,-0.003
-0.010,-0.002
-0.011,-0.003
-0.010,-0.005
-0.009,-0.005
-0.010,-0.005
-0.009,-0.005
-0.007,-0.005
-0.009,-0.004
-0.007,-0.004
-0.006,-0.002
-0.007,-0.003
-0.007,-0.003
-0.006,-0.002
-0.007,-0.003
-0.008,-0.005
-0.007,-0.008
-0.008,-0.009
-0.008,-0.009
-0.006,-0.010
-0.007,-0.008
-0.007,-0.006
-0.005,-0.005
-0.006,-0.004
-0.005,-0.002
-0.004,-0.001
-0.004,-0.001
-0.004,0.001
-0.002,0.000
-0.003,0.000
-0.004,0.000
-0.003,-0.002
-0.003,-0.003
-0.003,-0.003
-0.002,-0.004
-0.003,-0.004
-0.002,-0.004
0.000,-0.005
-0.002,-0.004
-0.002,-0.004
-0.000,-0.004
-0.002,-0.003
-0.002,-0.004
-0.000,-0.005
-0.002,-0.005
-0.001,-0.005
0.001,-0.006
-0.002,-0.006
-0.001,-0.006
0.000,-0.005
-0.000,-0.004
-0.000,-0.005
0.000,-0.006
-0.001,-0.007
0.001,-0.007
0.001,-0.007
0.000,-0.008
0.002,-0.007
0.002,-0.008
0.000,-0.008
0.001,-0.008
0.002,-0.008
0.002,-0.009
0.003,-0.010
0.004,-0.009
0.004,-0.010
0.006,-0.010
0.006,-0.011
0.006,-0.011
0.008,-0.011
0.007,-0.011
0.007,-0.011
0.008,-0.010
0.008,-0.010
0.008,-0.010
0.010,-0.010
0.009,-0.009
0.008,-0.009
0.010,-0.009
0.008,-0.008
0.008,-0.009
0.010,-0.009
0.009,-0.009
0.009,-0.009
0.011,-0.008
0.011,-0.008
0.010,-0.009
0.012,-0.009
0.012,-0.010
0.011,-0.012
0.012,-0.013
0.011,-0.013
0.011,-0.014
0.013,-0.013
0.011,-0.013
0.012,-0.013
0.014,-0.011
0.013,-0.012
0.013,-0.013
0.014,-0.012
0.013,-0.011
0.014,-0.012
0.014,-0.009
0.014,-0.009
0.015,-0.009
0.017,-0.008
0.016,-0.009
0.017,-0.011
0.018,-0.010
0.016,-0.010
0.017,-0.011
0.018,-0.009
0.017,-0.009
0.018,-0.010
0.018,-0.009
0.017,-0.009
0.018,-0.009
0.019,-0.008
0.018,-0.008
0.020,-0.008
0.020,-0.006
0.019,-0.005
0.020,-0.004
0.020,-0.002
0.020,-0.003
0.020,-0.003
0.020,-0.003
0.020,-0.006
0.020,-0.006
0.019,-0.008
0.020,-0.011
0.022,-0.011
0.021,-0.012
0.022,-0.013
0.022,-0.011
0.021,-0.010
0.022,-0.011
0.022,-0.011
0.021,-0.011
0.022,-0.011
0.022,-0.012
0.023,-0.011
0.024,-0.011
0.023,-0.010
0.024,-0.010
0.025,-0.010
0.025,-0.009
0.027,-0.010
0.027,-0.010
0.026,-0.010
0.026,-0.011
0.028,-0.012
0.028,-0.012
0.028,-0.012
0.029,-0.012
0.029,-0.010
0.030,-0.009
0.031,-0.009
0.032,-0.009
0.033,-0.009
0.034,-0.009
0.033,-0.009
0.034,-0.009
0.034,-0.009
0.034,-0.009
0.036,-0.009
0.036,-0.010
0.036,-0.010
0.037,-0.011
0.036,-0.010
0.035,-0.009
0.035,-0.009
0.035,-0.008
0.032,-0.007
0.034,-0.007
0.034,-0.007
0.033,-0.008
0.035,-0.009
0.036,-0.009
0.035,-0.009
0.036,-0.009
0.036,-0.008
0.036,-0.007
0.037,-0.006
0.036,-0.006
0.035,-0.005
0.036,-0.005
0.036,-0.006
0.035,-0.006
0.036,-0.008
0.035,-0.010
0.033,-0.010
0.034,-0.009
0.035,-0.010
0.035,-0.007
0.036,-0.006
0.036,-0.006
0.036,-0.005
0.036,-0.005
0.036,-0.007
0.036,-0.007
0.036,-0.007
0.037,-0.008
0.036,-0.007
0.037,-0.007
0.037,-0.007
0.037,-0.007
0.038,-0.009
0.038,-0.010
0.038,-0.009
0.039,-0.010
0.040,-0.011
0.039,-0.009
0.041,-0.009
0.042,-0.008
0.039,-0.005
0.041,-0.006
0.042,-0.004
0.042,-0.003
0.044,-0.003
0.045,-0.003
0.044,-0.002
0.046,-0.003
0.046,-0.002
0.045,-0.001
0.047,-0.003
0.046,-0.003
0.045,-0.003
0.047,-0.003
0.045,-0.003
0.045,-0.003
0.047,-0.004
0.046,-0.004
0.045,-0.004
0.049,-0.004
0.047,-0.002
0.047,-0.002
0.049,-0.001
0.047,0.000
0.049,-0.000
0.050,0.001
0.049,0.002
0.049,0.000
0.051,0.000
0.049,0.000
0.050,-0.002
0.053,-0.002
0.049,-0.002
0.051,-0.002
0.053,-0.001
0.050,0.000
0.053,-0.001
0.054,0.000
0.052,0.001
0.054,0.001
0.054,0.002
0.053,0.002
0.054,0.001
0.054,0.001
0.053,0.000
0.055,-0.002
0.055,-0.001
0.055,-0.002
0.056,-0.001
0.056,0.000
0.055,0.001
0.057,0.003
0.058,0.004
0.058,0.004
0.059,0.005
0.059,0.005
0.058,0.004
0.060,0.004
0.060,0.003
0.058,0.001
0.060,0.000
0.060,-0.001
0.059,-0.003
0.061,-0.003
0.061,-0.003
0.060,-0.003
0.062,-0.002
0.061,-0.001
0.059,-0.002
0.062,-0.001
0.062,-0.002
0.060,-0.003
0.063,-0.003
0.064,-0.003
0.064,-0.004
0.066,-0.003
0.067,-0.003
0.067,-0.003
0.069,-0.003
0.069,-0.004
0.068,-0.004
0.070,-0.004
0.071,-0.005
0.071,-0.006
0.073,-0.007
0.072,-0.008
0.072,-0.010
0.074,-0.009
0.074,-0.010
0.075,-0.010
0.077,-0.007
0.077,-0.007
0.078,-0.007
0.080,-0.006
0.081,-0.006
0.082,-0.006
0.084,-0.003
0.082,-0.004
0.083,-0.004
0.085,-0.003
0.085,-0.004
0.086,-0.005
0.088,-0.006
0.088,-0.005
0.089,-0.006
0.091,-0.007
0.090,-0.008
0.091,-0.006
0.095,-0.005
0.094,-0.004
0.093,-0.002
0.095,-0.002
0.096,0.000
0.096,0.001
0.096,-0.001
0.096,0.001
0.096,0.001
0.098,-0.001
0.097,-0.003
0.097,-0.003
0.099,-0.004
0.099,-0.004
0.098,-0.005
0.099,-0.007
0.099,-0.005
0.099,-0.003
0.100,-0.003
0.098,-0.002
0.097,0.001
0.100,0.002
0.098,0.003
0.099,0.002
0.101,0.001
0.099,0.003
0.101,0.002
0.102,0.002
0.100,0.002
0.101,0.002
0.103,0.002
0.101,0.003
0.099,0.004
0.101,0.006
0.100,0.008
0.101,0.008
0.100,0.008
0.099,0.006
0.101,0.006
0.101,0.005
0.100,0.000
0.100,-0.001
0.100,-0.002
0.099,-0.001
0.100,-0.002
0.097,-0.001
0.096,0.001
0.099,0.002
0.097,0.003
0.096,0.000
0.096,0.000
0.096,-0.001
0.095,-0.001
0.096,-0.003
0.095,-0.002
0.095,-0.001
0.096,-0.001
0.094,0.000
0.092,-0.000
0.094,0.002
0.094,0.002
0.093,0.000
0.094,-0.000
0.093,0.001
0.093,0.001
0.095,0.001
0.094,0.003
0.093,0.003
0.094,0.004
0.094,0.004
0.094,0.003
0.095,0.003
0.094,0.002
0.095,-0.000
0.096,0.000
0.092,0.001
0.094,-0.000
0.094,0.002
0.093,0.002
0.093,-0.000
0.093,-0.000
0.091,-0.000
0.092,-0.002
0.093,-0.002
0.090,-0.001
0.092,-0.000
0.094,0.003
0.093,0.004
0.092,0.003
0.094,0.006
0.093,0.007
0.094,0.006
0.095,0.007
0.092,0.009
0.094,0.009
0.094,0.010
0.094,0.008
0.095,0.007
0.096,0.008
0.097,0.007
0.098,0.007
0.097,0.009
0.097,0.009
0.099,0.010
0.098,0.012
0.098,0.011
0.099,0.013
0.099,0.015
0.100,0.012
0.102,0.013
0.102,0.013
0.103,0.011
0.104,0.011
0.104,0.011
0.103,0.009
0.104,0.010
0.103,0.012
0.105,0.011
0.105,0.013
0.103,0.013
0.104,0.012
0.105,0.014
0.105,0.012
0.105,0.010
0.107,0.010
0.107,0.009
0.108,0.009
0.109,0.009
0.110,0.009
0.109,0.008
0.110,0.010
0.110,0.008
0.111,0.007
0.112,0.009
0.113,0.007
0.113,0.008
0.113,0.008
0.113,0.008
0.114,0.007
0.114,0.006
0.114,0.004
0.113,0.004
0.114,0.005
0.114,0.004
0.114,0.006
0.114,0.007
0.114,0.008
0.114,0.009
0.114,0.010
0.114,0.010
0.114,0.010
0.114,0.010
0.114,0.008
0.114,0.008
0.114,0.006
0.113,0.006
0.112,0.004
0.113,0.004
0.113,0.004
0.112,0.005
0.113,0.007
0.112,0.008
0.111,0.009
0.112,0.009
0.110,0.009
0.110,0.008
0.111,0.008
0.111,0.008
0.110,0.007
0.112,0.006
0.111,0.006
0.110,0.006
0.111,0.006
0.108,0.008
0.108,0.008
0.110,0.009
0.109,0.011
0.109,0.012
0.110,0.013
0.108,0.014
0.108,0.014
0.110,0.014
0.108,0.014
0.107,0.011
0.109,0.011
0.108,0.011
0.109,0.010
0.110,0.012
0.108,0.014
0.109,0.015
0.108,0.017
0.106,0.017
0.106,0.016
0.106,0.016
0.106,0.015
0.106,0.014
0.106,0.015
0.105,0.014
0.106,0.013
0.105,0.014
0.105,0.013
0.106,0.014
0.105,0.015
0.105,0.015
0.106,0.016
0.105,0.016
0.105,0.015
0.106,0.015
0.106,0.016
0.106,0.015
0.108,0.016
0.107,0.018
0.107,0.017
0.109,0.018
0.108,0.017
0.108,0.017
0.108,0.016
0.109,0.017
0.108,0.016
0.107,0.017
0.107,0.018
0.105,0.017
0.107,0.018
0.106,0.019
0.106,0.019
0.107,0.019
0.106,0.020
0.105,0.020
0.106,0.023
0.106,0.024
0.105,0.024
0.105,0.025
0.105,0.025
0.105,0.024
0.106,0.025
0.106,0.025
0.106,0.025
0.106,0.026
0.105,0.026
0.105,0.026
0.105,0.027
0.104,0.026
0.105,0.024
0.106,0.024
0.105,0.023
0.108,0.022
0.107,0.023
0.107,0.023
0.108,0.023
0.109,0.024
0.110,0.023
0.110,0.023
0.111,0.024
0.110,0.023
0.112,0.021
0.111,0.022
0.111,0.023
0.112,0.024
0.112,0.026
0.112,0.026
0.114,0.027
0.114,0.029
0.114,0.029
0.114,0.029
0.115,0.030
0.114,0.029
0.115,0.028
0.115,0.030
0.117,0.030
0.116,0.031
0.117,0.034
0.118,0.034
0.119,0.037
0.118,0.039
0.120,0.039
0.122,0.039
0.121,0.039
0.124,0.038
0.125,0.039
0.125,0.041
0.127,0.039
0.127,0.042
0.127,0.042
0.128,0.041
0.129,0.041
0.128,0.040
0.129,0.038
0.129,0.037
0.129,0.036
0.129,0.034
0.129,0.034
0.129,0.034
0.129,0.034
0.129,0.036
0.130,0.036
0.131,0.039
0.131,0.039
0.132,0.040
0.131,0.042
0.131,0.042
0.132,0.042
0.131,0.040
0.131,0.038
0.131,0.038
0.131,0.037
0.131,0.036
0.131,0.036
0.132,0.036
0.132,0.036
0.133,0.037
0.132,0.037
0.132,0.036
0.132,0.037
0.130,0.035
0.130,0.035
0.130,0.036
0.129,0.035
0.129,0.035
0.128,0.037
0.128,0.036
0.128,0.038
0.127,0.040
0.127,0.040
0.128,0.040
0.126,0.041
0.127,0.040
0.125,0.040
0.124,0.042
0.124,0.040
0.122,0.041
0.121,0.042
0.121,0.044
0.120,0.044
0.119,0.046
0.119,0.047
0.118,0.047
0.116,0.048
0.117,0.048
0.114,0.049
0.114,0.048
0.114,0.045
0.111,0.045
0.111,0.042
0.112,0.040
0.109,0.040
0.110,0.039
0.112,0.039
0.109,0.042
0.110,0.042
0.110,0.043
0.108,0.045
0.108,0.044
0.108,0.044
0.106,0.044
0.107,0.042
0.108,0.040
0.106,0.040
0.107,0.040
0.106,0.041
0.104,0.044
0.105,0.046
0.104,0.049
0.102,0.050
0.104,0.052
0.105,0.052
0.103,0.054
0.105,0.053
0.104,0.052
0.102,0.052
0.104,0.051
0.104,0.051
0.102,0.053
0.103,0.052
0.103,0.055
0.101,0.055
0.103,0.054
0.102,0.056
0.101,0.057
0.104,0.057
0.103,0.057
0.103,0.058
0.106,0.058
0.104,0.058
0.103,0.056
0.105,0.056
0.104,0.056
0.103,0.057
0.106,0.057
0.105,0.059
0.104,0.060
0.107,0.061
0.105,0.063
0.106,0.064
0.107,0.065
0.106,0.065
0.105,0.063
0.107,0.063
0.105,0.062
0.105,0.060
0.108,0.061
0.106,0.061
0.108,0.062
0.110,0.063
0.108,0.064
0.109,0.064
0.111,0.065
0.108,0.065
0.109,0.066
0.112,0.067
0.110,0.068
0.111,0.068
0.113,0.068
0.112,0.069
0.113,0.067
0.114,0.068
0.112,0.067
0.112,0.068
0.114,0.069
0.110,0.068
0.112,0.069
0.113,0.069
0.111,0.067
0.111,0.067
0.112,0.068
0.111,0.067
0.112,0.067
0.113,0.067
0.112,0.068
0.112,0.070
0.112,0.070
0.111,0.071
0.111,0.073
0.110,0.072
0.110,0.072
0.108,0.074
0.109,0.071
0.107,0.070
0.106,0.070
0.107,0.068
0.105,0.066
0.106,0.067
0.105,0.065
0.105,0.065
0.105,0.067
0.105,0.066
0.103,0.067
0.103,0.069
0.103,0.068
0.101,0.070
0.101,0.069
0.101,0.069
0.100,0.071
0.101,0.070
0.102,0.070
0.100,0.069
0.101,0.069
0.101,0.068
0.099,0.068
0.100,0.069
0.100,0.068
0.098,0.070
0.100,0.070
0.099,0.070
0.097,0.070
0.097,0.067
0.097,0.066
0.094,0.065
0.096,0.065
0.095,0.066
0.093,0.066
0.095,0.067
0.093,0.069
0.092,0.069
0.093,0.071
0.092,0.071
0.090,0.070
0.091,0.072
0.089,0.073
0.088,0.072
0.090,0.071
0.088,0.071
0.088,0.069
0.089,0.069
0.087,0.071
0.086,0.070
0.088,0.071
0.086,0.072
0.085,0.072
0.087,0.072
0.084,0.071
0.084,0.070
0.085,0.069
0.082,0.069
0.082,0.069
0.083,0.070
0.081,0.072
0.081,0.072
0.082,0.072
0.080,0.074
0.080,0.074
0.082,0.074
0.080,0.073
0.081,0.073
0.083,0.072
0.081,0.071
0.080,0.071
0.083,0.073
0.081,0.073
0.080,0.073
0.082,0.075
0.080,0.075
0.080,0.074
0.081,0.074
0.078,0.074
0.078,0.073
0.079,0.075
0.076,0.073
0.078,0.074
0.079,0.075
0.076,0.076
0.078,0.077
0.078,0.078
0.077,0.077
0.078,0.076
0.079,0.078
0.076,0.077
0.076,0.077
0.077,0.076
0.075,0.076
0.076,0.076
0.077,0.075
0.075,0.075
0.076,0.073
0.076,0.074
0.075,0.074
0.076,0.075
0.075,0.075
0.075,0.075
0.075,0.075
0.075,0.075
0.073,0.076
0.073,0.076
0.073,0.077
0.072,0.076
0.074,0.078
0.074,0.079
0.074,0.077
0.076,0.079
0.075,0.078
0.075,0.077
0.076,0.078
0.074,0.075
0.074,0.073
0.075,0.075
0.074,0.075
0.073,0.073
0.074,0.076
0.071,0.075
0.072,0.075
0.073,0.075
0.071,0.075
0.071,0.074
0.073,0.075
0.071,0.074
0.070,0.072
0.070,0.074
0.069,0.075
0.070,0.075
0.070,0.077
0.070,0.078
0.071,0.078
0.071,0.079
0.071,0.079
0.070,0.079
0.070,0.078
0.070,0.077
0.069,0.075
0.068,0.075
0.068,0.075
0.067,0.077
0.068,0.076
0.066,0.076
0.065,0.077
0.066,0.077
0.065,0.075
0.063,0.075
0.064,0.074
0.064,0.072
0.063,0.072
0.064,0.071
0.064,0.071
0.063,0.072
0.064,0.071
0.063,0.072
0.063,0.073
0.063,0.074
0.063,0.075
0.062,0.076
0.063,0.076
0.062,0.077
0.061,0.077
0.062,0.077
0.061,0.078
0.060,0.077
0.062,0.077
0.060,0.077
0.059,0.076
0.061,0.076
0.058,0.077
0.058,0.076
0.060,0.076
0.059,0.077
0.059,0.076
0.059,0.076
0.058,0.077
0.058,0.078
0.060,0.077
0.058,0.079
0.058,0.079
0.060,0.079
0.058,0.079
0.058,0.079
0.059,0.080
0.057,0.080
0.058,0.079
0.059,0.079
0.057,0.077
0.059,0.076
0.059,0.075
0.058,0.074
0.060,0.074
0.059,0.075
0.057,0.076
0.059,0.076
0.058,0.077
0.056,0.076
0.057,0.077
0.056,0.077
0.055,0.076
0.057,0.077
0.056,0.077
0.055,0.075
0.057,0.074
0.056,0.075
0.055,0.075
0.056,0.076
0.055,0.079
0.054,0.078
0.055,0.079
0.052,0.078
0.052,0.076
0.053,0.075
0.051,0.076
0.052,0.074
0.053,0.073
0.050,0.073
0.050,0.071
0.052,0.073
0.050,0.073
0.050,0.072
0.050,0.074
0.049,0.075
0.049,0.074
0.048,0.074
0.048,0.073
0.048,0.073
0.050,0.074
0.048,0.074
0.049,0.074
0.050,0.076
0.048,0.075
0.049,0.075
0.048,0.076
0.046,0.077
0.047,0.076
0.046,0.079
0.045,0.078
0.045,0.080
0.046,0.081
0.043,0.081
0.045,0.080
0.044,0.080
0.043,0.080
0.043,0.079
0.044,0.080
0.044,0.080
0.043,0.079
0.044,0.080
0.042,0.079
0.043,0.078
0.043,0.078
0.041,0.078
0.042,0.077
0.042,0.078
0.042,0.077
0.042,0.076
0.042,0.077
0.043,0.075
0.043,0.075
0.042,0.075
0.042,0.076
0.043,0.077
0.042,0.078
0.042,0.076
0.043,0.076
0.043,0.076
0.043,0.074
0.043,0.076
0.043,0.075
0.042,0.075
0.043,0.076
0.042,0.075
0.044,0.074
0.044,0.075
0.043,0.075
0.044,0.075
0.044,0.077
0.044,0.077
0.043,0.076
0.044,0.077
0.043,0.075
0.042,0.074
0.042,0.075
0.042,0.073
0.042,0.073
0.042,0.073
0.041,0.073
0.040,0.073
0.041,0.073
0.041,0.073
0.039,0.073
0.040,0.072
0.040,0.072
0.039,0.072
0.038,0.071
0.039,0.070
0.037,0.070
0.037,0.069
0.037,0.069
0.036,0.071
0.037,0.071
0.037,0.071
0.036,0.072
0.038,0.072
0.038,0.072
0.036,0.072
0.036,0.071
0.036,0.071
0.035,0.069
0.036,0.068
0.035,0.069
0.035,0.068
0.036,0.068
0.035,0.069
0.034,0.068
0.035,0.067
0.034,0.067
0.034,0.066
0.035,0.066
0.033,0.066
0.033,0.066
0.032,0.067
0.031,0.068
0.031,0.067
0.031,0.068
0.030,0.069
0.032,0.068
0.032,0.070
0.031,0.068
0.033,0.068
0.032,0.068
0.032,0.066
0.033,0.066
0.030,0.066
0.030,0.064
0.031,0.063
0.028,0.063
0.027,0.060
0.028,0.060
0.025,0.062
0.025,0.060
0.026,0.062
0.024,0.064
0.025,0.063
0.024,0.064
0.023,0.067
0.023,0.066
0.023,0.067
0.022,0.069
0.022,0.069
0.023,0.070
0.020,0.070
0.021,0.069
0.021,0.070
0.020,0.070
0.020,0.068
0.018,0.067
0.018,0.068
0.018,0.067
0.018,0.067
0.016,0.067
0.016,0.067
0.016,0.069
0.014,0.070
0.014,0.072
0.014,0.073
0.014,0.074
0.014,0.073
0.013,0.073
0.011,0.071
0.010,0.070
0.010,0.068
0.008,0.065
0.008,0.064
0.007,0.063
0.006,0.064
0.004,0.063
0.003,0.064
0.002,0.064
0.002,0.063
0.000,0.063
-0.000,0.062
-0.001,0.062
-0.003,0.061
-0.003,0.061
-0.004,0.061
-0.004,0.062
-0.007,0.062
-0.007,0.062
-0.008,0.062
-0.010,0.062
-0.009,0.062
-0.011,0.063
-0.011,0.064
-0.014,0.063
-0.015,0.064
-0.014,0.065
-0.012,0.062
-0.015,0.062
-0.014,0.060
-0.013,0.061
-0.016,0.059
-0.014,0.057
-0.016,0.058
-0.016,0.057
-0.016,0.057
-0.017,0.058
-0.018,0.060
-0.018,0.059
-0.017,0.061
-0.018,0.062
-0.019,0.062
-0.018,0.064
-0.020,0.066
-0.018,0.065
-0.019,0.063
-0.021,0.063
-0.019,0.062
-0.020,0.063
-0.021,0.062
-0.020,0.062
-0.020,0.062
-0.020,0.061
-0.019,0.061
-0.019,0.059
-0.020,0.060
-0.019,0.059
-0.019,0.057
-0.020,0.058
-0.018,0.057
-0.020,0.058
-0.019,0.059
-0.019,0.059
-0.019,0.057
-0.019,0.059
-0.018,0.060
-0.019,0.058
-0.021,0.058
-0.020,0.060
-0.019,0.061
-0.018,0.059
-0.018,0.060
-0.017,0.059
-0.017,0.059
-0.016,0.058
-0.016,0.055
-0.016,0.055
-0.013,0.053
-0.014,0.052
-0.015,0.052
-0.014,0.054
-0.014,0.052
-0.015,0.054
-0.013,0.054
-0.013,0.053
-0.016,0.056
-0.015,0.055
-0.015,0.056
-0.016,0.055
-0.016,0.054
-0.013,0.054
-0.015,0.055
-0.014,0.053
-0.013,0.053
-0.014,0.053
-0.011,0.051
-0.010,0.051
-0.012,0.053
-0.010,0.053
-0.010,0.055
-0.012,0.055
-0.010,0.053
-0.011,0.054
-0.012,0.055
-0.008,0.054
-0.010,0.054
-0.011,0.053
-0.009,0.052
-0.011,0.053
-0.009,0.052
-0.011,0.051
-0.013,0.052
-0.012,0.052
-0.009,0.050
-0.013,0.050
-0.013,0.048
-0.011,0.048
-0.013,0.049
-0.012,0.047
-0.012,0.045
-0.013,0.047
-0.013,0.046
-0.011,0.046
-0.016,0.047
-0.015,0.046
-0.013,0.047
-0.016,0.047
-0.015,0.047
-0.014,0.048
-0.016,0.049
-0.016,0.047
-0.015,0.046
-0.019,0.047
-0.017,0.046
-0.016,0.047
-0.020,0.046
-0.019,0.045
-0.019,0.047
-0.021,0.046
-0.020,0.045
-0.021,0.045
-0.024,0.045
-0.023,0.045
-0.024,0.046
-0.027,0.046
-0.025,0.046
-0.026,0.046
-0.027,0.046
-0.026,0.046
-0.028,0.047
-0.029,0.047
-0.029,0.047
-0.030,0.047
-0.031,0.045
-0.029,0.044
-0.030,0.042
-0.031,0.040
-0.029,0.040
-0.031,0.039
-0.032,0.039
-0.032,0.041
-0.033,0.041
-0.035,0.041
-0.033,0.042
-0.035,0.041
-0.036,0.042
-0.035,0.042
-0.036,0.043
-0.037,0.044
-0.035,0.045
-0.036,0.045
-0.036,0.045
-0.035,0.045
-0.036,0.045
-0.037,0.046
-0.036,0.047
-0.036,0.049
-0.036,0.049
-0.035,0.049
-0.036,0.049
-0.037,0.048
-0.036,0.049
-0.036,0.047
-0.037,0.048
-0.037,0.047
-0.036,0.047
-0.036,0.047
-0.036,0.047
-0.034,0.047
-0.034,0.048
-0.033,0.048
-0.033,0.047
-0.034,0.047
-0.031,0.045
-0.032,0.042
-0.032,0.041
-0.031,0.039
-0.031,0.037
-0.032,0.037
-0.031,0.036
-0.031,0.035
-0.032,0.036
-0.030,0.034
-0.030,0.033
-0.030,0.035
-0.029,0.034
-0.030,0.034
-0.031,0.036
-0.030,0.036
-0.030,0.036
-0.031,0.036
-0.029,0.036
-0.030,0.036
-0.029,0.038
-0.027,0.039
-0.028,0.040
-0.028,0.040
-0.025,0.040
-0.025,0.040
-0.027,0.041
-0.025,0.040
-0.026,0.040
-0.027,0.039
-0.026,0.038
-0.029,0.040
-0.029,0.039
-0.028,0.039
-0.029,0.039
-0.029,0.040
-0.027,0.041
-0.029,0.041
-0.029,0.041
-0.027,0.040
-0.030,0.040
-0.029,0.037
-0.028,0.036
-0.029,0.037
-0.028,0.036
-0.027,0.036
-0.029,0.037
-0.029,0.037
-0.026,0.036
-0.029,0.036
-0.026,0.035
-0.026,0.035
-0.028,0.036
-0.027,0.035
-0.026,0.035
-0.028,0.036
-0.026,0.036
-0.026,0.036
-0.028,0.036
-0.025,0.036
-0.024,0.037
-0.025,0.037
-0.024,0.036
-0.024,0.036
-0.024,0.036
-0.024,0.036
-0.023,0.036
-0.025,0.036
-0.024,0.036
-0.024,0.035
-0.026,0.034
-0.024,0.034
-0.024,0.034
-0.026,0.034
-0.024,0.034
-0.024,0.035
-0.026,0.034
-0.024,0.034
-0.024,0.034
-0.027,0.034
-0.025,0.033
-0.026,0.032
-0.028,0.032
-0.027,0.031
-0.028,0.032
-0.030,0.032
-0.028,0.032
-0.029,0.033
-0.031,0.034
-0.029,0.034
-0.032,0.033
-0.032,0.032
-0.031,0.029
-0.034,0.026
-0.034,0.025
-0.033,0.027
-0.035,0.028
-0.035,0.029
-0.034,0.032
-0.038,0.033
-0.038,0.032
-0.038,0.033
-0.042,0.033
-0.041,0.032
-0.041,0.032
-0.043,0.031
-0.043,0.031
-0.042,0.032
-0.045,0.030
-0.046,0.030
-0.044,0.032
-0.047,0.031
-0.046,0.030
-0.046,0.032
-0.048,0.032
-0.048,0.032
-0.047,0.032
-0.049,0.031
-0.049,0.032
-0.049,0.032
-0.050,0.032
-0.050,0.032
-0.049,0.032
-0.050,0.031
-0.051,0.030
-0.050,0.029
-0.051,0.028
-0.051,0.028
-0.051,0.027
-0.052,0.027
-0.052,0.029
-0.052,0.028
-0.053,0.029
-0.052,0.030
-0.052,0.029
-0.051,0.029
-0.051,0.029
-0.051,0.028
-0.052,0.028
-0.051,0.028
-0.049,0.028
-0.050,0.028
-0.048,0.028
-0.047,0.026
-0.048,0.026
-0.047,0.027
-0.045,0.027
-0.046,0.028
-0.046,0.028
-0.044,0.028
-0.044,0.029
-0.042,0.029
-0.041,0.029
-0.041,0.031
-0.039,0.030
-0.038,0.030
-0.039,0.030
-0.038,0.029
-0.037,0.027
-0.039,0.026
-0.037,0.024
-0.036,0.023
-0.037,0.023
-0.035,0.023
-0.034,0.023
-0.035,0.024
-0.033,0.024
-0.031,0.025
-0.033,0.027
-0.030,0.028
-0.030,0.028
-0.031,0.028
-0.028,0.028
-0.029,0.029
-0.029,0.029
-0.027,0.028
-0.028,0.028
-0.028,0.025
-0.026,0.024
-0.026,0.024
-0.027,0.024
-0.024,0.026
-0.026,0.028
-0.027,0.028
-0.023,0.029
-0.024,0.031
-0.024,0.030
-0.022,0.030
-0.024,0.030
-0.023,0.028
-0.021,0.026
-0.022,0.025
-0.022,0.025
-0.020,0.024
-0.022,0.023
-0.022,0.023
-0.021,0.024
-0.022,0.025
-0.022,0.023
-0.021,0.024
-0.022,0.023
-0.021,0.022
-0.020,0.021
-0.021,0.020
-0.020,0.019
-0.020,0.019
-0.021,0.020
-0.021,0.018
-0.020,0.018
-0.022,0.017
-0.022,0.015
-0.022,0.015
-0.023,0.013
-0.022,0.012
-0.022,0.011
-0.023,0.011
-0.023,0.010
-0.022,0.011
-0.024,0.010
-0.023,0.010
-0.022,0.011
-0.024,0.011
-0.022,0.011
-0.022,0.012
-0.024,0.011
-0.022,0.010
-0.022,0.010
-0.023,0.009
-0.022,0.010
-0.022,0.009
-0.024,0.009
-0.023,0.010
-0.024,0.011
-0.026,0.011
-0.026,0.012
-0.027,0.014
-0.029,0.012
-0.029,0.012
-0.029,0.012
-0.029,0.011
-0.030,0.010
-0.031,0.010
-0.033,0.009
-0.033,0.009
-0.034,0.008
-0.035,0.006
-0.035,0.006
-0.036,0.005
-0.037,0.003
-0.037,0.004
-0.039,0.005
-0.039,0.005
-0.039,0.008
-0.041,0.008
-0.040,0.008
-0.040,0.008
-0.041,0.008
-0.041,0.007
-0.042,0.007
-0.042,0.006
-0.042,0.006
-0.042,0.007
-0.041,0.007
-0.042,0.008
-0.041,0.009
-0.042,0.009
-0.042,0.010
-0.042,0.010
-0.042,0.010
-0.043,0.010
-0.042,0.010
-0.042,0.011
-0.042,0.012
-0.042,0.011
-0.041,0.012
-0.042,0.012
-0.041,0.012
-0.040,0.013
-0.042,0.013
-0.041,0.015
-0.040,0.014
-0.041,0.014
-0.041,0.012
-0.040,0.011
-0.039,0.011
-0.038,0.010
-0.037,0.010
-0.037,0.009
-0.035,0.009
-0.034,0.009
-0.034,0.007
-0.033,0.007
-0.033,0.008
-0.032,0.008
-0.032,0.009
-0.032,0.011
-0.031,0.010
-0.030,0.009
-0.030,0.010
-0.030,0.009
-0.028,0.009
-0.029,0.009
-0.028,0.009
-0.027,0.010
-0.027,0.010
-0.027,0.008
-0.027,0.008
-0.027,0.006
-0.027,0.003
-0.026,0.004
-0.027,0.003
-0.026,0.002
-0.026,0.004
-0.026,0.004
-0.024,0.006
-0.024,0.009
-0.024,0.010
-0.023,0.010
-0.023,0.012
-0.022,0.010
-0.022,0.010
-0.023,0.010
-0.022,0.008
-0.020,0.008
-0.021,0.009
-0.020,0.007
-0.017,0.008
-0.018,0.010
-0.017,0.007
-0.016,0.008
-0.017,0.009
-0.017,0.008
-0.015,0.007
-0.016,0.007
-0.015,0.005
-0.013,0.004
-0.014,0.004
-0.013,0.001
-0.012,0.001
-0.013,0.001
-0.011,0.000
-0.010,0.000
-0.010,0.001
-0.009,0.000
-0.010,0.001
-0.010,0.002
-0.009,0.001
-0.009,-0.001
-0.008,-0.001
-0.007,-0.003
-0.006,-0.003
-0.007,-0.004
-0.006,-0.004
-0.005,-0.003
-0.006,-0.002
-0.004,-0.002
-0.004,-0.002
-0.004,-0.001
-0.003,-0.003
-0.003,-0.003
-0.003,-0.002
-0.001,-0.002
-0.002,-0.001
-0.002,-0.001
-0.000,-0.002
-0.001,-0.001
-0.002,-0.002
-0.000,-0.005
-0.002,-0.005
-0.001,-0.006
-0.001,-0.008
-0.001,-0.008
-0.001,-0.009
0.000,-0.009
0.000,-0.009
0.001,-0.009
0.002,-0.009
0.001,-0.008
0.002,-0.009
0.002,-0.010
0.000,-0.009
0.001,-0.011
0.001,-0.010
-0.000,-0.011
0.001,-0.012
0.001,-0.011
0.000,-0.008
0.003,-0.009
0.004,-0.007
0.003,-0.006
0.006,-0.007
0.006,-0.007
0.003,-0.008
0.005,-0.008
0.005,-0.007
0.004,-0.007
0.007,-0.007
0.007,-0.006
0.005,-0.006
0.006,-0.008
0.005,-0.007
0.004,-0.009
0.005,-0.010
0.005,-0.010
0.004,-0.011
0.006,-0.010
0.006,-0.010
0.006,-0.009
0.007,-0.008
0.006,-0.007
0.006,-0.007
0.007,-0.006
0.006,-0.006
0.007,-0.005
0.008,-0.005
0.007,-0.004
0.007,-0.003
0.008,-0.003
0.008,-0.003
0.009,-0.002
0.009,-0.002
0.009,-0.002
0.009,-0.001
0.009,-0.001
0.009,-0.001
0.009,0.000
0.010,-0.000
0.010,-0.003
0.010,-0.001
0.010,-0.003
0.010,-0.004
0.010,-0.003
0.011,-0.003
0.013,-0.003
0.013,-0.003
0.014,-0.004
0.015,-0.006
0.015,-0.004
0.015,-0.006
0.015,-0.006
0.015,-0.004
0.015,-0.004
0.016,-0.003
0.016,-0.001
0.018,-0.002
0.017,-0.002
0.017,-0.002
0.019,-0.002
0.017,-0.002
0.018,-0.002
0.018,-0.003
0.017,-0.003
0.019,-0.003
0.020,-0.004
0.019,-0.004
0.020,-0.003
0.022,-0.003
0.020,-0.003
0.022,-0.004
0.022,-0.005
0.021,-0.006
0.020,-0.007
0.021,-0.008
0.020,-0.008
0.021,-0.007
0.023,-0.007
0.021,-0.005
0.022,-0.004
0.023,-0.005
0.023,-0.005
0.023,-0.005
0.023,-0.005
0.023,-0.004
0.023,-0.004
0.023,-0.004
0.021,-0.004
0.022,-0.003
0.023,-0.004
0.022,-0.005
0.023,-0.005
0.025,-0.005
0.023,-0.004
0.024,-0.004
0.026,-0.005
0.025,-0.005
0.026,-0.005
0.026,-0.006
0.026,-0.003
0.027,-0.004
0.027,-0.004
0.026,-0.003
0.028,-0.004
0.029,-0.003
0.028,-0.003
0.030,-0.004
0.031,-0.005
0.030,-0.005
0.033,-0.008
0.034,-0.009
0.033,-0.008
0.035,-0.009
0.036,-0.008
0.035,-0.006
0.038,-0.006
0.038,-0.005
0.037,-0.003
0.039,-0.004
0.038,-0.003
0.038,-0.002
0.039,-0.003
0.040,-0.002
0.038,-0.001
0.041,0.000
0.040,0.001
0.038,0.001
0.041,-0.001
0.040,-0.002
0.039,-0.003
0.043,-0.005
0.041,-0.004
0.041,-0.005
0.044,-0.004
0.041,-0.003
0.041,-0.003
0.044,-0.002
0.040,-0.001
0.040,-0.002
0.043,-0.000
0.039,0.001
0.040,-0.000
0.041,0.000
0.039,-0.000
0.040,-0.003
0.042,-0.003
0.040,-0.003
0.041,-0.004
0.043,-0.004
0.040,-0.003
0.042,-0.005
0.043,-0.005
0.040,-0.005
0.041,-0.005
0.042,-0.004
0.039,-0.004
0.040,-0.004
0.039,-0.003
0.037,-0.004
0.039,-0.005
0.040,-0.006
0.038,-0.006
0.040,-0.005
0.041,-0.003
0.039,-0.003
0.041,-0.001
0.040,-0.001
0.039,-0.002
0.041,-0.000
0.040,-0.002
0.039,-0.002
0.040,-0.003
0.040,-0.004
0.039,-0.006
0.041,-0.004
0.041,-0.006
0.040,-0.007
0.042,-0.006
0.042,-0.006
0.042,-0.006
0.043,-0.004
0.043,-0.004
0.044,-0.005
0.045,-0.004
0.045,-0.005
0.045,-0.007
0.047,-0.007
0.047,-0.010
0.046,-0.011
0.047,-0.011
0.049,-0.013
0.049,-0.013
0.050,-0.013
0.052,-0.013
0.051,-0.011
0.051,-0.011
0.052,-0.011
0.050,-0.010
0.052,-0.009
0.052,-0.010
0.051,-0.009
0.053,-0.009
0.053,-0.008
0.053,-0.008
0.054,-0.007
0.054,-0.007
0.053,-0.007
0.054,-0.008
0.054,-0.008
0.053,-0.007
0.056,-0.007
0.055,-0.006
0.055,-0.007
0.056,-0.007
0.055,-0.007
0.055,-0.007
0.056,-0.008
0.056,-0.007
0.056,-0.007
0.059,-0.006
0.057,-0.004
0.057,-0.004
0.059,-0.004
0.058,-0.003
0.058,-0.004
0.060,-0.005
0.058,-0.004
0.058,-0.004
0.061,-0.004
0.059,-0.004
0.059,-0.004
0.063,-0.004
0.062,-0.003
0.062,-0.003
0.065,-0.003
0.064,-0.003
0.064,-0.003
0.068,-0.003
0.066,-0.003
0.066,-0.002
0.069,-0.003
0.067,-0.002
0.068,-0.003
0.070,-0.003
0.069,-0.002
0.069,-0.001
0.072,-0.001
0.071,-0.001
0.073,-0.001
0.075,0.002
0.075,0.003
0.075,0.005
0.077,0.007
0.076,0.008
0.076,0.007
0.079,0.008
0.077,0.009
0.079,0.010
0.080,0.012
0.078,0.011
0.082,0.010
0.084,0.009
0.082,0.006
0.085,0.004
0.085,0.006
0.085,0.006
0.088,0.006
0.089,0.006
0.087,0.006
0.090,0.007
0.090,0.008
0.090,0.008
0.093,0.009
0.093,0.009
0.094,0.009
0.096,0.006
0.096,0.006
0.096,0.003
0.098,0.002
0.099,-0.000
0.098,-0.002
0.099,-0.002
0.099,0.000
0.099,0.000
0.099,0.000
0.100,-0.001
0.101,-0.002
0.102,-0.003
0.102,-0.003
0.101,-0.005
0.101,-0.005
0.103,-0.005
0.103,-0.005
0.103,-0.003
0.102,-0.003
0.104,-0.003
0.104,-0.001
0.103,-0.003
0.104,-0.003
0.105,-0.002
0.105,-0.003
0.104,-0.003
0.104,-0.003
0.103,-0.003
0.104,-0.004
0.105,-0.003
0.103,-0.004
0.102,-0.002
0.105,0.000
0.104,0.000
0.104,0.001
0.105,0.002
0.104,0.002
0.103,0.002
0.104,-0.000
0.105,-0.002
0.103,-0.002
0.106,-0.002
0.105,-0.002
0.103,0.000
0.103,0.002
0.102,0.004
0.101,0.006
0.102,0.006
0.101,0.008
0.100,0.008
0.101,0.006
0.100,0.006
0.098,0.004
0.101,0.004
0.100,0.004
0.099,0.004
0.099,0.004
0.098,0.005
0.098,0.005
0.100,0.006
0.097,0.006
0.096,0.005
0.099,0.005
0.097,0.006
0.098,0.003
0.097,0.003
0.097,0.006
0.097,0.004
0.096,0.005
0.094,0.006
0.095,0.003
0.098,0.004
0.095,0.004
0.096,0.003
0.097,0.004
0.097,0.004
0.098,0.002
0.098,0.003
0.096,0.002
0.097,0.002
0.096,0.003
0.094,0.001
0.096,0.002
0.095,0.003
0.094,0.002
0.097,0.002
0.094,0.002
0.095,0.001
0.096,0.001
0.095,0.002
0.096,-0.000
0.096,0.002
0.095,0.004
0.094,0.003
0.096,0.005
0.094,0.007
0.095,0.008
0.097,0.009
0.097,0.010
0.098,0.007
0.099,0.008
0.099,0.008
0.100,0.007
0.099,0.008
0.099,0.009
0.100,0.009
0.101,0.009
0.101,0.008
0.101,0.008
0.102,0.008
0.103,0.008
0.103,0.008
0.104,0.009
0.104,0.009
0.104,0.009
0.105,0.010
0.104,0.010
0.105,0.009
0.106,0.010
0.107,0.009
0.108,0.009
0.108,0.011
0.109,0.011
0.111,0.011
0.111,0.012
0.112,0.013
0.113,0.013
0.112,0.013
0.112,0.014
0.114,0.013
0.113,0.014
0.114,0.013
0.114,0.012
0.114,0.014
0.113,0.013
0.115,0.013
0.114,0.014
0.115,0.012
0.117,0.012
0.114,0.013
0.116,0.012
0.117,0.014
0.115,0.014
0.116,0.013
0.117,0.015
0.117,0.014
0.118,0.012
0.119,0.011
0.118,0.012
0.119,0.010
0.119,0.010
0.117,0.011
0.118,0.010
0.118,0.012
0.117,0.012
0.118,0.012
0.117,0.012
0.117,0.011
0.118,0.010
0.116,0.010
0.116,0.011
0.116,0.011
0.115,0.012
0.115,0.013
0.115,0.014
0.114,0.014
0.115,0.014
0.115,0.013
0.115,0.012
0.115,0.012
0.114,0.012
0.113,0.013
0.114,0.013
0.113,0.015
0.112,0.015
0.113,0.013
0.114,0.016
0.113,0.016
0.113,0.018
0.113,0.019
0.112,0.020
0.113,0.021
0.113,0.020
0.113,0.019
0.114,0.019
0.114,0.018
0.113,0.018
0.114,0.019
0.113,0.018
0.113,0.017
0.113,0.017
0.112,0.015
0.112,0.014
0.112,0.015
0.112,0.015
0.112,0.015
0.112,0.018
0.112,0.018
0.111,0.017
0.112,0.018
0.114,0.017
0.112,0.016
0.113,0.016
0.113,0.016
0.112,0.016
0.112,0.017
0.112,0.017
0.110,0.018
0.111,0.019
0.111,0.020
0.109,0.021
0.110,0.022
0.109,0.023
0.109,0.022
0.110,0.020
0.110,0.020
0.109,0.020
0.109,0.021
0.110,0.020
0.108,0.022
0.109,0.022
0.109,0.022
0.108,0.023
0.108,0.022
0.109,0.022
0.108,0.023
0.108,0.023
0.108,0.023
0.107,0.025
0.107,0.025
0.106,0.025
0.106,0.028
0.106,0.028
0.105,0.028
0.105,0.029
0.106,0.028
0.106,0.026
0.106,0.026
0.108,0.025
0.109,0.024
0.108,0.026
0.110,0.025
0.110,0.026
0.108,0.028
0.109,0.027
0.110,0.028
0.108,0.028
0.109,0.028
0.110,0.027
0.109,0.029
0.110,0.028
0.111,0.028
0.109,0.031
0.111,0.031
0.112,0.033
0.110,0.035
0.113,0.034
0.114,0.033
0.112,0.033
0.115,0.031
0.116,0.031
0.114,0.032
0.116,0.030
0.117,0.033
0.118,0.034
0.119,0.034
0.120,0.036
0.120,0.037
0.123,0.037
0.121,0.039
0.121,0.039
0.123,0.038
0.122,0.040
0.122,0.039
0.124,0.038
0.123,0.039
0.123,0.038
0.126,0.037
0.125,0.037
0.127,0.037
0.129,0.038
0.127,0.039
0.128,0.039
0.129,0.040
0.128,0.041
0.129,0.040
0.131,0.039
0.128,0.038
0.130,0.036
0.131,0.035
0.128,0.034
0.130,0.032
0.132,0.033
0.129,0.033
0.131,0.031
0.133,0.033
0.132,0.033
0.133,0.034
0.134,0.034
0.132,0.034
0.134,0.034
0.133,0.034
0.132,0.035
0.133,0.036
0.133,0.037
0.133,0.037
0.133,0.038
0.133,0.039
0.132,0.039
0.134,0.039
0.134,0.039
0.133,0.039
0.135,0.040
0.134,0.040
0.133,0.039
0.133,0.038
0.133,0.038
0.131,0.036
0.132,0.036
0.130,0.036
0.128,0.037
0.129,0.038
0.128,0.040
0.126,0.041
0.127,0.043
0.127,0.043
0.126,0.042
0.127,0.044
0.126,0.043
0.124,0.042
0.124,0.040
0.123,0.040
0.122,0.039
0.122,0.037
0.121,0.037
0.120,0.037
0.121,0.037
0.118,0.038
0.117,0.038
0.118,0.039
0.115,0.040
0.114,0.041
0.115,0.043
0.112,0.044
0.111,0.044
0.112,0.044
0.111,0.043
0.111,0.043
0.112,0.044
0.109,0.044
0.111,0.044
0.111,0.046
0.107,0.045
0.107,0.046
0.107,0.047
0.105,0.047
0.103,0.048
0.105,0.049
0.103,0.048
0.103,0.049
0.104,0.049
0.102,0.048
0.102,0.049
0.103,0.048
0.103,0.047
0.102,0.047
0.103,0.048
0.103,0.048
0.101,0.049
0.103,0.047
0.102,0.048
0.102,0.049
0.103,0.049
0.103,0.050
0.102,0.052
0.103,0.052
0.102,0.052
0.101,0.054
0.104,0.054
0.102,0.055
0.102,0.055
0.104,0.054
0.103,0.055
0.102,0.055
0.104,0.055
0.103,0.056
0.104,0.056
0.107,0.055
0.105,0.055
0.107,0.054
0.109,0.053
0.107,0.055
0.108,0.054
0.110,0.054
0.108,0.056
0.110,0.056
0.112,0.057
0.109,0.057
0.111,0.058
0.112,0.057
0.109,0.058
0.110,0.057
0.112,0.057
0.110,0.057
0.111,0.055
0.112,0.056
0.110,0.056
0.113,0.057
0.112,0.060
0.111,0.060
0.114,0.061
0.113,0.061
0.114,0.060
0.115,0.060
0.114,0.061
0.114,0.059
0.114,0.061
0.114,0.062
0.113,0.059
0.115,0.060
0.113,0.061
0.113,0.061
0.114,0.061
0.113,0.063
0.113,0.063
0.113,0.065
0.114,0.067
0.112,0.067
0.114,0.068
0.114,0.067
0.114,0.066
0.114,0.066
0.113,0.066
0.112,0.066
0.113,0.066
0.112,0.066
0.111,0.065
0.112,0.065
0.110,0.062
0.110,0.061
0.110,0.062
0.108,0.061
0.109,0.060
0.109,0.062
0.108,0.062
0.108,0.062
0.108,0.065
0.106,0.065
0.107,0.065
0.107,0.067
0.105,0.066
0.105,0.065
0.104,0.066
0.103,0.064
0.102,0.063
0.102,0.065
0.101,0.064
0.101,0.063
0.101,0.065
0.100,0.065
0.102,0.064
0.101,0.065
0.100,0.064
0.100,0.062
0.100,0.062
0.099,0.061
0.098,0.060
0.098,0.061
0.096,0.062
0.096,0.062
0.095,0.063
0.094,0.063
0.093,0.063
0.092,0.064
0.093,0.063
0.093,0.065
0.091,0.063
0.091,0.062
0.090,0.063
0.089,0.063
0.088,0.063
0.089,0.065
0.087,0.066
0.088,0.067
0.088,0.067
0.087,0.067
0.088,0.066
0.088,0.067
0.088,0.067
0.088,0.067
0.087,0.068
0.087,0.069
0.086,0.070
0.086,0.070
0.085,0.070
0.084,0.068
0.083,0.066
0.084,0.064
0.082,0.063
0.082,0.063
0.083,0.063
0.081,0.064
0.081,0.065
0.081,0.067
0.079,0.068
0.080,0.067
0.080,0.067
0.080,0.066
0.079,0.066
0.079,0.067
0.078,0.068
0.078,0.069
0.079,0.070
0.079,0.071
0.079,0.071
0.078,0.072
0.077,0.072
0.079,0.072
0.079,0.073
0.078,0.072
0.079,0.072
0.077,0.072
0.077,0.070
0.077,0.071
0.076,0.072
0.077,0.071
0.077,0.072
0.076,0.072
0.076,0.071
0.077,0.073
0.076,0.074
0.076,0.073
0.075,0.074
0.074,0.073
0.075,0.072
0.073,0.073
0.073,0.073
0.075,0.073
0.074,0.075
0.074,0.074
0.075,0.076
0.074,0.077
0.074,0.078
0.075,0.078
0.072,0.078
0.073,0.078
0.073,0.076
0.072,0.076
0.073,0.075
0.073,0.074
0.071,0.074
0.072,0.074
0.073,0.073
0.073,0.073
0.073,0.072
0.074,0.074
0.073,0.075
0.073,0.076
0.073,0.077
0.073,0.079
0.073,0.079
0.074,0.081
0.073,0.082
0.073,0.081
0.074,0.081
0.072,0.082
0.073,0.080
0.072,0.080
0.071,0.081
0.072,0.080
0.071,0.081
0.070,0.081
0.071,0.081
0.071,0.081
0.069,0.081
0.071,0.080
0.070,0.079
0.069,0.080
0.070,0.078
0.069,0.079
0.067,0.079
0.069,0.077
0.067,0.077
0.067,0.077
0.069,0.077
0.067,0.077
0.066,0.077
0.067,0.077
0.067,0.077
0.067,0.077
0.066,0.075
0.066,0.076
0.065,0.076
0.066,0.076
0.064,0.077
0.065,0.078
0.065,0.078
0.063,0.079
0.064,0.079
0.064,0.080
0.063,0.080
0.063,0.078
0.064,0.078
0.063,0.078
0.064,0.076
0.065,0.076
0.062,0.077
0.065,0.077
0.064,0.078
0.062,0.079
0.063,0.079
0.062,0.080
0.061,0.079
0.061,0.077
0.061,0.077
0.058,0.077
0.060,0.076
0.060,0.076
0.057,0.076
0.059,0.075
0.058,0.077
0.058,0.077
0.059,0.076
0.060,0.075
0.059,0.075
0.061,0.073
0.061,0.073
0.059,0.074
0.059,0.074
0.059,0.075
0.058,0.075
0.058,0.076
0.059,0.076
0.057,0.075
0.058,0.075
0.057,0.075
0.056,0.076
0.057,0.075
0.056,0.075
0.056,0.075
0.056,0.073
0.056,0.074
0.055,0.073
0.056,0.072
0.057,0.071
0.054,0.072
0.056,0.071
0.056,0.072
0.055,0.071
0.055,0.072
0.055,0.072
0.053,0.072
0.053,0.073
0.053,0.071
0.052,0.072
0.052,0.071
0.052,0.069
0.052,0.070
0.052,0.069
0.053,0.069
0.053,0.069
0.053,0.070
0.054,0.068
0.052,0.069
0.053,0.070
0.053,0.070
0.052,0.071
0.051,0.070
0.051,0.071
0.050,0.072
0.049,0.071
0.050,0.071
0.048,0.072
0.049,0.071
0.049,0.071
0.048,0.071
0.049,0.070
0.049,0.070
0.047,0.071
0.048,0.071
0.048,0.072
0.047,0.074
0.049,0.073
0.047,0.073
0.047,0.075
0.048,0.073
0.047,0.073
0.046,0.074
0.047,0.071
0.046,0.072
0.045,0.072
0.046,0.071
0.045,0.071
0.045,0.072
0.047,0.071
0.045,0.071
0.046,0.071
0.048,0.071
0.046,0.073
0.046,0.073
0.048,0.072
0.046,0.073
0.047,0.071
0.048,0.071
0.046,0.072
0.047,0.070
0.048,0.069
0.046,0.071
0.047,0.069
0.047,0.069
0.045,0.069
0.045,0.068
0.047,0.069
0.043,0.070
0.044,0.070
0.045,0.071
0.043,0.072
0.045,0.069
0.045,0.068
0.044,0.068
0.045,0.067
0.045,0.067
0.043,0.066
0.045,0.066
0.045,0.067
0.043,0.069
0.044,0.069
0.043,0.069
0.042,0.070
0.042,0.070
0.042,0.069
0.039,0.069
0.040,0.068
0.040,0.068
0.039,0.067
0.040,0.066
0.039,0.065
0.037,0.065
0.039,0.064
0.037,0.065
0.036,0.064
0.037,0.064
0.036,0.064
0.035,0.063
0.038,0.064
0.037,0.063
0.036,0.064
0.038,0.063
0.036,0.063
0.035,0.064
0.036,0.065
0.035,0.066
0.033,0.066
0.035,0.066
0.034,0.065
0.033,0.066
0.035,0.065
0.034,0.065
0.032,0.065
0.034,0.065
0.034,0.064
0.033,0.062
0.035,0.062
0.035,0.060
0.034,0.060
0.035,0.059
0.034,0.060
0.033,0.062
0.034,0.062
0.034,0.064
0.033,0.065
0.033,0.066
0.033,0.066
0.032,0.067
0.032,0.064
0.031,0.062
0.031,0.062
0.031,0.060
0.031,0.060
0.030,0.060
0.031,0.060
0.030,0.060
0.029,0.062
0.030,0.063
0.028,0.065
0.028,0.065
0.028,0.065
0.026,0.065
0.025,0.064
0.025,0.064
0.023,0.062
0.025,0.061
0.025,0.060
0.023,0.057
0.023,0.057
0.024,0.056
0.020,0.056
0.020,0.054
0.020,0.055
0.017,0.055
0.016,0.054
0.016,0.054
0.014,0.052
0.014,0.054
0.015,0.053
0.013,0.053
0.013,0.053
0.013,0.053
0.013,0.053
0.013,0.052
0.014,0.052
0.013,0.052
0.012,0.054
0.013,0.053
0.010,0.054
0.009,0.056
0.010,0.055
0.008,0.056
0.007,0.055
0.006,0.054
0.004,0.054
0.003,0.054
0.003,0.053
0.001,0.052
-0.001,0.051
0.000,0.052
-0.002,0.053
-0.002,0.052
-0.003,0.052
-0.004,0.054
-0.003,0.055
-0.003,0.056
-0.007,0.057
-0.005,0.056
-0.004,0.057
-0.008,0.058
-0.007,0.057
-0.008,0.058
-0.010,0.057
-0.008,0.056
-0.009,0.054
-0.012,0.054
-0.009,0.054
-0.009,0.054
-0.014,0.055
-0.009,0.055
-0.011,0.057
-0.012,0.056
-0.009,0.057
-0.011,0.058
-0.012,0.058
-0.009,0.058
-0.011,0.057
-0.012,0.055
-0.009,0.055
-0.014,0.056
-0.014,0.054
-0.013,0.054
-0.016,0.055
-0.016,0.052
-0.014,0.053
-0.016,0.054
-0.017,0.052
-0.015,0.054
-0.017,0.054
-0.016,0.051
-0.014,0.053
-0.017,0.053
-0.016,0.054
-0.016,0.054
-0.017,0.054
-0.017,0.052
-0.015,0.054
-0.017,0.054
-0.018,0.053
-0.019,0.054
-0.020,0.053
-0.017,0.054
-0.016,0.054
-0.017,0.054
-0.016,0.055
-0.014,0.054
-0.015,0.053
-0.014,0.051
-0.014,0.050
-0.015,0.049
-0.013,0.050
-0.014,0.050
-0.014,0.050
-0.013,0.052
-0.011,0.052
-0.011,0.051
-0.012,0.050
-0.012,0.051
-0.012,0.049
-0.012,0.050
-0.011,0.050
-0.011,0.050
-0.011,0.052
-0.010,0.054
-0.009,0.053
-0.010,0.052
-0.007,0.051
-0.008,0.049
-0.008,0.049
-0.008,0.047
-0.011,0.047
-0.011,0.048
-0.009,0.047
-0.010,0.049
-0.012,0.050
-0.010,0.052
-0.011,0.053
-0.012,0.054
-0.011,0.052
-0.011,0.052
-0.011,0.052
-0.011,0.050
-0.012,0.050
-0.012,0.049
-0.011,0.048
-0.012,0.045
-0.013,0.045
-0.013,0.045
-0.013,0.042
-0.012,0.043
-0.013,0.042
-0.014,0.043
-0.013,0.043
-0.014,0.043
-0.015,0.043
-0.015,0.043
-0.016,0.043
-0.016,0.042
-0.016,0.041
-0.017,0.039
-0.019,0.040
-0.018,0.039
-0.019,0.039
-0.020,0.038
-0.019,0.038
-0.019,0.040
-0.021,0.039
-0.020,0.039
-0.021,0.039
-0.023,0.040
-0.022,0.041
-0.023,0.042
-0.025,0.042
-0.025,0.041
-0.026,0.043
-0.027,0.043
-0.027,0.043
-0.028,0.044
-0.028,0.043
-0.026,0.042
-0.027,0.042
-0.027,0.040
-0.025,0.039
-0.026,0.037
-0.027,0.036
-0.026,0.036
-0.028,0.037
-0.028,0.036
-0.027,0.037
-0.029,0.037
-0.029,0.037
-0.028,0.038
-0.030,0.040
-0.029,0.038
-0.029,0.039
-0.029,0.040
-0.029,0.039
-0.028,0.041
-0.030,0.041
-0.030,0.040
-0.029,0.041
-0.032,0.040
-0.031,0.038
-0.031,0.039
-0.033,0.038
-0.033,0.037
-0.031,0.038
-0.032,0.037
-0.031,0.036
-0.030,0.037
-0.032,0.037
-0.031,0.037
-0.031,0.039
-0.032,0.039
-0.030,0.040
-0.032,0.042
-0.033,0.040
-0.032,0.040
-0.032,0.040
-0.032,0.037
-0.031,0.036
-0.032,0.036
-0.031,0.034
-0.030,0.034
-0.031,0.036
-0.030,0.035
-0.029,0.037
-0.030,0.038
-0.029,0.038
-0.029,0.040
-0.030,0.041
-0.029,0.040
-0.029,0.042
-0.030,0.043
-0.029,0.042
-0.027,0.043
-0.028,0.043
-0.028,0.041
-0.027,0.041
-0.027,0.039
-0.027,0.037
-0.027,0.037
-0.027,0.036
-0.026,0.037
-0.027,0.037
-0.026,0.038
-0.025,0.037
-0.025,0.038
-0.025,0.037
-0.025,0.035
-0.025,0.036
-0.024,0.034
-0.024,0.036
-0.025,0.036
-0.025,0.036
-0.025,0.037
-0.026,0.037
-0.026,0.037
-0.026,0.037
-0.027,0.037
-0.026,0.037
-0.026,0.037
-0.027,0.035
-0.027,0.034
-0.028,0.034
-0.029,0.033
-0.028,0.033
-0.029,0.032
-0.029,0.032
-0.029,0.031
-0.029,0.031
-0.029,0.030
-0.029,0.029
-0.029,0.029
-0.029,0.028
-0.029,0.027
-0.029,0.027
-0.028,0.028
-0.027,0.030
-0.027,0.029
-0.026,0.029
-0.027,0.030
-0.027,0.028
-0.027,0.028
-0.027,0.029
-0.028,0.029
-0.026,0.029
-0.027,0.029
-0.027,0.029
-0.025,0.030
-0.025,0.031
-0.025,0.031
-0.024,0.031
-0.024,0.032
-0.024,0.030
-0.024,0.031
-0.025,0.031
-0.025,0.031
-0.024,0.032
-0.026,0.031
-0.026,0.030
-0.025,0.031
-0.027,0.031
-0.026,0.030
-0.026,0.030
-0.026,0.030
-0.027,0.029
-0.027,0.029
-0.029,0.028
-0.028,0.028
-0.029,0.029
-0.030,0.029
-0.029,0.028
-0.030,0.029
-0.030,0.028
-0.029,0.028
-0.030,0.030
-0.031,0.028
-0.030,0.029
-0.032,0.029
-0.033,0.027
-0.032,0.026
-0.033,0.026
-0.035,0.025
-0.034,0.023
-0.035,0.023
-0.036,0.021
-0.035,0.021
-0.037,0.023
-0.037,0.023
-0.038,0.025
-0.039,0.027
-0.040,0.029
-0.039,0.030
-0.040,0.033
-0.041,0.031
-0.041,0.030
-0.042,0.030
-0.042,0.029
-0.042,0.029
-0.045,0.029
-0.044,0.027
-0.044,0.027
-0.047,0.027
-0.047,0.025
-0.047,0.025
-0.048,0.024
-0.047,0.023
-0.046,0.023
-0.048,0.023
-0.048,0.022
-0.048,0.022
-0.048,0.021
-0.048,0.018
-0.049,0.017
-0.049,0.015
-0.049,0.013
-0.049,0.014
-0.049,0.013
-0.050,0.013
-0.049,0.013
-0.049,0.014
-0.049,0.014
-0.049,0.015
-0.049,0.016
-0.048,0.015
-0.049,0.015
-0.049,0.014
-0.048,0.013
-0.047,0.014
-0.047,0.013
-0.046,0.012
-0.046,0.014
-0.046,0.014
-0.044,0.013
-0.046,0.015
-0.045,0.015
-0.044,0.015
-0.044,0.016
-0.043,0.016
-0.041,0.016
-0.040,0.015
-0.041,0.014
-0.040,0.012
-0.040,0.012
-0.040,0.011
-0.039,0.010
-0.039,0.011
-0.038,0.010
-0.037,0.009
-0.037,0.010
-0.034,0.009
-0.033,0.010
-0.033,0.011
-0.031,0.011
-0.031,0.011
-0.031,0.013
-0.030,0.012
-0.029,0.012
-0.030,0.012
-0.029,0.011
-0.029,0.012
-0.029,0.012
-0.029,0.012
-0.028,0.011
-0.028,0.012
-0.028,0.011
-0.028,0.012
-0.028,0.012
-0.027,0.011
-0.027,0.011
-0.026,0.010
-0.025,0.010
-0.024,0.009
-0.024,0.009
-0.024,0.008
-0.023,0.010
-0.022,0.010
-0.022,0.010
-0.020,0.011
-0.020,0.011
-0.019,0.011
-0.019,0.012
-0.019,0.013
-0.018,0.012
-0.018,0.012
-0.018,0.012
-0.019,0.010
-0.019,0.010
-0.019,0.010
-0.020,0.009
-0.019,0.009
-0.020,0.010
-0.021,0.010
-0.020,0.011
-0.020,0.011
-0.021,0.011
-0.020,0.011
-0.021,0.012
-0.022,0.012
-0.021,0.011
-0.021,0.011
-0.021,0.009
-0.020,0.008
-0.020,0.007
-0.021,0.005
-0.021,0.004
-0.022,0.003
-0.023,0.002
-0.022,0.000
-0.023,0.002
-0.023,0.002
-0.022,0.002
-0.023,0.001
-0.024,0.000
-0.023,-0.001
-0.023,-0.001
-0.025,-0.002
-0.024,-0.002
-0.024,-0.001
-0.024,0.000
-0.024,0.002
-0.024,0.006
-0.025,0.006
-0.025,0.007
-0.026,0.008
-0.028,0.006
-0.028,0.006
-0.030,0.006
-0.030,0.005
-0.030,0.006
-0.032,0.007
-0.032,0.006
-0.033,0.006
-0.034,0.006
-0.034,0.003
-0.035,0.004
-0.037,0.004
-0.037,0.004
-0.037,0.006
-0.040,0.007
-0.039,0.007
-0.040,0.008
-0.040,0.006
-0.040,0.004
-0.041,0.004
-0.041,0.003
-0.042,0.002
-0.042,0.004
-0.043,0.003
-0.041,0.003
-0.043,0.004
-0.043,0.002
-0.042,0.002
-0.045,0.002
-0.043,-0.002
-0.043,-0.003
-0.044,-0.002
-0.042,-0.004
-0.041,-0.003
-0.043,-0.002
-0.041,-0.003
-0.040,-0.002
-0.042,-0.000
-0.040,-0.002
-0.041,-0.001
-0.042,-0.001
-0.040,-0.004
-0.041,-0.002
-0.041,-0.001
-0.040,-0.000
-0.040,0.001
-0.041,0.003
-0.039,0.003
-0.038,0.003
-0.038,0.002
-0.037,0.002
-0.037,0.003
-0.036,0.002
-0.036,0.002
-0.037,0.002
-0.037,0.002
-0.037,0.002
-0.039,0.002
-0.038,0.001
-0.037,0.000
-0.038,-0.000
-0.037,-0.001
-0.035,-0.002
-0.034,-0.002
-0.033,-0.001
-0.031,-0.002
-0.030,-0.002
-0.028,-0.001
-0.027,-0.003
-0.027,-0.004
-0.027,-0.003
-0.026,-0.004
-0.026,-0.005
-0.027,-0.004
-0.026,-0.003
-0.026,-0.002
-0.027,-0.000
-0.026,-0.000
-0.026,-0.000
-0.025,0.002
-0.024,0.001
-0.024,-0.000
-0.023,-0.000
-0.022,-0.001
-0.021,-0.003
-0.021,-0.003
-0.019,-0.003
-0.019,-0.004
-0.017,-0.002
-0.017,-0.003
-0.019,-0.003
-0.018,-0.003
-0.019,-0.003
-0.019,-0.003
-0.019,-0.005
-0.017,-0.003
-0.018,-0.002
-0.016,-0.002
-0.014,-0.000
-0.014,0.000
-0.012,0.001
-0.011,-0.000
-0.012,-0.001
-0.011,-0.003
-0.010,-0.005
-0.013,-0.006
-0.012,-0.009
-0.010,-0.009
-0.013,-0.008
-0.011,-0.008
-0.010,-0.007
-0.011,-0.005
-0.009,-0.004
-0.009,-0.003
-0.010,-0.002
-0.008,-0.003
-0.006,-0.004
-0.008,-0.004
-0.006,-0.005
-0.005,-0.006
-0.007,-0.007
-0.007,-0.008
-0.006,-0.010
-0.007,-0.009
-0.006,-0.010
-0.004,-0.011
-0.006,-0.011
-0.004,-0.011
-0.003,-0.012
-0.003,-0.011
-0.001,-0.012
-0.001,-0.012
-0.002,-0.011
-0.001,-0.012
-0.001,-0.012
-0.002,-0.011
-0.001,-0.011
-0.001,-0.011
-0.003,-0.009
-0.001,-0.010
-0.001,-0.010
-0.003,-0.009
-0.000,-0.011
0.000,-0.010
-0.001,-0.009
0.002,-0.011
0.002,-0.012
0.000,-0.013
0.002,-0.015
0.001,-0.015
0.000,-0.014
0.002,-0.016
0.001,-0.015
-0.000,-0.015
0.003,-0.015
0.002,-0.013
0.000,-0.014
0.003,-0.013
0.002,-0.014
0.001,-0.014
0.004,-0.015
0.002,-0.014
0.002,-0.016
0.004,-0.016
0.002,-0.017
0.001,-0.018
0.006,-0.017
0.003,-0.017
0.003,-0.017
0.005,-0.016
0.002,-0.013
0.003,-0.014
0.005,-0.014
0.004,-0.015
0.004,-0.018
0.006,-0.018
0.004,-0.019
0.004,-0.019
0.007,-0.017
0.003,-0.015
0.006,-0.015
0.006,-0.014
0.005,-0.013
0.006,-0.014
0.006,-0.013
0.005,-0.014
0.006,-0.013
0.008,-0.014
0.007,-0.014
0.009,-0.014
0.010,-0.016
0.009,-0.017
0.011,-0.016
0.011,-0.015
0.011,-0.016
0.012,-0.013
0.013,-0.012
0.013,-0.012
0.014,-0.010
0.015,-0.011
0.014,-0.008
0.015,-0.006
0.016,-0.006
0.016,-0.007
0.017,-0.007
0.018,-0.009
0.017,-0.012
0.019,-0.012
0.020,-0.013
0.019,-0.013
0.019,-0.013
0.020,-0.013
0.018,-0.013
0.019,-0.012
0.019,-0.011
0.017,-0.010
0.019,-0.008
0.020,-0.008
0.019,-0.007
0.020,-0.007
0.020,-0.008
0.020,-0.007
0.022,-0.007
0.022,-0.008
0.020,-0.007
0.021,-0.005
0.022,-0.006
0.021,-0.005
0.023,-0.005
0.024,-0.006
0.024,-0.006
0.026,-0.006
0.026,-0.007
0.025,-0.008
0.027,-0.009
0.026,-0.010
0.024,-0.011
0.026,-0.012
0.024,-0.013
0.024,-0.013
0.027,-0.012
0.025,-0.013
0.025,-0.014
0.027,-0.012
0.027,-0.012
0.027,-0.014
0.029,-0.013
0.027,-0.014
0.027,-0.015
0.030,-0.016
0.027,-0.016
0.027,-0.017
0.030,-0.016
0.028,-0.016
0.029,-0.017
0.030,-0.016
0.029,-0.016
0.029,-0.016
0.032,-0.016
0.031,-0.015
0.032,-0.015
0.035,-0.014
0.035,-0.013
0.034,-0.012
0.036,-0.011
0.035,-0.011
0.035,-0.011
0.037,-0.011
0.036,-0.011
0.036,-0.011
0.037,-0.012
0.037,-0.010
0.037,-0.009
0.039,-0.009
0.037,-0.009
0.037,-0.009
0.039,-0.010
0.038,-0.011
0.038,-0.011
0.041,-0.013
0.041,-0.012
0.040,-0.013
0.041,-0.013
0.039,-0.011
0.040,-0.011
0.042,-0.010
0.039,-0.010
0.040,-0.008
0.042,-0.007
0.040,-0.005
0.041,-0.005
0.043,-0.005
0.040,-0.005
0.041,-0.007
0.042,-0.008
0.039,-0.009
0.040,-0.011
0.041,-0.012
0.038,-0.014
0.040,-0.015
0.041,-0.015
0.039,-0.015
0.040,-0.015
0.042,-0.014
0.040,-0.012
0.041,-0.013
0.043,-0.012
0.040,-0.012
0.043,-0.012
0.043,-0.012
0.041,-0.012
0.042,-0.012
0.042,-0.009
0.040,-0.010
0.041,-0.011
0.041,-0.010
0.039,-0.011
0.041,-0.012
0.041,-0.012
0.040,-0.012
0.042,-0.012
0.042,-0.011
0.042,-0.012
0.044,-0.010
0.044,-0.009
0.044,-0.010
0.046,-0.007
0.046,-0.006
0.045,-0.006
0.046,-0.005
0.045,-0.004
0.046,-0.007
0.047,-0.007
0.046,-0.009
0.048,-0.012
0.049,-0.011
0.048,-0.013
0.048,-0.014
0.049,-0.012
0.048,-0.011
0.049,-0.011
0.051,-0.010
0.049,-0.009
0.050,-0.010
0.051,-0.008
0.049,-0.009
0.051,-0.009
0.052,-0.007
0.051,-0.008
0.052,-0.007
0.052,-0.007
0.053,-0.007
0.052,-0.006
0.053,-0.004
0.053,-0.005
0.052,-0.005
0.053,-0.006
0.052,-0.008
0.052,-0.008
0.054,-0.009
0.053,-0.010
0.053,-0.009
0.054,-0.009
0.055,-0.009
0.054,-0.009
0.055,-0.010
0.056,-0.010
0.056,-0.010
0.057,-0.011
0.056,-0.011
0.057,-0.010
0.059,-0.010
0.059,-0.008
0.058,-0.007
0.060,-0.007
0.060,-0.007
0.060,-0.008
0.062,-0.009
0.062,-0.009
0.063,-0.010
0.064,-0.011
0.064,-0.010
0.064,-0.011
0.066,-0.011
0.064,-0.011
0.063,-0.012
0.067,-0.012
0.066,-0.011
0.067,-0.012
0.071,-0.011
0.071,-0.009
0.072,-0.009
0.074,-0.008
0.071,-0.010
0.072,-0.010
0.075,-0.011
0.073,-0.011
0.073,-0.012
0.075,-0.011
0.075,-0.009
0.076,-0.010
0.076,-0.009
0.076,-0.008
0.078,-0.007
0.078,-0.007
0.079,-0.008
0.082,-0.008
0.082,-0.008
0.083,-0.008
0.085,-0.007
0.083,-0.005
0.084,-0.005
0.086,-0.006
0.086,-0.005
0.088,-0.007
0.088,-0.005
0.088,-0.005
0.089,-0.006
0.091,-0.006
0.090,-0.005
0.091,-0.005
0.093,-0.005
0.092,-0.004
0.093,-0.004
0.094,-0.005
0.095,-0.008
0.095,-0.008
0.096,-0.006
0.095,-0.006
0.095,-0.005
0.097,-0.004
0.098,-0.005
0.099,-0.006
0.100,-0.005
0.101,-0.004
0.101,-0.003
0.102,-0.004
0.102,-0.003
0.104,-0.002
0.105,-0.000
0.104,0.000
0.105,0.001
0.106,0.002
0.106,0.001
0.106,0.000
0.106,0.001
0.106,0.001
0.105,-0.000
0.105,-0.000
0.105,-0.001
0.107,-0.002
0.107,-0.002
0.107,-0.004
0.105,-0.007
0.105,-0.006
0.104,-0.008
0.105,-0.009
0.106,-0.008
0.103,-0.010
0.105,-0.008
0.103,-0.009
0.102,-0.010
0.102,-0.010
0.102,-0.008
0.102,-0.010
0.100,-0.009
0.099,-0.009
0.098,-0.010
0.101,-0.012
0.100,-0.009
0.101,-0.011
0.100,-0.011
0.097,-0.009
0.099,-0.010
0.098,-0.010
0.097,-0.009
0.098,-0.010
0.097,-0.009
0.095,-0.007
0.094,-0.011
0.094,-0.009
0.094,-0.008
0.095,-0.009
0.095,-0.008
0.094,-0.005
0.095,-0.006
0.095,-0.005
0.094,-0.005
0.094,-0.006
0.093,-0.003
0.091,-0.003
0.093,-0.003
0.093,-0.003
0.094,-0.002
0.095,-0.002
0.096,-0.002
0.095,-0.002
0.095,-0.000
0.095,-0.000
0.095,-0.001
0.095,-0.001
0.094,-0.001
0.095,0.000
0.093,-0.001
0.093,-0.001
0.095,0.000
0.095,0.001
0.096,0.003
0.095,0.006
0.096,0.009
0.094,0.010
0.096,0.010
0.096,0.011
0.097,0.009
0.097,0.008
0.096,0.006
0.097,0.005
0.097,0.003
0.097,0.003
0.099,0.005
0.098,0.007
0.098,0.008
0.098,0.007
0.099,0.008
0.099,0.007
0.099,0.007
0.100,0.007
0.100,0.007
0.101,0.008
0.103,0.008
0.103,0.006
0.103,0.006
0.105,0.006
0.105,0.004
0.104,0.003
0.106,0.002
0.106,0.000
0.106,0.000
0.107,-0.002
0.106,-0.003
0.105,-0.003
0.106,-0.003
0.107,-0.003
0.105,0.000
0.106,0.001
0.108,0.001
0.106,0.002
0.108,0.002
0.109,0.003
0.108,0.003
0.109,0.002
0.110,0.001
0.109,0.003
0.110,0.001
0.112,0.001
0.110,0.004
0.112,0.002
0.113,0.003
0.112,0.004
0.113,0.004
0.114,0.005
0.113,0.005
0.115,0.005
0.116,0.004
0.115,0.006
0.116,0.006
0.117,0.006
0.116,0.007
0.118,0.006
0.118,0.007
0.117,0.008
0.119,0.009
0.118,0.010
0.116,0.011
0.119,0.011
0.116,0.011
0.115,0.012
0.117,0.010
0.117,0.011
0.115,0.012
0.117,0.011
0.116,0.012
0.115,0.012
0.117,0.010
0.116,0.010
0.115,0.009
0.117,0.008
0.116,0.009
0.115,0.008
0.116,0.008
0.114,0.010
0.113,0.009
0.114,0.010
0.113,0.011
0.113,0.012
0.115,0.013
0.112,0.014
0.113,0.014
0.114,0.015
0.113,0.015
0.113,0.014
0.114,0.013
0.112,0.012
0.112,0.010
0.113,0.011
0.110,0.011
0.112,0.010
0.112,0.010
0.110,0.011
0.112,0.010
0.113,0.011
0.110,0.009
0.112,0.010
0.113,0.010
0.111,0.009
0.113,0.009
0.113,0.009
0.111,0.010
0.112,0.010
0.112,0.012
0.110,0.012
0.111,0.013
0.112,0.014
0.109,0.013
0.111,0.014
0.111,0.014
0.110,0.013
0.110,0.014
0.109,0.015
0.109,0.015
0.109,0.017
0.110,0.016
0.109,0.017
0.111,0.018
0.111,0.017
0.111,0.017
0.112,0.017
0.111,0.016
0.111,0.017
0.111,0.018
0.111,0.019
0.110,0.020
0.110,0.021
0.110,0.022
0.109,0.023
0.109,0.024
0.108,0.023
0.108,0.025
0.108,0.025
0.108,0.024
0.107,0.025
0.108,0.026
0.108,0.024
0.106,0.025
0.107,0.024
0.106,0.023
0.105,0.023
0.107,0.021
0.106,0.020
0.106,0.020
0.107,0.020
0.107,0.019
0.106,0.020
0.107,0.019
0.107,0.020
0.106,0.022
0.107,0.022
0.107,0.024
0.107,0.026
0.109,0.027
0.109,0.028
0.108,0.028
0.111,0.028
0.109,0.028
0.109,0.026
0.111,0.025
0.109,0.024
0.109,0.023
0.111,0.021
0.110,0.021
0.111,0.021
0.114,0.022
0.112,0.023
0.113,0.025
0.116,0.025
0.114,0.026
0.114,0.026
0.116,0.025
0.115,0.025
0.116,0.026
0.118,0.027
0.117,0.028
0.118,0.030
0.121,0.030
0.120,0.031
0.121,0.032
0.123,0.032
0.122,0.033
0.122,0.033
0.125,0.032
0.124,0.033
0.123,0.032
0.127,0.033
0.125,0.033
0.127,0.034
0.128,0.035
0.127,0.036
0.129,0.037
0.129,0.038
0.128,0.038
0.129,0.039
0.132,0.039
0.130,0.039
0.133,0.038
0.133,0.039
0.132,0.038
0.134,0.036
0.135,0.035
0.133,0.035
0.135,0.034
0.136,0.035
0.134,0.033
0.136,0.033
0.137,0.032
0.135,0.032
0.138,0.031
0.137,0.031
0.135,0.032
0.137,0.031
0.135,0.033
0.134,0.033
0.136,0.033
0.135,0.035
0.133,0.035
0.136,0.036
0.134,0.037
0.134,0.036
0.135,0.037
0.133,0.039
0.133,0.038
0.133,0.039
0.131,0.041
0.130,0.039
0.133,0.040
0.130,0.040
0.130,0.037
0.130,0.037
0.127,0.038
0.128,0.036
0.129,0.037
0.127,0.038
0.127,0.037
0.128,0.039
0.125,0.039
0.126,0.038
0.126,0.038
0.123,0.038
0.123,0.038
0.124,0.041
0.122,0.043
0.122,0.044
0.123,0.046
0.119,0.046
0.120,0.046
0.120,0.045
0.117,0.044
0.117,0.043
0.117,0.043
0.116,0.042
0.114,0.043
0.115,0.044
0.113,0.044
0.113,0.044
0.114,0.045
0.113,0.044
0.113,0.045
0.113,0.043
0.113,0.042
0.112,0.042
0.113,0.042
0.111,0.042
0.110,0.043
0.111,0.043
0.110,0.043
0.109,0.044
0.109,0.044
0.108,0.045
0.107,0.046
0.108,0.045
0.108,0.045
0.108,0.046
0.109,0.047
0.108,0.046
0.108,0.047
0.109,0.046
0.108,0.046
0.108,0.047
0.108,0.046
0.108,0.047
0.108,0.048
0.109,0.048
0.107,0.048
0.107,0.049
0.109,0.049
0.107,0.049
0.108,0.048
0.109,0.048
0.108,0.049
0.109,0.047
0.110,0.047
0.108,0.046
0.109,0.047
0.111,0.047
0.108,0.048
0.111,0.049
0.112,0.050
0.111,0.051
0.112,0.050
0.113,0.051
0.111,0.051
0.112,0.051
0.112,0.053
0.110,0.053
0.112,0.054
0.112,0.055
0.112,0.055
0.113,0.055
0.114,0.055
0.114,0.055
0.116,0.055
0.116,0.055
0.115,0.056
0.117,0.056
0.115,0.056
0.114,0.057
0.117,0.056
0.115,0.056
0.114,0.055
0.116,0.054
0.114,0.056
0.114,0.055
0.116,0.056
0.114,0.055
0.114,0.055
0.115,0.054
0.113,0.055
0.112,0.056
0.115,0.055
0.112,0.056
0.112,0.054
0.114,0.055
0.112,0.055
0.111,0.053
0.113,0.053
0.111,0.053
0.111,0.052
0.112,0.052
0.110,0.053
0.109,0.052
0.111,0.054
0.108,0.055
0.108,0.056
0.108,0.058
0.106,0.059
0.106,0.059
0.107,0.059
0.106,0.059
0.107,0.058
0.108,0.058
0.106,0.057
0.107,0.056
0.108,0.057
0.105,0.056
0.104,0.054
0.104,0.054
0.102,0.053
0.102,0.054
0.102,0.055
0.101,0.058
0.101,0.058
0.101,0.059
0.099,0.059
0.101,0.060
0.101,0.059
0.099,0.058
0.100,0.057
0.100,0.056
0.098,0.054
0.099,0.054
0.098,0.055
0.097,0.056
0.096,0.056
0.097,0.057
0.095,0.058
0.095,0.058
0.095,0.058
0.093,0.058
0.093,0.058
0.094,0.059
0.092,0.058
0.092,0.058
0.093,0.060
0.092,0.059
0.091,0.061
0.091,0.062
0.089,0.062
0.089,0.062
0.089,0.062
0.088,0.062
0.088,0.062
0.088,0.063
0.087,0.062
0.087,0.063
0.087,0.063
0.086,0.064
0.087,0.066
0.085,0.066
0.085,0.068
0.086,0.069
0.084,0.068
0.085,0.065
0.085,0.065
0.085,0.062
0.083,0.061
0.084,0.062
0.083,0.061
0.083,0.062
0.082,0.062
0.083,0.062
0.082,0.062
0.082,0.061
0.082,0.061
0.082,0.060
0.082,0.062
0.082,0.062
0.081,0.063
0.082,0.063
0.080,0.063
0.079,0.065
0.080,0.066
0.080,0.067
0.079,0.067
0.079,0.066
0.079,0.065
0.077,0.065
0.078,0.062
0.076,0.061
0.076,0.060
0.078,0.059
0.077,0.061
0.076,0.061
0.077,0.062
0.078,0.063
0.076,0.064
0.078,0.064
0.077,0.065
0.077,0.066
0.079,0.066
0.077,0.067
0.076,0.067
0.077,0.067
0.075,0.067
0.074,0.064
0.076,0.064
0.075,0.063
0.075,0.062
0.076,0.062
0.075,0.063
0.076,0.062
0.076,0.063
0.075,0.063
0.075,0.063
0.076,0.065
0.074,0.065
0.075,0.064
0.076,0.067
0.074,0.068
0.074,0.067
0.075,0.070
0.074,0.070
0.075,0.068
0.075,0.070
0.075,0.070
0.076,0.069
0.076,0.070
0.074,0.069
0.076,0.068
0.075,0.069
0.075,0.069
0.075,0.069
0.075,0.072
0.075,0.072
0.075,0.072
0.075,0.073
0.074,0.071
0.075,0.071
0.072,0.071
0.072,0.068
0.071,0.069
0.069,0.069
0.070,0.067
0.070,0.069
0.070,0.071
0.071,0.071
0.072,0.073
0.070,0.074
0.071,0.072
0.071,0.073
0.069,0.073
0.069,0.072
0.068,0.073
0.066,0.073
0.066,0.071
0.065,0.073
0.066,0.073
0.065,0.072
0.064,0.073
0.065,0.073
0.065,0.072
0.064,0.072
0.065,0.072
0.066,0.072
0.064,0.073
0.064,0.071
0.063,0.071
0.063,0.070
0.062,0.068
0.062,0.067
0.061,0.066
0.061,0.066
0.062,0.066
0.061,0.067
0.061,0.067
0.062,0.069
0.062,0.070
0.061,0.069
0.061,0.070
0.060,0.070
0.061,0.070
0.060,0.070
0.060,0.070
0.060,0.070
0.060,0.070
0.060,0.070
0.060,0.070
0.060,0.071
0.059,0.071
0.059,0.070
0.058,0.070
0.057,0.070
0.058,0.069
0.057,0.068
0.057,0.069
0.058,0.068
0.058,0.068
0.056,0.069
0.057,0.068
0.057,0.070
0.055,0.071
0.057,0.071
0.057,0.073
0.054,0.074
0.054,0.073
0.054,0.071
0.053,0.071
0.053,0.070
0.053,0.070
0.051,0.070
0.053,0.070
0.053,0.069
0.052,0.069
0.052,0.069
0.053,0.069
0.052,0.069
0.051,0.069
0.052,0.070
0.051,0.071
0.051,0.072
0.050,0.071
0.049,0.072
0.049,0.071
0.049,0.071
0.047,0.072
0.047,0.071
0.047,0.071
0.048,0.073
0.048,0.073
0.048,0.073
0.049,0.075
0.049,0.075
0.048,0.074
0.049,0.076
0.049,0.076
0.049,0.074
0.048,0.075
0.048,0.074
0.048,0.073
0.047,0.072
0.046,0.071
0.046,0.071
0.044,0.072
0.045,0.069
0.043,0.068
0.042,0.068
0.043,0.066
0.043,0.065
0.042,0.066
0.043,0.066
0.043,0.067
0.041,0.069
0.042,0.068
0.042,0.069
0.041,0.071
0.043,0.068
0.043,0.068
0.043,0.068
0.044,0.067
0.044,0.069
0.043,0.070
0.044,0.069
0.044,0.070
0.044,0.070
0.044,0.068
0.043,0.069
0.042,0.071
0.043,0.068
0.042,0.068
0.042,0.069
0.045,0.069
0.044,0.069
0.045,0.070
0.046,0.068
0.044,0.068
0.045,0.067
0.046,0.066
0.044,0.068
0.045,0.068
0.046,0.069
0.044,0.069
0.045,0.069
0.046,0.070
0.044,0.069
0.045,0.066
0.045,0.067
0.042,0.067
0.044,0.066
0.044,0.067
0.042,0.067
0.044,0.068
0.044,0.069
0.043,0.069
0.044,0.069
0.043,0.068
0.043,0.069
0.043,0.067
0.043,0.068
0.042,0.069
0.043,0.069
0.043,0.068
0.041,0.068
0.043,0.068
0.042,0.067
0.041,0.066
0.043,0.066
0.042,0.067
0.041,0.068
0.041,0.069
0.041,0.069
0.039,0.070
0.041,0.069
0.039,0.069
0.038,0.069
0.039,0.070
0.037,0.072
0.036,0.072
0.036,0.072
0.036,0.071
0.036,0.068
0.036,0.067
0.036,0.064
0.036,0.063
0.037,0.062
0.036,0.061
0.036,0.061
0.037,0.062
0.036,0.062
0.035,0.061
0.035,0.062
0.034,0.061
0.034,0.060
0.034,0.060
0.033,0.059
0.033,0.060
0.034,0.062
0.033,0.063
0.032,0.064
0.033,0.066
0.032,0.064
0.031,0.064
0.030,0.062
0.030,0.061
0.029,0.061
0.029,0.058
0.029,0.058
0.028,0.060
0.027,0.059
0.027,0.060
0.026,0.061
0.027,0.060
0.026,0.059
0.026,0.061
0.026,0.059
0.026,0.058
0.025,0.059
0.024,0.058
0.023,0.058
0.022,0.058
0.022,0.056
0.021,0.055
0.022,0.056
0.022,0.054
0.021,0.054
0.021,0.055
0.021,0.057
0.020,0.058
0.019,0.059
0.020,0.061
0.019,0.061
0.019,0.061
0.019,0.061
0.016,0.062
0.017,0.062
0.017,0.060
0.015,0.058
0.014,0.056
0.015,0.055
0.013,0.056
0.012,0.055
0.011,0.054
0.009,0.054
0.010,0.055
0.008,0.054
0.006,0.054
0.005,0.055
0.006,0.055
0.003,0.055
0.002,0.055
0.001,0.055
-0.001,0.056
-0.001,0.055
-0.002,0.053
-0.003,0.056
-0.002,0.058
-0.003,0.058
-0.005,0.058
-0.005,0.058
-0.006,0.059
-0.008,0.060
-0.006,0.059
-0.006,0.058
-0.009,0.059
-0.008,0.058
-0.008,0.058
-0.011,0.059
-0.010,0.058
-0.010,0.059
-0.013,0.059
-0.013,0.057
-0.014,0.055
-0.015,0.055
-0.013,0.052
-0.013,0.052
-0.017,0.052
-0.015,0.051
-0.015,0.052
-0.016,0.051
-0.015,0.050
-0.017,0.050
-0.018,0.052
-0.015,0.051
-0.016,0.051
-0.018,0.049
-0.016,0.048
-0.017,0.049
-0.018,0.047
-0.016,0.048
-0.019,0.051
-0.018,0.051
-0.015,0.052
-0.019,0.051
-0.017,0.053
-0.014,0.053
-0.017,0.054
-0.017,0.051
-0.014,0.052
-0.017,0.053
-0.016,0.051
-0.014,0.052
-0.018,0.051
-0.017,0.052
-0.014,0.054
-0.017,0.054
-0.016,0.053
-0.014,0.055
-0.016,0.055
-0.014,0.054
-0.012,0.053
-0.015,0.052
-0.013,0.053
-0.011,0.051
-0.014,0.049
-0.013,0.048
-0.011,0.049
-0.012,0.049
-0.011,0.050
-0.013,0.052
-0.013,0.053
-0.012,0.055
-0.011,0.056
-0.012,0.054
-0.012,0.054
-0.011,0.055
-0.011,0.054
-0.012,0.054
-0.013,0.053
-0.012,0.052
-0.012,0.053
-0.011,0.052
-0.014,0.049
-0.013,0.050
-0.011,0.049
-0.012,0.048
-0.012,0.047
-0.012,0.047
-0.011,0.047
-0.011,0.048
-0.010,0.046
-0.011,0.047
-0.009,0.048
-0.008,0.046
-0.008,0.047
-0.008,0.047
-0.008,0.046
-0.009,0.045
-0.008,0.045
-0.007,0.044
-0.011,0.043
-0.010,0.045
-0.010,0.043
-0.012,0.043
-0.012,0.043
-0.011,0.044
-0.010,0.044
-0.011,0.043
-0.010,0.042
-0.012,0.043
-0.011,0.044
-0.010,0.045
-0.014,0.046
-0.012,0.046
-0.012,0.045
-0.013,0.044
-0.012,0.043
-0.012,0.042
-0.012,0.044
-0.012,0.045
-0.012,0.045
-0.015,0.044
-0.014,0.044
-0.014,0.045
-0.016,0.044
-0.016,0.043
-0.018,0.043
-0.018,0.042
-0.018,0.043
-0.020,0.043
-0.020,0.042
-0.019,0.043
-0.022,0.043
-0.023,0.042
-0.019,0.043
-0.022,0.043
-0.022,0.042
-0.020,0.042
-0.022,0.042
-0.024,0.040
-0.022,0.040
-0.024,0.041
-0.025,0.041
-0.024,0.042
-0.027,0.043
-0.028,0.041
-0.027,0.041
-0.029,0.040
-0.031,0.038
-0.029,0.038
-0.032,0.037
-0.032,0.037
-0.031,0.037
-0.032,0.037
-0.032,0.038
-0.031,0.038
-0.033,0.038
-0.033,0.036
-0.031,0.036
-0.033,0.037
-0.033,0.036
-0.031,0.038
-0.032,0.040
-0.031,0.040
-0.031,0.040
-0.032,0.040
-0.031,0.038
-0.031,0.036
-0.032,0.035
-0.031,0.033
-0.029,0.034
-0.031,0.033
-0.030,0.033
-0.029,0.035
-0.030,0.036
-0.029,0.037
-0.028,0.038
-0.029,0.039
-0.028,0.038
-0.027,0.038
-0.028,0.037
-0.028,0.036
-0.027,0.036
-0.028,0.036
-0.026,0.036
-0.027,0.037
-0.028,0.036
-0.026,0.038
-0.027,0.039
-0.027,0.037
-0.026,0.039
-0.026,0.038
-0.027,0.036
-0.026,0.036
-0.027,0.036
-0.028,0.035
-0.027,0.036
-0.028,0.036
-0.028,0.035
-0.027,0.036
-0.027,0.037
-0.027,0.036
-0.026,0.038
-0.026,0.038
-0.025,0.037
-0.025,0.038
-0.026,0.037
-0.026,0.036
-0.026,0.037
-0.027,0.037
-0.027,0.034
-0.028,0.035
-0.028,0.034
-0.028,0.032
-0.028,0.033
-0.028,0.033
-0.027,0.033
-0.027,0.033
-0.027,0.033
-0.028,0.033
-0.028,0.034
-0.028,0.033
-0.028,0.034
-0.028,0.036
-0.028,0.036
-0.029,0.037
-0.028,0.037
-0.027,0.038
-0.027,0.039
-0.026,0.040
-0.025,0.041
-0.025,0.041
-0.024,0.042
-0.022,0.041
-0.022,0.041
-0.021,0.039
-0.020,0.036
-0.021,0.035
-0.021,0.032
-0.021,0.032
-0.023,0.033
-0.022,0.034
-0.022,0.035
-0.024,0.037
-0.022,0.038
-0.022,0.037
-0.022,0.037
-0.021,0.037
-0.019,0.037
-0.020,0.037
-0.019,0.036
-0.019,0.037
-0.019,0.036
-0.018,0.035
-0.020,0.036
-0.020,0.037
-0.020,0.037
-0.022,0.038
-0.023,0.036
-0.022,0.036
-0.023,0.035
-0.024,0.033
-0.022,0.033
-0.024,0.033
-0.024,0.031
-0.023,0.031
-0.025,0.032
-0.023,0.029
-0.023,0.030
-0.024,0.029
-0.024,0.028
-0.024,0.030
-0.026,0.031
-0.026,0.029
-0.028,0.030
-0.030,0.030
-0.029,0.029
-0.031,0.030
-0.033,0.029
-0.032,0.028
-0.033,0.028
-0.034,0.025
-0.033,0.024
-0.034,0.025
-0.035,0.023
-0.034,0.021
-0.037,0.022
-0.037,0.020
-0.035,0.019
-0.039,0.020
-0.039,0.017
-0.039,0.017
-0.041,0.018
-0.042,0.017
-0.041,0.018
-0.043,0.019
-0.044,0.018
-0.044,0.019
-0.045,0.021
-0.044,0.020
-0.044,0.020
-0.045,0.021
-0.044,0.020
-0.044,0.020
-0.045,0.021
-0.046,0.022
-0.046,0.023
-0.047,0.024
-0.047,0.025
-0.048,0.026
-0.049,0.027
-0.049,0.025
-0.049,0.026
-0.048,0.024
-0.048,0.022
-0.048,0.021
-0.049,0.019
-0.049,0.018
-0.049,0.018
-0.048,0.018
-0.048,0.019
-0.048,0.020
-0.048,0.021
-0.048,0.022
-0.048,0.022
-0.048,0.019
-0.047,0.019
-0.047,0.018
-0.045,0.016
-0.044,0.016
-0.044,0.017
-0.042,0.017
-0.042,0.018
-0.042,0.020
-0.041,0.021
-0.040,0.022
-0.040,0.023
-0.039,0.022
-0.037,0.022
-0.038,0.022
-0.036,0.021
-0.036,0.021
-0.034,0.021
-0.033,0.020
-0.032,0.021
-0.031,0.021
-0.030,0.023
-0.030,0.023
-0.030,0.022
-0.029,0.022
-0.029,0.021
-0.028,0.022
-0.027,0.022
-0.028,0.022
-0.026,0.022
-0.025,0.022
-0.025,0.021
-0.024,0.021
-0.023,0.021
-0.022,0.020
-0.022,0.020
-0.021,0.020
-0.021,0.020
-0.021,0.019
-0.021,0.019
-0.021,0.018
-0.020,0.019
-0.019,0.020
-0.019,0.020
-0.020,0.020
-0.018,0.020
-0.018,0.018
-0.019,0.017
-0.019,0.015
-0.019,0.013
-0.019,0.012
-0.019,0.012
-0.018,0.012
-0.019,0.013
-0.019,0.013
-0.019,0.012
-0.018,0.013
-0.018,0.012
-0.017,0.013
-0.019,0.013
-0.018,0.011
-0.017,0.011
-0.017,0.010
-0.017,0.009
-0.018,0.009
-0.017,0.010
-0.018,0.009
-0.017,0.009
-0.018,0.009
-0.018,0.009
-0.017,0.008
-0.018,0.008
-0.018,0.006
-0.018,0.004
-0.017,0.004
-0.018,0.003
-0.018,0.003
-0.019,0.005
-0.019,0.005
-0.019,0.005
-0.020,0.006
-0.020,0.007
-0.020,0.006
-0.020,0.007
-0.021,0.006
-0.021,0.004
-0.021,0.005
-0.021,0.003
-0.020,0.003
-0.022,0.004
-0.022,0.004
-0.022,0.004
-0.024,0.007
-0.023,0.006
-0.024,0.007
-0.025,0.009
-0.026,0.008
-0.026,0.009
-0.028,0.009
-0.028,0.007
-0.027,0.007
-0.029,0.007
-0.029,0.005
-0.029,0.006
-0.030,0.007
-0.030,0.006
-0.030,0.007
-0.031,0.006
-0.031,0.003
-0.032,0.002
